3.874334537224082325e-10 1.218157636168484195e-09 2.903398748870571870e-09 5.245739235709898113e-09 7.184615490573717088e-09 7.459284677209861141e-09 5.870669788062308787e-09 3.502474188472606507e-09 1.584014137147382488e-09 5.430502057625034479e-10 1.411294767302426084e-10 2.780304095353469743e-11 4.152060633123444677e-12 4.700368356805885520e-13 4.033638004982708336e-14 2.623969399745770668e-15 1.293949810372811017e-16 4.836964677383773278e-18 1.370645737868101645e-19 2.944247692841863259e-21
7.578673236527552666e-09 2.382865647352280143e-08 5.679403825772511782e-08 1.026130892144426420e-07 1.405398852628896118e-07 1.459127512187280882e-07 1.148374968031455469e-07 6.851268815011637288e-08 3.098525806726387106e-08 1.062272764770552698e-08 2.760665548894406905e-09 5.438615595637325813e-10 8.121939521319223012e-11 9.194496635561328688e-12 7.890290345475853675e-13 5.132805768902113888e-14 2.531124430031404936e-15 9.461695781382442614e-17 2.681151064921761131e-18 5.759309367083182040e-20
1.123792336252200602e-07 3.533397033014303269e-07 8.421619846495652306e-07 1.521582995590272494e-06 2.083974873530292693e-06 2.163645620591663335e-06 1.702850812985999832e-06 1.015930248952328796e-06 4.594603100838055183e-07 1.575175436123641679e-07 4.093612021494807881e-08 8.064570585707578172e-09 1.204349772671353000e-09 1.363392315813155669e-10 1.170000017722531126e-11 7.611105013423438523e-13 3.753240373077900327e-14 1.403013545407754557e-15 3.975705146609606242e-17 8.540106594962670958e-19
1.263210623009774049e-06 3.971752185372803246e-06 9.466410572367364468e-06 1.710351407298896944e-05 2.342513926646082098e-05 2.432068669799679626e-05 1.914107408436718286e-05 1.141967106657273994e-05 5.164612053547375624e-06 1.770592555072286670e-06 4.601467749173431918e-07 9.065065586629674107e-08 1.353762058683800799e-08 1.532535505989218365e-09 1.315150854505418875e-10 8.555342829497451864e-12 4.218869409443242136e-13 1.577072166817072909e-14 4.468933283439663328e-16 9.599596851113986592e-18
1.076371752141170152e-05 3.384298533410264574e-05 8.066253361604210830e-05 1.457376867734892377e-04 1.996037536188156468e-04 2.072346422485453769e-04 1.630995740121703608e-04 9.730611135549022432e-05 4.400724965375138074e-05 1.508707871922734907e-05 3.920874170451431419e-06 7.724270482706105897e-07 1.153529912229407735e-07 1.305861348656029421e-08 1.120629611411211284e-09 7.289939764449954095e-11 3.594865159918844335e-12 1.343810684084813033e-13 3.807942603456661906e-15 8.179740333297097952e-17
6.952574220715387312e-05 2.186009312469126462e-04 5.210209675986834368e-04 9.413588586215176305e-04 1.289294250808426618e-03 1.338584209842255636e-03 1.053503951056821960e-03 6.285263060670817463e-04 2.842546442329246087e-04 9.745149327873346516e-05 2.532597926870732506e-05 4.989313750111482173e-06 7.450959498552885446e-07 8.434909157021225259e-08 7.238447619764400874e-09 4.708767874673412974e-10 2.322019951571681662e-11 8.680034106343419781e-13 2.459652394824676931e-14 5.283513958843538410e-16
3.404284090487200132e-04 1.070365664263241839e-03 2.551146286970440696e-03 4.609304243449963145e-03 6.312947933595917764e-03 6.554293107387336968e-03 5.158415611245530281e-03 3.077539392275187389e-03 1.391834926588781177e-03 4.771650868171197261e-04 1.240070592034582780e-04 2.442985990907681215e-05 3.648315296543230053e-06 4.130100037248878595e-07 3.544260196226049401e-08 2.305618473483702742e-09 1.136962415356416203e-10 4.250123921736523191e-12 1.204353272616886178e-13 2.587039266458537216e-15
1.263580095264524609e-03 3.972913869899916649e-03 9.469179371168486015e-03 1.710851662267748319e-02 2.343199080718172400e-02 2.432780017439393344e-02 1.914667259317599096e-02 1.142301116800999855e-02 5.166122633672001578e-03 1.771110429773186876e-03 4.602813617101923901e-04 9.067716997376818692e-05 1.354158016025440307e-05 1.532983752179179985e-06 1.315535518584948122e-07 8.557845153138340489e-09 4.220103372461612011e-10 1.577533439386163899e-11 4.470240386805077071e-13 9.602404605124818261e-15
3.555302647400557844e-03 1.117848504616764105e-02 2.664318519514054934e-02 4.813779092410292587e-02 6.592998675972228106e-02 6.845050241737757335e-02 5.387249768696278363e-02 3.214063121056849603e-02 1.453578569741947359e-02 4.983327628703376755e-03 1.295081768041621414e-03 2.551360089279012698e-04 3.810159401384095694e-05 4.313316752115895763e-06 3.701488278822088449e-07 2.407898766609434427e-08 1.187399575907045442e-09 4.438665055291492148e-11 1.257779980967321434e-12 2.701803759172438640e-14
7.583107206500652904e-03 2.384259764026871314e-02 5.682726611337041156e-02 1.026731239121033562e-01 1.406221093688554968e-01 1.459981187675597480e-01 1.149046834988535631e-01 6.855277210578425429e-02 3.100338626722600952e-02 1.062894256870191775e-02 2.762280700751149152e-03 5.441797505912886624e-04 8.126691334049091571e-05 9.199875957340680597e-06 7.894906629801499221e-07 5.135808762427088588e-08 2.532605286821333826e-09 9.467231430391184312e-11 2.682719696124639778e-12 5.762678902093138948e-14
1.226068218315728812e-02 3.854970055515401228e-02 9.188068033067685325e-02 1.660061643278731014e-01 2.273636576598455361e-01 2.360558125847653510e-01 1.857826570786197673e-01 1.108389646453771804e-01 5.012756054645507026e-02 1.718531509961640502e-02 4.466169981553974253e-03 8.798523864715999260e-04 1.313957154159427936e-04 1.487474094270070180e-05 1.276481242025933725e-06 8.303788575692674557e-08 4.094821248271590100e-09 1.530701235806324462e-10 4.337532450086388067e-12 9.317338212175216638e-14
1.502722861143055214e-02 4.724819993623832065e-02 1.126129825141018725e-01 2.034644194340629597e-01 2.786668482671411096e-01 2.893203337120355267e-01 2.277033543691857898e-01 1.358490853851850588e-01 6.143853178901403922e-02 2.106307421590002810e-02 5.473933369100460536e-03 1.078385587221600186e-03 1.610443386935081337e-04 1.823113341840238609e-05 1.564511269077437151e-06 1.017748665236063602e-07 5.018792111359897217e-09 1.876094418127845350e-10 5.316269581352255241e-12 1.141973743979058722e-13
1.396175366859555254e-02 4.389816285170052013e-02 1.046283890664835153e-01 1.890381904685593251e-01 2.589085447299477871e-01 2.688066665553150436e-01 2.115585132442360239e-01 1.262169835367533133e-01 5.708235821646505392e-02 1.956963997220691198e-02 5.085815307258474346e-03 1.001924860389706053e-03 1.496258188852152976e-04 1.693849215106888381e-05 1.453582793968124450e-06 9.455872754713556773e-08 4.662944910507149172e-09 1.743073776425002057e-10 4.939330348260527138e-12 1.061004428808087713e-13
9.833267839377072758e-03 3.091749097022894466e-02 7.368980987019357887e-02 1.331396615977904763e-01 1.823493757778793245e-01 1.893206263332123662e-01 1.490007325591383436e-01 8.889466427035087881e-02 4.020312423276196923e-02 1.378290406310023024e-02 3.581941444101341149e-03 7.056560186492325838e-04 1.053815149377612540e-04 1.192978576117519862e-05 1.023758854301320829e-06 6.659774385026814260e-08 3.284113680390500800e-09 1.227647451332356262e-10 3.478772037846383592e-12 7.472657787039083313e-14
5.249918789687055450e-03 1.650665062987516363e-02 3.934251804845613487e-02 7.108241354677626023e-02 9.735516512124611777e-02 1.010770711931524846e-01 7.955053785953927759e-02 4.746029253744012133e-02 2.146419082255677027e-02 7.358604301162592620e-03 1.912375621016103571e-03 3.767452338201589257e-04 5.626251663175358352e-05 6.369236295357765531e-06 5.465783026658072268e-07 3.555610937293829262e-08 1.753367283367177026e-09 6.554331202138242464e-11 1.857294135057814694e-12 3.989604185088792625e-14
2.124731818181224089e-03 6.680523491866726012e-03 1.592258913968966696e-02 2.876826705827089867e-02 3.940129843603332183e-02 4.090761740439449734e-02 3.219546162802045669e-02 1.920799115075434021e-02 8.686924697156756317e-03 2.978152867202231435e-03 7.739710828039692275e-04 1.524752320394527627e-04 2.277040160950050154e-05 2.577738733948692686e-06 2.212095762477029310e-07 1.439016486575348495e-08 7.096176922291547886e-10 2.652649804686067569e-11 7.516786644834820922e-13 1.614660967834210542e-14
6.518572154834096971e-04 2.049551573575731766e-03 4.884971614332561489e-03 8.825962080682744904e-03 1.208812352936339783e-02 1.255025474043844000e-02 9.877408427953600356e-03 5.892916705732116622e-03 2.665105542143149462e-03 9.136825733424394679e-04 2.374505010863651349e-04 4.677864723299733884e-05 6.985846619134097082e-06 7.908374972206520620e-07 6.786600415977482724e-08 4.414831424592139350e-09 2.177071990714679483e-10 8.138198433040045402e-12 2.306112973767780441e-13 4.953700007858529797e-15
1.515994592331502695e-04 4.766548606723844568e-04 1.136075566108316103e-03 2.052613742491966788e-03 2.811279750636818623e-03 2.918755498438094925e-03 2.297143823424989406e-03 1.370488758389333322e-03 6.198114393633740848e-04 2.124909884241241447e-04 5.522277993446503497e-05 1.087909661155109937e-05 1.624666483074951566e-06 1.839214694141866740e-07 1.578328702445488537e-08 1.026737206670870893e-09 5.063117024166507528e-11 1.892663688114593421e-12 5.363221752396858179e-14 1.152059415093978514e-15
2.672634969547737653e-05 8.403225548969175138e-05 2.002853639049046071e-04 3.618672055235590376e-04 4.956168451219920747e-04 5.145643693021557117e-04 4.049768345891106912e-04 2.416114278752282509e-04 1.092701607082009811e-04 3.746127125049087894e-05 9.735544804385209944e-06 1.917939166023205605e-06 2.864218961256525090e-07 3.242458471114853430e-08 2.782527394843307159e-09 1.810094690947466640e-10 8.926063247289522087e-12 3.336686808802372173e-13 9.455135313411817204e-15 2.031032495334637838e-16
3.571728674325811728e-06 1.123013130938693844e-05 2.676628067273933699e-05 4.836019467654292320e-05 6.623459310272616896e-05 6.876675391753522479e-05 5.412139663743150260e-05 3.228912570626090692e-05 1.460294318889775577e-05 5.006351343397906685e-06 1.301065238396194394e-06 2.563147752293626059e-07 3.827762904411442672e-08 4.333244916926069269e-09 3.718589705103168868e-10 2.419023616979769385e-11 1.192885538520986877e-12 4.459172347902353033e-14 1.263591111518618464e-15 2.714286494313811784e-17
