7.274052974470549049e-33 5.569465072762251907e-31 3.232565468730708353e-29 1.422256716534977455e-27 4.743571780949627683e-26 1.199305373880783876e-24 2.298533839787659397e-23 3.339403082073408343e-22 3.677761860921164498e-21 3.070401611307287159e-20 1.943137733040106449e-19 9.321993689836510542e-19 3.390086997894659245e-18 9.345654071172840094e-18 1.953014102174264340e-17 3.093840186213775990e-17 3.715242727290394062e-17 3.381997860940399973e-17 2.333760494282185514e-17 1.220776213469257068e-17
5.725104268385318798e-31 4.383494095052965642e-29 2.544217704740036697e-27 1.119399051278794763e-25 3.733467868026237475e-24 9.439233312157706630e-23 1.809080294490727049e-21 2.628305142420134158e-20 2.894613250956821710e-19 2.416585283643998735e-18 1.529362814449138284e-17 7.336953147145341656e-17 2.668196342528949141e-16 7.355575248284231643e-16 1.537136093429173306e-15 2.435032810176037797e-15 2.924112880501226416e-15 2.661829719593026025e-15 1.836805727714180018e-15 9.608221351982615629e-16
3.415758527247543460e-29 2.615316094241060112e-27 1.517951973054800195e-25 6.678650161731841497e-24 2.227492130900878065e-22 5.631712570673439970e-21 1.079348279559806655e-19 1.568120907772070727e-18 1.727007829296355170e-17 1.441802874230604538e-16 9.124609491493583356e-16 4.377432986638928810e-15 1.591921121802452502e-14 4.388543456907875209e-14 9.170987064225958092e-14 1.452809188369969066e-13 1.744608139516626307e-13 1.588122615161574685e-13 1.095890054262073973e-13 5.732535596940757991e-14
1.544855065209708700e-27 1.182836632942106698e-25 6.865285633081385998e-24 3.020572575260192395e-22 1.007434358631290023e-20 2.547071059388016798e-19 4.881599924298486535e-18 7.092186136427574594e-17 7.810788647566325359e-16 6.520883884271264948e-15 4.126813730698147086e-14 1.979794376001897364e-13 7.199828058140168806e-13 1.984819340774707515e-12 4.147789050696974686e-12 6.570662462036211384e-12 7.890390083605065713e-12 7.182648441438393296e-12 4.956413890896259509e-12 2.592670583352126683e-12
5.296453216511667036e-26 4.055292324981711122e-24 2.353726572315654662e-22 1.035587201170360972e-20 3.453934980284215222e-19 8.732497312521780158e-18 1.673630504442439767e-16 2.431518200011997830e-15 2.677887239233003320e-14 2.235650269150606766e-13 1.414856082627637252e-12 6.787619451785620204e-12 2.468422658904312621e-11 6.804847275568684643e-11 1.422047359244908221e-10 2.252716589108637111e-10 2.705178167129149097e-10 2.462532718923036995e-10 1.699280073968431766e-10 8.888832848980876398e-11
1.376509963625748915e-24 1.053941206041436791e-22 6.117165480368529040e-21 2.691416391955163353e-19 8.976527724732877545e-18 2.269513024404322079e-16 4.349644886149503776e-15 6.319340306111978761e-14 6.959635657271522957e-13 5.810293690643119904e-12 3.677108840991789642e-11 1.764053305626380619e-10 6.415252331180253752e-10 1.768530692685148277e-09 3.695798449887046336e-09 5.854647824446108252e-09 7.030562809140835285e-09 6.399944802277498722e-09 4.416306266080471828e-09 2.310143501972556437e-09
2.711879558577741305e-23 2.076382800076595349e-21 1.205150450124826962e-19 5.302393218963064459e-18 1.768476995225586257e-16 4.471196098426047044e-15 8.569289991008127377e-14 1.244981166333267320e-12 1.371126557223734425e-11 1.144693253616893479e-10 7.244318286142356250e-10 3.475383561459172848e-09 1.263876914789699909e-08 3.484204517907989070e-08 7.281138919236327101e-08 1.153431517194873558e-07 1.385100004447895349e-07 1.260861159305130488e-07 8.700620412405993007e-08 4.551242712314942996e-08
4.050030139228554284e-22 3.100953688849031071e-20 1.799820213206733879e-18 7.918807558733957066e-17 2.641114760624647643e-15 6.677464306904383840e-14 1.279772275490510842e-12 1.859305008761548123e-11 2.047695615348471835e-10 1.709531001351473015e-09 1.081895665470790446e-08 5.190277763172857062e-08 1.887524680431609331e-07 5.203451334750373034e-07 1.087394607092455321e-06 1.722581076065670037e-06 2.068564124138903523e-06 1.883020829747527407e-06 1.299385689485116809e-06 6.797009143535442053e-07
4.585037923862795228e-21 3.510588754834146299e-19 2.037575931536063052e-17 8.964879697286019406e-16 2.990005240070762790e-14 7.559555368698758729e-13 1.448829814918337696e-11 2.104918651006279680e-10 2.318195601055131283e-09 1.935359541474595938e-08 1.224813763186276798e-07 5.875911921994322321e-07 2.136866132965231942e-06 5.890825718484523076e-06 1.231039113371261796e-05 1.950133527202325360e-05 2.341820833690269344e-05 2.131767324936640855e-05 1.471034155105993781e-05 7.694892042924024372e-06
3.934815999504912974e-20 3.012738614071449177e-18 1.748619424473508964e-16 7.693535506637478021e-15 2.565981056776531703e-13 6.487505645065446385e-12 1.243365666973051159e-10 1.806412012980256711e-09 1.989443335580707359e-08 1.660898735200211768e-07 1.051118196147636915e-06 5.042626173714658405e-06 1.833828899218366482e-05 5.055424987163425208e-05 1.056460705395579437e-04 1.673577564990338300e-04 2.009718182792098100e-04 1.829453172835628170e-04 1.262421123979008979e-04 6.603649703174515044e-05
2.559780606907876185e-19 1.959926430855442201e-17 1.137558171002885598e-15 5.005002264635911606e-14 1.669289884877962045e-12 4.220423811312478514e-11 8.088671292414062619e-10 1.175154934689212302e-08 1.294225313102912499e-07 1.080491787402067091e-06 6.838012182539785237e-06 3.280462590623028018e-05 1.192990892889786740e-04 3.288788813364245810e-04 6.872767687160147906e-04 1.088739955199273220e-03 1.307415043119836400e-03 1.190144279595268780e-03 8.212635892806422139e-04 4.295980916801679628e-04
1.262344463982750253e-18 9.665290349990121247e-17 5.609817715427066938e-15 2.468194689784871354e-13 8.232029101523502199e-12 2.081283301972863129e-10 3.988892407185345548e-09 5.795224489644459446e-08 6.382414784817556972e-07 5.328397373294570306e-06 3.372135408785210199e-05 1.617745590930850066e-04 5.883181727204429834e-04 1.621851630782429436e-03 3.389274931888106458e-03 5.369072847312571575e-03 6.447459353962903261e-03 5.869143779875123090e-03 4.050025000585284925e-03 2.118543953753508971e-03
4.718998447796004897e-18 3.613157221381376236e-16 2.097107552402630818e-14 9.226805552903561668e-13 3.077363878139655398e-11 7.780422025574677243e-10 1.491160108433768419e-08 2.166417816336635098e-07 2.385926054424062979e-06 1.991904717867950850e-05 1.260599005568479051e-04 6.047587762571122452e-04 2.199298704189413516e-03 6.062937293732418610e-03 1.267006241091447709e-02 2.007110353431853025e-02 2.410241542754880395e-02 2.194050924875023609e-02 1.514013190266430206e-02 7.919712815793676294e-03
1.337268481230542591e-17 1.023895498872336899e-15 5.942777609703097859e-14 2.614689617900529153e-12 8.720625287417895656e-11 2.204813852043614582e-09 4.225645410856486512e-08 6.139188844862547838e-07 6.761230685757559994e-06 5.644654106769881138e-05 3.572281992177024634e-04 1.713763755556873452e-03 6.232366614354999633e-03 1.718113501472396873e-02 3.590438798566075729e-02 5.687743794977297845e-02 6.830135849660962100e-02 6.217495471778414912e-02 4.290406411250695384e-02 2.244286037836039360e-02
2.872659834670043003e-17 2.199486128472456525e-15 1.276600681567056372e-13 5.616758303134424244e-12 1.873325390374954376e-10 4.736281670126281012e-09 9.077340876347542271e-08 1.318792857202667250e-06 1.452417079780545257e-05 1.212559135335491853e-04 7.673815049913580060e-04 3.681430001379647123e-03 1.338808885372180096e-02 3.690773929362639594e-02 7.712818682446449803e-02 1.221815467802701144e-01 1.467218976297580690e-01 1.335614333599293158e-01 9.216457536387503979e-02 4.821074039275807799e-02
4.677853484625943225e-17 3.581654091544431273e-15 2.078822864674547120e-13 9.146357004583134033e-12 3.050532332245405502e-10 7.712584500042258221e-09 1.478158678486105715e-07 2.147528812186665831e-06 2.365123157215741302e-05 1.974537294004270152e-04 1.249607838643949876e-03 5.994858824744312385e-03 2.180123011468835040e-02 6.010074523292331661e-02 1.255959209459071857e-01 1.989610351581088121e-01 2.389226638722882212e-01 2.174920987559751384e-01 1.500812504222216182e-01 7.850660813397822291e-02
5.774386475010751124e-17 4.421227602008743474e-15 2.566118556977352827e-13 1.129034937850515472e-11 3.765605891418682868e-10 9.520487071856799253e-09 1.824653018531303335e-07 2.650929826798142932e-06 2.919530339213546793e-05 2.437387464651276012e-04 1.542527705548695774e-03 7.400110292246655369e-03 2.691164413904675520e-02 7.418892694088073669e-02 1.550367897605405276e-01 2.455993789132084604e-01 2.949283904192218642e-01 2.684742986512385632e-01 1.852617114749318949e-01 9.690929775755073583e-02
5.403335064722928737e-17 4.137127681778549093e-15 2.401224517817898943e-13 1.056485237935790162e-11 3.523635011456669035e-10 8.908718155812251630e-09 1.707404185474848407e-07 2.480585972076210048e-06 2.731926711636596317e-05 2.280765447733876044e-04 1.443407724053028755e-03 6.924592871979336206e-03 2.518235158923712996e-02 6.942168351367258849e-02 1.450744119848064728e-01 2.298176164167189117e-01 2.759768367480990303e-01 2.512226360596049868e-01 1.733571360516212023e-01 9.068208526345188092e-02
3.832787756185015108e-17 2.934619477518580872e-15 1.703278405189129835e-13 7.494045133323924536e-12 2.499446169338859235e-10 6.319287155413797768e-09 1.211125680447257238e-07 1.759572454429230856e-06 1.937857846261939820e-05 1.617832279156008405e-04 1.023863111516487090e-03 4.911872844896306850e-03 1.786278431506525474e-02 4.924339790107033071e-02 1.029067091584523475e-01 1.630182351837543564e-01 1.957606974597326799e-01 1.782016166001279267e-01 1.229687036889369894e-01 6.432419643420873856e-02
2.060935789576815332e-17 1.577979970387711587e-15 9.158731576521283841e-14 4.029637644048462594e-12 1.343982080979714999e-10 3.397956237516388474e-09 6.512367548871997834e-08 9.461431408078375917e-07 1.042009327030599735e-05 8.699277543518354940e-05 5.505434332351642323e-04 2.641172740014514301e-03 9.605032638971984157e-03 2.647876365470951468e-02 5.533416755206012339e-02 8.765685360523546577e-02 1.052628669396651895e-01 9.582113927884304549e-02 6.612174181088743830e-02 3.458788928583463040e-02
