3.687404800383551479e-02 3.455296168732836098e-02 2.454406881445140437e-02 1.321614091575392703e-02 5.394604132708139509e-03 1.669211316245422299e-03 3.915253435128853354e-04 6.961538954573119251e-05 9.383123995674584565e-06 9.587082677562395386e-07 7.425441985364359830e-08 4.359683534514850416e-09 1.940369506069190042e-10 6.546523568284645574e-12 1.674302208269658255e-13 3.246039376293874571e-15 4.770572901447169646e-17 5.314765527844990668e-19 4.488430464760985330e-21 2.873437219300064295e-23
9.782084394447949915e-02 9.166337996533910348e-02 6.511141724964075728e-02 3.506026943214211877e-02 1.431100618388838654e-02 4.428145769616032013e-03 1.038652971436684284e-03 1.846782907094655023e-04 2.489189979893473555e-05 2.543296896470666596e-06 1.969848825910184918e-07 1.156553038691968544e-08 5.147484285643862141e-10 1.736686084167969664e-11 4.441651077039531613e-13 8.611213806334735949e-15 1.265555295880958797e-16 1.409920736792303110e-18 1.190707502478065685e-20 7.622760966850562653e-23
1.967156052375040876e-01 1.843330781140187502e-01 1.309376543449621844e-01 7.050544488297703916e-02 2.877912446368893068e-02 8.904905539808218376e-03 2.088708701223896541e-03 3.713840554448668988e-04 5.005707308391193388e-05 5.114515149469099247e-06 3.961323460215120702e-07 2.325803191032521330e-08 1.035147976514795656e-09 3.492438220514185518e-11 8.932064421459681053e-13 1.731696504994516898e-14 2.545004376899979024e-16 2.835320161748169916e-18 2.394487080317477878e-20 1.532920773026562707e-22
2.998769194836899410e-01 2.810007653284014584e-01 1.996037903651859957e-01 1.074798086954380227e-01 4.387143144637200426e-02 1.357480327169196220e-02 3.184066308646802713e-03 5.661447466646320117e-04 7.630793122208072898e-05 7.796661814520098563e-06 6.038715001250473767e-07 3.545497549165455426e-08 1.577998786787913252e-09 5.323937639774105741e-11 1.361620477492514178e-12 2.639830290898664279e-14 3.879651905073020510e-16 4.322214675487981542e-18 3.650200544700885007e-20 2.336812875993038618e-22
3.465325925690503350e-01 3.247196346114074594e-01 2.306586951771698313e-01 1.242018119306492197e-01 5.069706900084894330e-02 1.568680837276005546e-02 3.679452072359822717e-03 6.542270981335516957e-04 8.818012831896732183e-05 9.009687829998915383e-06 6.978234833050424712e-07 4.097115775948676891e-08 1.823508163275547664e-09 6.152250450495970326e-11 1.573465123534635178e-12 3.050542323238653736e-14 4.483258782453692115e-16 4.994676681738799172e-18 4.218108750516750505e-20 2.700380628361934727e-22
3.035581895854058132e-01 2.844503129552870546e-01 2.020541138743298659e-01 1.087992240308025688e-01 4.440999436472219813e-02 1.374144669829109079e-02 3.223153705316354669e-03 5.730947037761310262e-04 7.724468256064755025e-05 7.892373141955366664e-06 6.112845884764821570e-07 3.589021852889536856e-08 1.597370200114247392e-09 5.389293961595886477e-11 1.378335644376006159e-12 2.672236680627561113e-14 3.927278266540934767e-16 4.375273909541310481e-18 3.695010175777575210e-20 2.365499443097008023e-22
2.015749866707250704e-01 1.888865792774585828e-01 1.341721511997755745e-01 7.224711072281558843e-02 2.949004286243192205e-02 9.124879611476229696e-03 2.140305178635438805e-03 3.805581968732713993e-04 5.129361154384584170e-05 5.240856829008204438e-06 4.059178338837034903e-07 2.383256512187110644e-08 1.060718794100107050e-09 3.578710427668001321e-11 9.152709387361454248e-13 1.774473862866986607e-14 2.607872531165841805e-16 2.905359862638201892e-18 2.453637070203303473e-20 1.570787859036595046e-22
1.014677767939118486e-01 9.508075174425492659e-02 6.753888522952841700e-02 3.636737784734449253e-02 1.484454562656661522e-02 4.593234820355088406e-03 1.077375778232778341e-03 1.915634217082087809e-04 2.581991353712164938e-05 2.638115471158723066e-06 2.043288249472152393e-07 1.199671367044467248e-08 5.339391539520208712e-10 1.801432791251166742e-11 4.607243629356561709e-13 8.932254979539421030e-15 1.312737419804777811e-16 1.462485057879347388e-18 1.235099169220555618e-20 7.906950882336817899e-23
3.871831684064809542e-02 3.628114055320417336e-02 2.577164928617958761e-02 1.387715097983241441e-02 5.664417207959847843e-03 1.752697523463195859e-03 4.111076250619044906e-04 7.309722841214486521e-05 9.852424333282504087e-06 1.006658408235349730e-06 7.796828149740519645e-08 4.577734682038291144e-09 2.037417788144767641e-10 6.873950310398525829e-12 1.758043038291814992e-13 3.408391208784376716e-15 5.009174829148912214e-17 5.580585446421624593e-19 4.712920936528500928e-21 3.017153220253942719e-23
1.119957683011414337e-02 1.049460447317778281e-02 7.454651693854296574e-03 4.014074765217127798e-03 1.638477105796240854e-03 5.069815058016424215e-04 1.189161050382449454e-04 2.114394665035539188e-05 2.849891015087743442e-06 2.911838402251033970e-07 2.255293696097404879e-08 1.324145661867771677e-09 5.893390755409354787e-11 1.988344042550751790e-12 5.085277378929299751e-14 9.859038905790239007e-16 1.448943108385084633e-17 1.614228111243736010e-19 1.363249346301413438e-21 8.727352337533785245e-24
2.455746743339665399e-03 2.301166476964253138e-03 1.634591815173755880e-03 8.801717405695438532e-04 3.592711472612589423e-04 1.111665378693717758e-04 2.607489926700487721e-05 4.636262504877933890e-06 6.248995551650127295e-07 6.384828446582017255e-08 4.945213764303665968e-09 2.903472556298342495e-10 1.292251964012566669e-11 4.359869556859924257e-13 1.115055823243746721e-14 2.161805133587940416e-16 3.177117647993168672e-18 3.539540365967310660e-20 2.989215747453813115e-22 1.913658650320439006e-24
4.081899986778907553e-04 3.824959327492527300e-04 2.716990392776751084e-04 1.463006324222194704e-04 5.971743198817855007e-05 1.847791066769960134e-05 4.334124895489152980e-06 7.706315770830776953e-07 1.038697289484057137e-07 1.061275199585348338e-08 8.219849238883021445e-10 4.826102130160847998e-11 2.147958981977290158e-12 7.246900167849582142e-14 1.853426605369963186e-15 3.593315300180648126e-17 5.280950293637279141e-19 5.883363100136687925e-21 4.968622987327076421e-23 3.180850484940231422e-25
5.143253873126551529e-05 4.819504872583006076e-05 3.423447758680611236e-05 1.843409433801986529e-05 7.524484048144001811e-06 2.328243854987912367e-06 5.461060958754492421e-07 9.710070938592174374e-08 1.308773824554335227e-08 1.337222322545881037e-09 1.035713064291971254e-10 6.080959492748717136e-12 2.706459832223720994e-13 9.131200538273410328e-15 2.335344716308742762e-16 4.527629999480441568e-18 6.654074852277822985e-20 7.413123827089692721e-22 6.260537863849365263e-24 4.007918280578740121e-26
4.912588456973871720e-06 4.603358999851968473e-06 3.269912463435115978e-06 1.760735932808883261e-06 7.187024866249828516e-07 2.223826427623157677e-07 5.216142483065774485e-08 9.274592230137727774e-09 1.250077741036484142e-09 1.277250376550688637e-10 9.892632504420403367e-12 5.808239715229793293e-13 2.585080118349929477e-14 8.721683095796064970e-16 2.230608828457305276e-17 4.324574174553664503e-19 6.355651911708730549e-21 7.080658944984313501e-23 5.979764328782424593e-25 3.828170564269011837e-27
3.556965267650692613e-07 3.333067327012972381e-07 2.367583843540892840e-07 1.274862857607176784e-07 5.203773540342475690e-08 1.610164057831917803e-08 3.776753905986900643e-09 6.715279067879457556e-10 9.051202122208716645e-11 9.247945899142406409e-12 7.162771832414189897e-13 4.205462581326828853e-14 1.871730204066208887e-15 6.314944579402588766e-17 1.615074862880949004e-18 3.131212856723205959e-20 4.601817005683282564e-22 5.126759173900701877e-24 4.329655173134085255e-26 2.771791257298901650e-28
1.952296092136926281e-08 1.829406200992945107e-08 1.299485470827858560e-08 6.997284447933006578e-09 2.856172602968979596e-09 8.837637596278288559e-10 2.072930528357685243e-10 3.685786083171126961e-11 4.967894034006317518e-12 5.075879937144903177e-13 3.931399495088902767e-14 2.308233998746683144e-15 1.027328435328422844e-16 3.466056229604892781e-18 8.864591318862216987e-20 1.718615213768213360e-21 2.525779331789354207e-23 2.813902061839411523e-25 2.376399047717713118e-27 1.521341040087813616e-29
8.122852457849601852e-10 7.611548635471339366e-10 5.406725339034073618e-10 2.911336523444674450e-10 1.188358094938100536e-10 3.677046046429227731e-11 8.624772085053554174e-12 1.533532575585089224e-12 2.066974903396690440e-13 2.111904233648141026e-14 1.635724118902341397e-15 9.603791292482169839e-17 4.274370747109482859e-18 1.442110317030553304e-19 3.688260590812152372e-21 7.150584314275110773e-23 1.050892481721569191e-24 1.170770733559259725e-26 9.887403311070863749e-29 6.329792318120365766e-31
2.561935927863036685e-11 2.400671441107683669e-11 1.705273359332426778e-11 9.182313326773563464e-12 3.748064259922278345e-12 1.159735009793304096e-12 2.720240653020366703e-13 4.836739584187732029e-14 6.519208977981486252e-15 6.660915436375668703e-16 5.159050235165073106e-17 3.029021896382180505e-18 1.348130357266832650e-19 4.548395101738239036e-21 1.163272060886909478e-22 2.255283960285659146e-24 3.314499702185120503e-26 3.692593976266934440e-28 3.118472717231917494e-30 1.996407350724822063e-32
6.125263594787408230e-13 5.739700677654435970e-13 4.077092137035735763e-13 2.195374557369656732e-13 8.961145871191000928e-14 2.772779193198899337e-14 6.503750097647700406e-15 1.156403037651460763e-15 1.558660112665238353e-16 1.592540328064385535e-17 1.233463422931685098e-18 7.242006854246192331e-20 3.223208554353719013e-21 1.087463532104227951e-22 2.781235833375155914e-24 5.392097666302074943e-26 7.924548049748729810e-28 8.828523464294974404e-30 7.455872412129899558e-32 4.773156554293998760e-34
1.110140945301315360e-14 1.040261637304940738e-14 7.389309617534106234e-15 3.978890293770920196e-15 1.624115402460852473e-15 5.025376731981247456e-16 1.178737726087485350e-16 2.095861413148313372e-17 2.824910935016989274e-18 2.886315336261417936e-19 2.235525425376411975e-20 1.312539160256418185e-21 5.841733561439839260e-23 1.970915659104455214e-24 5.040703521390492669e-26 9.772621712998067176e-28 1.436242722765481871e-29 1.600078957027714806e-31 1.351300090120474567e-33 8.650854689362996054e-36
