1.511831998846883182e-07 2.279805170788590619e-07 2.606086070177204901e-07 2.258273794185105614e-07 1.483410177167392954e-07 7.386568557481978854e-08 2.788181435686670817e-08 7.978038887697233094e-09 1.730485983346004688e-09 2.845357513516911049e-10 3.546520040519732746e-11 3.350925817637449700e-12 2.400070662377107911e-13 1.303106954152040538e-14 5.363310198021531859e-16 1.673333820917006213e-17 3.957574338742497493e-19 7.095326636122042780e-21 9.643007940809179291e-23 9.934579169270075546e-25
2.124071839928313952e-06 3.203047671625216936e-06 3.661461087154484401e-06 3.172796829763663061e-06 2.084140160274149490e-06 1.037787418087081480e-06 3.917298798193232295e-07 1.120886960464910852e-07 2.431273150336449378e-08 3.997629216473419908e-09 4.982738395241703711e-10 4.707935254949793043e-11 3.372016541309913955e-12 1.830820347657848817e-13 7.535265935042379001e-15 2.350976332370532013e-16 5.560255513679739944e-18 9.968689321548470636e-20 1.354809372661803492e-21 1.395774125106484131e-23
2.262203597860703745e-05 3.411346937829777537e-05 3.899571704254307328e-05 3.379128835781104712e-05 2.219675097795789873e-05 1.105276378547723075e-05 4.172046947087823952e-06 1.193780015860691077e-06 2.589382696330490076e-07 4.257601379774634111e-08 5.306773769617355668e-09 5.014099745610351227e-10 3.591304120888180629e-11 1.949881496309441836e-12 8.025296220520192746e-14 2.503864049039636479e-15 5.921847741503712347e-17 1.061696898628608258e-18 1.442914773237787917e-20 1.486543528453975799e-22
1.826379381606700332e-04 2.754134825287769860e-04 3.148300782689109848e-04 2.728123692889326476e-04 1.792044198105679283e-04 8.923396597306548403e-05 3.368282382037645283e-05 9.637926529707245056e-06 2.090525880225557677e-06 3.437354348863271629e-07 4.284398718508810301e-08 4.048109728656712276e-09 2.899422406397056422e-10 1.574227609223024163e-11 6.479184969162425776e-13 2.021482804570199540e-14 4.780975782340939024e-16 8.571559726121805079e-18 1.164930421713293348e-19 1.200153891009940256e-21
1.117756288746883740e-03 1.685548770438939680e-03 1.926780949323754055e-03 1.669629784981377591e-03 1.096742928833795627e-03 5.461177871405589399e-04 2.061411146399296738e-04 5.898474926706416072e-05 1.279415696948241016e-05 2.103683647979745165e-06 2.622080417322391290e-07 2.477469989155780836e-08 1.774465733199908886e-09 9.634377325153823182e-11 3.965304152122284180e-12 1.237160876955520451e-13 2.925988872233644516e-15 5.245851373887961502e-17 7.129451404981929370e-19 7.345021372067160035e-21
5.185612585478852066e-03 7.819775209876618852e-03 8.938924916696877263e-03 7.745922177540442120e-03 5.088125195136660936e-03 2.533607100815194520e-03 9.563515492808168268e-04 2.736482551965915941e-04 5.935599921868461105e-05 9.759630530068196436e-06 1.216463136829975208e-06 1.149373945398718332e-07 8.232288139392535825e-09 4.469681701954917032e-10 1.839625625327463161e-11 5.739566914890683220e-13 1.357455544968244352e-14 2.433710566413553304e-16 3.307570112146880282e-18 3.407579599512115214e-20
1.823685028869765495e-02 2.750071808162669190e-02 3.143656275137196587e-02 2.724099048495802824e-02 1.789400498095429157e-02 8.910232422170294084e-03 3.363313348250792072e-03 9.623708249548577247e-04 2.087441847311177377e-04 3.432283417165866280e-05 4.278078190841014397e-06 4.042137784581646584e-07 2.895145054837527119e-08 1.571905241531960100e-09 6.469626599236340059e-11 2.018500626944886089e-12 4.773922683015535103e-14 8.558914595739579419e-16 1.163211866684866606e-17 1.198383372817748658e-19
4.861792478923458033e-02 7.331462517796162592e-02 8.380725943807708356e-02 7.262221302560921410e-02 4.770392773808045106e-02 2.375393792776541238e-02 8.966313415931593048e-03 2.565600509206691481e-03 5.564946201119646413e-04 9.150181878420409669e-05 1.140500033899365967e-05 1.077600285616799164e-06 7.718215717176180058e-08 4.190568524651855687e-09 1.724748596587652636e-10 5.381154646460473364e-12 1.272688047981147714e-13 2.281735384706411924e-15 3.101026007954823452e-17 3.194790315542099225e-19
9.825164297682169312e-02 1.481610416156553811e-01 1.693655368646896364e-01 1.467617504718917165e-01 9.640455237513177733e-02 4.800417621052340683e-02 1.811996353977383956e-02 5.184805117546777663e-03 1.124616300897107084e-03 1.849154210075651145e-04 2.304828982962801680e-05 2.177715297251577078e-06 1.559769114682581989e-07 8.468692243424771024e-09 3.485533043035750217e-10 1.087473987051314183e-11 2.571966867224244868e-13 4.611143963005920064e-15 6.266842970288203817e-17 6.456330639969117111e-19
1.505150907699487617e-01 2.269730250985357300e-01 2.594569249137506639e-01 2.248294025886622416e-01 1.476854687794109944e-01 7.353925818185108598e-02 2.775859898424923311e-02 7.942782321473728507e-03 1.722838616050671821e-03 2.832783303611816419e-04 3.530847251701366363e-05 3.336117399220006041e-06 2.389464265060637100e-07 1.297348261160931256e-08 5.339608646319995582e-10 1.665939020578012555e-11 3.940085017905329019e-13 7.063970953736306469e-15 9.600393539846079326e-17 9.890676256121233327e-19
1.747902033685219125e-01 2.635792930343339169e-01 3.013022045766875490e-01 2.610899465340629777e-01 1.715042192146932210e-01 8.539968867854116907e-02 3.223551297655587872e-02 9.223796299629778705e-03 2.000698471696122239e-03 3.289655324289389015e-04 4.100303205685521072e-05 3.874167272451012830e-06 2.774837677041428039e-07 1.506584922801591147e-08 6.200782103803057798e-10 1.934622094813400421e-11 4.575542944205833257e-13 8.203250008200640745e-15 1.114874748215334329e-16 1.148584706966016496e-18
1.538689357340237984e-01 2.320305401511033871e-01 2.652382608353851534e-01 2.298391524801231545e-01 1.509762628333436996e-01 7.517789301543055525e-02 2.837712857445090497e-02 8.119766970344151000e-03 1.761227681139080660e-03 2.895904655554228774e-04 3.609523178569961450e-05 3.410454267913379360e-06 2.442707382752133725e-07 1.326256358748277465e-08 5.458588208282740741e-10 1.703060223282938024e-11 4.027879764782412608e-13 7.221373532363926022e-15 9.814313827586318219e-17 1.011106475393368258e-18
1.026790002791800466e-01 1.548373866583213077e-01 1.769973863044248807e-01 1.533750414863932210e-01 1.007486771755619764e-01 5.016731194698630797e-02 1.893647459715341527e-02 5.418439732734748465e-03 1.175293094091320019e-03 1.932479701101755287e-04 2.408687820527633536e-05 2.275846213250801494e-06 1.630054506057787872e-07 8.850303433928719248e-09 3.642596067155730451e-10 1.136477095313151475e-11 2.687863313797822464e-13 4.818928599255278079e-15 6.549235733875707725e-17 6.747261984618990341e-19
5.194085958744507070e-02 7.832552846677397207e-02 8.953531261880652570e-02 7.758579137314258745e-02 5.096439272459271641e-02 2.537747055028865065e-02 9.579142428906202780e-03 2.740954007886609641e-03 5.945298786344849380e-04 9.775577921249662522e-05 1.218450856902069305e-05 1.151252040667241500e-06 8.245739828867148493e-08 4.476985232794337616e-09 1.842631602795990482e-10 5.748945458322420707e-12 1.359673648872932224e-13 2.437687288104560980e-15 3.312974734204665611e-17 3.413147638659508312e-19
1.991743704568417830e-02 3.003500124368373506e-02 3.433354716528000394e-02 2.975133888018442405e-02 1.954299739600307353e-02 9.731340144903080636e-03 3.673253923689376744e-03 1.051056515637512588e-03 2.279806596104713278e-04 3.748579815162195433e-05 4.672317406443726646e-06 4.414634302518893198e-07 3.161942355999251910e-08 1.716761567615501274e-09 7.065824331476471705e-11 2.204512211670946850e-12 5.213855627188781554e-14 9.347647205596693657e-16 1.270405731183036899e-17 1.308818409255945272e-19
5.789680432499814781e-03 8.730694546281668120e-03 9.980213103984879666e-03 8.648238433498600664e-03 5.680836814320510200e-03 2.828744957984122375e-03 1.067756173487983962e-03 3.055253207568960462e-04 6.627033191608142602e-05 1.089652205538718453e-05 1.358167951050566673e-06 1.283263593569356464e-07 9.191260775787407494e-09 4.990351335110628055e-10 2.053922137552072452e-11 6.408164457024777002e-13 1.515584451622754620e-14 2.717211556487969207e-16 3.692866299160619578e-18 3.804525811420416933e-20
1.275770490480630575e-03 1.923830268942340257e-03 2.199164792464115142e-03 1.905660859304827591e-03 1.251786528365757354e-03 6.233209906084278759e-04 2.352827298580834634e-04 6.732326470529933875e-05 1.460283254638787871e-05 2.401075750070727773e-06 2.992756877116139142e-07 2.827703261468336196e-08 2.025317183697953572e-09 1.099636334801273942e-10 4.525868540385825902e-12 1.412054984335147884e-13 3.339628053316797774e-15 5.987443280463676045e-17 8.137322784368892098e-19 8.383367298195373879e-21
2.131019045412109675e-04 3.213523885249854680e-04 3.673436634339483585e-04 3.183174101906891223e-04 2.090956761143422909e-04 1.041181711211456771e-04 3.930111114227415796e-05 1.124553047407958505e-05 2.439225119683772893e-06 4.010704269347244030e-07 4.999035446430389596e-08 4.723333507026645300e-09 3.383045401712306983e-10 1.836808414972707341e-11 7.559911542522171072e-13 2.358665674774817244e-14 5.578441451118307479e-16 1.000129393115681979e-17 1.359240550047760405e-19 1.400339285979946553e-21
2.698354028863850075e-05 4.069050974125513136e-05 4.651404952661561252e-05 4.030621256505228074e-05 2.647626079531518548e-05 1.318372480656773491e-05 4.976413130511143192e-06 1.423939524462375855e-06 3.088612907132309595e-07 5.078462366197059166e-08 6.329914069210019196e-09 5.980812806808208065e-10 4.283703709355815300e-11 2.325816560608985465e-12 9.572564737296433007e-14 2.986606356228365781e-15 7.063573644174163214e-17 1.266390923679877963e-18 1.721107196255594393e-20 1.773147528754068436e-22
2.590045221810761524e-06 3.905723978434251862e-06 4.464702942415810679e-06 3.868836785192278223e-06 2.541353433640998842e-06 1.265454535456054535e-06 4.776665668242104376e-07 1.366784240329700470e-07 2.964639560476556282e-08 4.874618765741716772e-09 6.075838646099826211e-10 5.740749904244619407e-11 4.111760801358457049e-12 2.232460976275245093e-13 9.188333070122784814e-15 2.866727434441200034e-16 6.780049975023071755e-18 1.215559458001374585e-19 1.652023945784042814e-21 1.701975439578898584e-23
