1.779726030997528020e-13 2.983649773415430913e-12 3.791747016285724800e-11 3.652815048718604567e-10 2.667551620963134504e-09 1.476708589003163327e-08 6.196887169798283507e-08 1.971283996077828084e-07 4.753588927098623609e-07 8.689421596174933655e-07 1.204084413274018692e-06 1.264794066478660453e-06 1.007116065605343320e-06 6.079054651217308724e-07 2.781566139623678051e-07 9.648050181037764137e-08 2.536801791428650767e-08 5.056270935951340094e-09 7.639605946625408951e-10 8.750006959048471821e-11
2.119800732842510625e-12 3.553773370773496711e-11 4.516283947013328491e-10 4.350804495943569242e-09 3.177274357134316844e-08 1.758881926005881568e-07 7.381004567606394362e-07 2.347962094583925603e-06 5.661917124203541828e-06 1.034981898715328072e-05 1.434164010194248650e-05 1.506474222615922993e-05 1.199558435817831927e-05 7.240656303384722758e-06 3.313075068031285871e-06 1.149162482767190356e-06 3.021540508418914205e-07 6.022436402457061995e-08 9.099401819283181485e-09 1.042198115952251519e-09
1.913963902453563064e-11 3.208694970135445783e-10 4.077743871813357846e-09 3.928332801688537063e-08 2.868754752996031590e-07 1.588091023319482014e-06 6.664294472292288350e-06 2.119970346145156367e-05 5.112133808859463716e-05 9.344831158623605086e-05 1.294903857321086978e-04 1.360192605555573002e-04 1.083078946746245650e-04 6.537574301225988966e-05 2.991368947131061378e-05 1.037576540093460143e-05 2.728142968023326218e-06 5.437645954423522486e-07 8.215831962976398621e-08 9.409986241786623570e-09
1.309993880264408240e-10 2.196159900990925112e-09 2.790971925078297653e-08 2.688708978919091990e-07 1.963491142955562619e-06 1.086953374190837441e-05 4.561311194945399824e-05 1.450992976530052854e-04 3.498950004288890986e-04 6.395978322374912652e-04 8.862842849057110976e-04 9.309705303085944947e-04 7.413027958688090053e-04 4.474578812798531927e-04 2.047413229335840455e-04 7.101591185110288189e-05 1.867250781488364946e-05 3.721743609797342171e-06 5.623245861106792887e-07 6.440573082026468228e-08
6.796754922039398624e-10 1.139452698331141961e-08 1.448064182194568008e-07 1.395006210464995318e-06 1.018735147645908320e-05 5.639534510319825408e-05 2.366584667475019998e-04 7.528312768212846746e-04 1.815390592421718295e-03 3.318480933291432372e-03 4.598385661575159211e-03 4.830235186191416015e-03 3.846165621419496070e-03 2.321584553036474489e-03 1.062277171945887576e-03 3.684580177730878534e-04 9.688019257923074091e-05 1.930984532031026503e-05 2.917557445123408389e-06 3.341618419406841164e-07
2.673195819959357952e-09 4.481521292379110870e-08 5.695304837788509741e-07 5.486625328419855269e-06 4.006733462614808772e-05 2.218055565107822217e-04 9.307889298994862903e-04 2.960920976873284653e-03 7.140016962387594861e-03 1.305174228178246354e-02 1.808566804317750937e-02 1.899754317649153534e-02 1.512715108898606518e-02 9.130901723019831800e-03 4.177986301191998278e-03 1.449162790536495139e-03 3.810343742127284970e-04 7.594653387741473732e-05 1.147489126245410526e-05 1.314274310773177226e-06
7.969971267809800278e-09 1.336138402942826417e-07 1.698020608130481286e-06 1.635804077585625811e-05 1.194583290022412293e-04 6.612998192023111961e-04 2.775090763013059441e-03 8.827806379068102102e-03 2.128752769139407794e-02 3.891297831755776565e-02 5.392132278040972365e-02 5.664002320560101306e-02 4.510068384921745582e-02 2.722322990268983070e-02 1.245641285579648233e-02 4.320591000748510990e-03 1.136030885522447149e-03 2.264299863007947222e-04 3.421169260409489356e-05 3.918429176296559362e-06
1.801273075892378981e-08 3.019772656656202347e-07 3.837653488274581357e-06 3.697039479039033403e-05 2.699847521306848503e-04 1.494587018440990617e-03 6.271912540967970219e-03 1.995150222690346073e-02 4.811140366050403738e-02 8.794623944166710117e-02 1.218662196853134566e-01 1.280106858480628274e-01 1.019309164263206280e-01 6.152653430583705785e-02 2.815242407456240367e-02 9.764858592432429027e-03 2.567514710797822852e-03 5.117486929289583736e-04 7.732098234451654779e-05 8.855942810686927055e-06
3.086023143967191044e-08 5.173612170571920246e-07 6.574842894087297002e-06 6.333936563628806305e-05 4.625501845025742917e-04 2.560594610174140185e-03 1.074532646793509294e-02 3.418182309677499087e-02 8.242664989122068520e-02 1.506735064073542185e-01 2.087867627901730250e-01 2.193137423133494079e-01 1.746326925036463529e-01 1.054100632364356194e-01 4.823201624208894173e-02 1.672960086792183235e-02 4.398783241720819435e-03 8.767511885955056898e-04 1.324698316002106177e-04 1.517240491805506735e-05
4.007888394109693230e-08 6.719087708267785078e-07 8.538897895118061342e-06 8.226027368596045247e-05 6.007244371401498874e-04 3.325502415689558441e-03 1.395519969639432388e-02 4.439271051705750981e-02 1.070493635506833408e-01 1.956831071764211227e-01 2.711561139994370095e-01 2.848277415562319725e-01 2.267994466877960025e-01 1.368984448135334708e-01 6.264001567813055893e-02 2.172711286618408608e-02 5.712799768582853786e-03 1.138656694834939411e-03 1.720415809836177163e-04 1.970474709519943543e-05
3.945743770073383107e-08 6.614904373195139299e-07 8.406497352189662144e-06 8.098478063858641565e-05 5.914098578344070128e-04 3.273938580314649308e-03 1.373881626621730086e-02 4.370437590447449200e-02 1.053895013496896765e-01 1.926489275960693581e-01 2.669516818639492972e-01 2.804113229403497054e-01 2.232827902941770248e-01 1.347757553702354505e-01 6.166874606152463606e-02 2.139022143416517002e-02 5.624219509128748455e-03 1.121001165227142240e-03 1.693739769194544092e-04 1.939921361234062027e-05
2.944685778884678622e-08 4.936664915792922144e-07 6.273720405003434691e-06 6.043847389717987975e-05 4.413657600034165776e-04 2.443321447153961462e-03 1.025319920281775495e-02 3.261632323341224354e-02 7.865157596444907750e-02 1.437727816266635705e-01 1.992244978491083673e-01 2.092693502207136069e-01 1.666346563696719796e-01 1.005823675595111100e-01 4.602302889162125654e-02 1.596339867330232032e-02 4.197322525468795071e-03 8.365966929718101405e-04 1.264028204088332220e-04 1.447752103901643039e-05
1.665888222614247017e-08 2.792804584171038689e-07 3.549212961740330245e-06 3.419167592687102523e-05 2.496925229602482742e-04 1.382252888257654976e-03 5.800511524377768152e-03 1.845193437246835794e-02 4.449531934060965699e-02 8.133614301457491036e-02 1.127066755315304369e-01 1.183893196301798734e-01 9.426972260203260456e-02 5.690216006120397269e-02 2.603646961226070353e-02 9.030925483948458107e-03 2.374538639005598258e-03 4.732853290810651791e-04 7.150948713585842124e-05 8.190324402178603212e-06
7.144133741813590941e-09 1.197689568436798527e-07 1.522074034298682921e-06 1.466304295584652315e-05 1.070802202778969409e-04 5.927768360847266707e-04 2.487539652333663198e-03 7.913081151700198171e-03 1.908174317693278610e-02 3.488086870723713234e-02 4.833406903668916593e-02 5.077106144090766382e-02 4.042741265171545528e-02 2.440239604055709222e-02 1.116569638644526914e-02 3.872897268487404329e-03 1.018316918378756953e-03 2.029676207019050996e-04 3.066672379167001856e-05 3.512406902437937503e-06
2.322470005897729261e-09 3.893541469962627558e-08 4.948075468863004024e-07 4.766774908037826662e-06 3.481046251483035659e-05 1.927044581962489311e-04 8.086685439849546466e-04 2.572445350721129249e-03 6.203239999454401334e-03 1.133934137851816577e-02 1.571281132990153331e-02 1.650504758526049470e-02 1.314245459181790331e-02 7.932918800851580104e-03 3.629830556041171129e-03 1.259031264958072925e-03 3.310423047640881854e-04 6.598227696797505024e-05 9.969374700874984952e-06 1.141840281023266645e-06
5.723312651185807637e-10 9.594937758664452284e-09 1.219364851130520050e-07 1.174686565047047835e-06 8.578416943978888076e-06 4.748857297333238480e-05 1.992819238419440443e-04 6.339332255262163443e-04 1.528677738660221518e-03 2.794378218146327964e-03 3.872141799108402230e-03 4.067374278817922212e-03 3.238723274874397325e-03 1.954926195750534765e-03 8.945069297039657131e-04 3.102657751736034191e-04 8.157946522980639276e-05 1.626015404142479149e-05 2.456774391274623211e-06 2.813861496345981036e-07
1.069157403480506156e-10 1.792405791161051676e-09 2.277864302695380306e-08 2.194401938759928683e-07 1.602512136725111330e-06 8.871218902333239740e-06 3.722734668554380616e-05 1.184234450730563460e-04 2.855683799636181191e-04 5.220106504992007811e-04 7.233449095228658811e-04 7.598157899033119783e-04 6.050176144822622852e-04 3.651947644362243364e-04 1.671005525374298412e-04 5.795995619857442684e-05 1.523965132402064304e-05 3.037517803875496671e-06 4.589437427585505361e-07 5.256502718864599642e-08
1.514023595708969496e-11 2.538208735279740195e-10 3.225661900555548966e-09 3.107471643498391747e-08 2.269302143457546303e-07 1.256244842631054335e-06 5.271729036722616243e-06 1.676983104097464427e-05 4.043906575830819901e-05 7.392143004335366917e-05 1.024321823230546280e-04 1.075967888882357605e-04 8.567596699641619076e-05 5.171488207310573240e-05 2.366294977466226328e-05 8.207654083976049386e-06 2.158072480238442578e-06 4.301399973925769025e-07 6.499058542525467075e-08 7.443683335457956709e-09
1.625251063872511118e-12 2.724677778494066389e-11 3.462634565557103074e-10 3.335761482755812640e-09 2.436016012798993326e-08 1.348534641571694637e-07 5.659015651845890372e-07 1.800182362913809116e-06 4.340991437119883737e-06 7.935205446034014639e-06 1.099573439721535026e-05 1.155013674195642295e-05 9.197013633332959336e-06 5.551410648127893074e-06 2.540134407721890203e-06 8.810627898855956393e-07 2.316614882596406345e-07 4.617401540885810713e-08 6.976510696626964825e-09 7.990532178210950305e-10
1.322528664808630449e-13 2.217174038231027976e-12 2.817677570254875326e-11 2.714436112656590241e-10 1.982278969984543785e-09 1.097353977247353198e-08 4.604956477514390319e-08 1.464876922562160074e-07 3.532429996138857306e-07 6.457178768749748294e-07 8.947647692221566130e-07 9.398785986516939867e-07 7.483960128435092280e-07 4.517394189411780126e-07 2.067004071773619613e-07 7.169543346389498767e-08 1.885117724676874031e-08 3.757355420646581243e-09 5.677052353159973331e-10 6.502200237038975608e-11
