1.979960495816378453e-07 1.828138085075821412e-06 1.279553021473812087e-05 6.788977924311924981e-05 2.730532346876076615e-04 8.325054290285396766e-04 1.924082290993611721e-03 3.370986629032925001e-03 4.477001468126563972e-03 4.507277146824218220e-03 3.439838942531011322e-03 1.990026107346242346e-03 8.727226722948759488e-04 2.901286134956927894e-04 7.311419218087991179e-05 1.396720890226843085e-05 2.022620436428510509e-06 2.220322053782253193e-07 1.847627313218649646e-08 1.165492798063499605e-09
7.862164816174134873e-07 7.259297830416937638e-06 5.080938113218649448e-05 2.695814562315298969e-04 1.084258771444973710e-03 3.305770447042872314e-03 7.640279754892959595e-03 1.338574811294316984e-02 1.777758874434076652e-02 1.789780951457605948e-02 1.365915166712553322e-02 7.902134046363619435e-03 3.465467873168407223e-03 1.152062872977018936e-03 2.903269184118198866e-04 5.546196433898610247e-05 8.031561874776806163e-06 8.816609204429926962e-07 7.336687012737861723e-08 4.628019846760112897e-09
2.366598482389722958e-06 2.185128858318660484e-05 1.529418513730762031e-04 8.114699705677333799e-04 3.263738706851582443e-03 9.950734315574255237e-03 2.299808627232688418e-02 4.029258087361970581e-02 5.351250644905532899e-02 5.387438425121644781e-02 4.111555578134084427e-02 2.378629662315397825e-02 1.043144121392460683e-02 3.467836544454052771e-03 8.739161039931563979e-04 1.669466409111336101e-04 2.417588868776133799e-05 2.653896789355349181e-06 2.208423857306382921e-07 1.393085111021843804e-08
5.400125325531686437e-06 4.986046334079228176e-05 3.489840676731430680e-04 1.851619348013109961e-03 7.447227815759633295e-03 2.270567347398512806e-02 5.247723643959625178e-02 9.193996701415804718e-02 1.221053099875327452e-01 1.229310459536205602e-01 9.381783842941156248e-02 5.427578178179116863e-02 2.380255472158835164e-02 7.912940064763712006e-03 1.994109486962089995e-03 3.809403201705410889e-04 5.516475639677860852e-05 6.055685140587787698e-06 5.039201068575976080e-07 3.178753913952416881e-08
9.340710579382075106e-06 8.624469421445795584e-05 6.036450964458626740e-04 3.202785007822338791e-03 1.288162689796195151e-02 3.927448191391118282e-02 9.077098179009575329e-02 1.590304985139638638e-01 2.112081279682114232e-01 2.126364208705531222e-01 1.622786922757356587e-01 9.388196357155734195e-02 4.117178052388453802e-02 1.368717918961954473e-02 3.449253204040973568e-03 6.589204998459608593e-04 9.541964169761049674e-05 1.047464620694262290e-05 8.716412285903138802e-07 5.498357634946946389e-08
1.224765126376947394e-05 1.130850730372373830e-04 7.915066595332300933e-04 4.199529951738655356e-03 1.689054302833001980e-02 5.149716972374349111e-02 1.190199953619167222e-01 2.085226888842635073e-01 2.769386197596301336e-01 2.788114144706675956e-01 2.127817593364778881e-01 1.230991518268847729e-01 5.398493031976075995e-02 1.794679281351554967e-02 4.522701994084049951e-03 8.639844286017762899e-04 1.251153737495932291e-04 1.373448120073169073e-05 1.142906388563424064e-06 7.209512195459701295e-08
1.217369810369328843e-05 1.124022483610245349e-04 7.867274232998315792e-04 4.174172558384027683e-03 1.678855538960266625e-02 5.118622206904362149e-02 1.183013347322411091e-01 2.072635975320959445e-01 2.752664227287635046e-01 2.771279092237134423e-01 2.114969510764603544e-01 1.223558606370688667e-01 5.365896119248412394e-02 1.783842737975125173e-02 4.495393239340613606e-03 8.587675606998679094e-04 1.243599083086177929e-04 1.365155033791346874e-05 1.136005347924264593e-06 7.165980076690181418e-08
9.172528343968538829e-06 8.469183318292561281e-05 5.927762893188351020e-04 3.145117923761997676e-03 1.264968942499875362e-02 3.856733334027157706e-02 8.913662362233092107e-02 1.561671077139057395e-01 2.074052636360683433e-01 2.088078397055096458e-01 1.593568167936751656e-01 9.219159126376640090e-02 4.043047053192878881e-02 1.344073751122121241e-02 3.387148387771061770e-03 6.470564428577788973e-04 9.370158304386236553e-05 1.028604712775284270e-05 8.559470724490774973e-07 5.399358092001078349e-08
5.239048475115431875e-06 4.837320778447067916e-05 3.385744473259133590e-04 1.796388590434646812e-03 7.225089267377552034e-03 2.202840060543194423e-02 5.091192684867350965e-02 8.919754912174415740e-02 1.184631095632386472e-01 1.192642151845335063e-01 9.101940672346160721e-02 5.265682454352923342e-02 2.309256369077155452e-02 7.676910086507739671e-03 1.934628483062720119e-03 3.695774974079803665e-04 5.351928250891135224e-05 5.875054019871647774e-06 4.888889994700939692e-07 3.083936916597375441e-08
2.268363187565112150e-06 2.094426198267115746e-05 1.465933778265689788e-04 7.777866092399843452e-04 3.128263958395602080e-03 9.537688618771172216e-03 2.204345716976679678e-02 3.862007343696846617e-02 5.129125223675715800e-02 5.163810882900442961e-02 3.940888742415540186e-02 2.279894964437893801e-02 9.998441822299584600e-03 3.323889885194813293e-03 8.376406619329339852e-04 1.600168416182165456e-04 2.317237010589735319e-05 2.543736009875276799e-06 2.116754243582499355e-07 1.335259447895916091e-08
7.445083688190981152e-07 6.874198281085777528e-06 4.811398686225928147e-05 2.552803902430529691e-04 1.026739769745901388e-03 3.130402148470753498e-03 7.234969439886319159e-03 1.267564560906796201e-02 1.683450284628673632e-02 1.694834600734832983e-02 1.293454533823022376e-02 7.482932584858862160e-03 3.281627762546834772e-03 1.090946921606949799e-03 2.749253233745385465e-04 5.251975450396981004e-05 7.605494377526285817e-06 8.348895616894159738e-07 6.947482033387008051e-08 4.382507346940184033e-09
1.852351479497346412e-07 1.710314066250791579e-06 1.197085465811299047e-05 6.351426368832097699e-05 2.554548761573034580e-04 7.788502176730309522e-04 1.800074640846366239e-03 3.153725583338104835e-03 4.188457451913285036e-03 4.216781854519743335e-03 3.218140345675274405e-03 1.861768359505198154e-03 8.164754481880399494e-04 2.714297419513266095e-04 6.840196172836485785e-05 1.306701832144274695e-05 1.892261974820420858e-06 2.077221666782975045e-07 1.728547208104336513e-08 1.090376456196042305e-09
3.493606835412226492e-08 3.225718757315358042e-07 2.257749683157238450e-06 1.197903682015603972e-05 4.817978182654163166e-05 1.468941760968153049e-04 3.395010687291150921e-04 5.948048940449578506e-04 7.899593433427803306e-04 7.953014356859537800e-04 6.069537684078118002e-04 3.511367436857372806e-04 1.539904407078312933e-04 5.119270356145647028e-05 1.290087565426121014e-05 2.464490407546031222e-06 3.568879579709763291e-07 3.917720742560489672e-08 3.260107171023900119e-09 2.056492346459407319e-10
4.994838839758151717e-09 4.611837019512250502e-08 3.227923558420334017e-07 1.712652888290687223e-06 6.888303604142927199e-06 2.100158291040419127e-05 4.853875104201575762e-05 8.503975194745781502e-05 1.129411463809662286e-04 1.137049097801785417e-04 8.677668665092350912e-05 5.020231319821009491e-05 2.201614178225622763e-05 7.319063538264948964e-06 1.844448955493040193e-06 3.523502496917296733e-07 5.102456910281007341e-08 5.601198031191258127e-09 4.661002421493962591e-10 2.940184265053055131e-11
5.413345559252238029e-10 4.998252846688550191e-09 3.498384276483784287e-08 1.856152361427911671e-07 7.465459631941587367e-07 2.276126001911392509e-06 5.260570777848550256e-06 9.216504842966531685e-06 1.224042402232671061e-05 1.232319977021541555e-05 9.404751712692811436e-06 5.440865620178452989e-06 2.386082657966503972e-06 7.932312007221856660e-07 1.998991335417973868e-07 3.818729133535968648e-08 5.529980714629643059e-09 6.070510272982065644e-10 5.051537711130631246e-11 3.186535931433370498e-12
4.447406652474954215e-11 4.106381666901222436e-10 2.874144525570788907e-09 1.524946868782907816e-08 6.133348493545359773e-08 1.869981846156193080e-07 4.321892481670918396e-07 7.571943173130615334e-07 1.005628453424090271e-06 1.012429006017571290e-06 7.726599913877069435e-07 4.470016127650712766e-07 1.960318211767951823e-07 6.516897324267336519e-08 1.642298143738990529e-08 3.137328139612383938e-09 4.543229828782487956e-10 4.987309137476770753e-11 4.150158561984319669e-12 2.617941334926490577e-13
2.769776658792204132e-12 2.557391527654842177e-11 1.789973133329563222e-10 9.497135236560073921e-10 3.819755382208307276e-09 1.164596016189850199e-08 2.691608358070881582e-08 4.715690086708622520e-08 6.262899787140681022e-08 6.305252585776331911e-08 4.812007933066571999e-08 2.783857493198131098e-08 1.220856119315867809e-08 4.058623711968435060e-09 1.022798098027452211e-09 1.953879852033444950e-10 2.829453863475126584e-11 3.106019646635401587e-12 2.584655106560558779e-13 1.630413715267407323e-14
1.307613754737641630e-13 1.207346566083494376e-12 8.450477342000654406e-12 4.483605068484042427e-11 1.803309541819429840e-10 5.498067017961526683e-10 1.270710438044864887e-09 2.226281025542702245e-09 2.956719950763009270e-09 2.976714740549330410e-09 2.271752757107976844e-09 1.314261327815037049e-09 5.763671410492649837e-10 1.916079469522471043e-10 4.828637923042506570e-11 9.224282259414355846e-12 1.335787410342684111e-12 1.466354335658550035e-13 1.220217723282152700e-14 7.697196065354389489e-16
4.679624745638162476e-15 4.320793389282738249e-14 3.024215884759881484e-13 1.604570856809032919e-12 6.453596809737426037e-12 1.967621583759800834e-11 4.547556943991116963e-11 7.967306660799563197e-11 1.058136609329927040e-10 1.065292247814830946e-10 8.130038690413742183e-11 4.703414758062481412e-11 2.062674796785096713e-11 6.857172362786597991e-12 1.728049542957750029e-12 3.301141439168124139e-13 4.780451259176079963e-14 5.247717844936838666e-15 4.366856062999371183e-16 2.754635231463130988e-17
1.269519560641959818e-16 1.172173416319275250e-15 8.204292929439223344e-15 4.352985976180686236e-14 1.750774438504882937e-13 5.337894007105337548e-13 1.233691333671798362e-12 2.161423661362120562e-12 2.870582998407732440e-12 2.889995287895121833e-12 2.205570682964809277e-12 1.275973472603327833e-12 5.595760651968170800e-13 1.860259084527067713e-13 4.687967125116357511e-14 8.955554894387526868e-15 1.296872444286539862e-15 1.423635615032344181e-16 1.184669603188365692e-17 7.472956698153054887e-19
