3.942485866333874980e-23 6.618526430105921971e-22 8.422660379546642167e-21 8.125200574880683805e-20 5.941768283721319186e-19 3.293776686940414381e-18 1.384106189761371800e-17 4.409014120788558009e-17 1.064658652794497725e-16 1.948839644992242682e-16 2.704198969839858012e-16 2.844448005631861085e-16 2.268058100435547328e-16 1.370904402226433389e-16 6.281407747848513478e-17 2.181743145181428509e-17 5.744431748488824017e-18 1.146535079275548879e-18 1.734700243351217715e-19 1.989566003391000250e-20
2.730310408024496597e-21 4.583562810513592287e-20 5.832989153849791545e-19 5.626987755700590469e-18 4.114883943058933319e-17 2.281056438744952358e-16 9.585423166604046578e-16 3.053397666155751733e-15 7.373136389760173264e-15 1.349640137389001385e-14 1.872753091081752245e-14 1.969880491184358335e-14 1.570710168044778079e-14 9.493996135199936752e-15 4.350096241928797366e-15 1.510934019521096494e-15 3.978221437650974490e-16 7.940159498966534499e-17 1.201341054807311869e-17 1.377844575904963532e-18
1.433344959768424852e-19 2.406256311708243174e-18 3.062174022221825887e-17 2.954028419115823486e-16 2.160211579782626383e-15 1.197497815564513432e-14 5.032108416214989925e-14 1.602957723081628075e-13 3.870712960287365034e-13 7.085274563441993896e-13 9.831487277430043975e-13 1.034138193623263693e-12 8.245837161983959365e-13 4.984111501921081042e-13 2.283692178204619649e-13 7.932027270811984125e-14 2.088467168326649621e-14 4.168385969650858655e-15 6.306741317068202748e-16 7.233340840708991657e-17
5.704088328584900021e-18 9.575851541987746423e-17 1.218611819939948124e-15 1.175574582584018590e-14 8.596700728276112154e-14 4.765519470184660934e-13 2.002559864566259429e-12 6.379073214114631551e-12 1.540375083444300274e-11 2.819630519974664675e-11 3.912503507939933651e-11 4.115419362372739033e-11 3.281483860150706729e-11 1.983459184247391059e-11 9.088099700634676385e-12 3.156601198413930840e-12 8.311189234871629781e-13 1.658835969421069985e-13 2.509808214200228654e-14 2.878554446016327560e-15
1.720753176045803824e-16 2.888748561561330973e-15 3.676188093056476755e-14 3.546357594995404292e-13 2.593367989686490325e-12 1.437614968676816055e-11 6.041125327435322409e-11 1.924375967042510706e-10 4.646851809526897185e-10 8.505983591116247452e-10 1.180285516239228891e-09 1.241499172282301044e-09 9.899257250629246579e-10 5.983504276655623693e-10 2.741608390900863142e-10 9.522523538881269204e-11 2.507237694927323550e-11 5.004212940770629146e-12 7.571342179622790307e-13 8.683739486608197033e-14
3.935027185290769476e-15 6.606005021205240172e-14 8.406725779034307724e-13 8.109828730426704332e-12 5.930527215024321637e-11 3.287545281028501950e-10 1.381487637165560564e-09 4.400672827716983429e-09 1.062644454245607038e-08 1.945152688638045879e-08 2.699082969864977350e-08 2.839066672346962584e-08 2.263767223427505786e-08 1.368310825730920423e-08 6.269524124550547432e-09 2.177615565073443884e-09 5.733564015378651021e-10 1.144365980957635091e-10 1.731418411466659524e-11 1.985801997954665299e-12
6.821403091507769140e-14 1.145156588564601228e-12 1.457313063374057972e-11 1.405845707499062098e-10 1.028061936396729517e-09 5.698987703898819528e-09 2.394820568017145650e-08 7.628603772780493456e-08 1.842103198793776139e-07 3.371938728486783954e-07 4.678883282864151509e-07 4.921546221621145431e-07 3.924259734231377218e-07 2.371978453331777606e-07 1.086827338966190687e-07 3.774915101789778754e-08 9.939181982289597192e-09 1.983768160357433571e-09 3.001428541287044596e-10 3.442404651892997230e-11
8.963889820168440855e-13 1.504830802260083109e-11 1.915030318299190290e-10 1.847397941028711562e-09 1.350958710773440734e-08 7.488942843421990676e-08 3.146992989976488786e-07 1.002461851082470234e-06 2.420676492776712511e-06 4.431007350986710579e-06 6.148440968286457048e-06 6.467320210177905022e-06 5.156802993678283302e-06 3.116976555446442849e-06 1.428181327118498497e-06 4.960551751451202790e-07 1.306091004983470109e-07 2.606836010078355465e-08 3.944126213667153849e-09 4.523605422822707749e-10
8.929273496028251070e-12 1.499019518110877257e-10 1.907634945133471343e-09 1.840263747366638558e-08 1.345741642561945486e-07 7.460022399492395479e-07 3.134840081853630547e-06 9.985905914985820602e-06 2.411328439220324570e-05 4.413895897164040171e-05 6.124697210856937127e-05 6.442345020031077691e-05 5.136888696700352646e-05 3.104939563365400528e-05 1.422666044273402770e-05 4.941395328203332611e-06 1.301047204748066718e-06 2.596769054536113451e-07 3.928894974305546637e-08 4.506136378162382614e-09
6.742680172300365251e-11 1.131940822190432841e-09 1.440494831551529673e-08 1.389621438596480337e-07 1.016197509727686082e-06 5.633218104512937892e-06 2.367182959806164122e-05 7.540565292952563245e-05 1.820844267259459203e-04 3.333024614112647206e-04 4.624886275838373229e-04 4.864748744565064779e-04 3.878971517443340067e-04 2.344604456275976227e-04 1.074284725716380737e-04 3.731350408047663967e-05 9.824478099571752306e-06 1.960874333600815402e-06 2.966790327800337160e-07 3.402677320190870079e-08
3.859631253439765875e-10 6.479432603548794491e-09 8.245651180542251468e-08 7.954442740574318252e-07 5.816897091345412291e-06 3.224555235904537104e-05 1.355018049322793613e-04 4.316355029390883625e-04 1.042283967498877206e-03 1.907883162241752993e-03 2.647367983900757171e-03 2.784669569793554386e-03 2.220392976880478705e-03 1.342093708310889691e-03 6.149398750220304213e-04 2.135892002055714723e-04 5.623707747197663232e-05 1.122439692916883382e-05 1.698244077870062302e-06 1.947753622414335448e-07
1.674772758699287116e-09 2.811558022953716412e-08 3.577956304142112519e-07 3.451595019776680880e-06 2.524070344818611709e-05 1.399200315626303055e-04 5.879699814662811119e-04 1.872954524776421345e-03 4.522682818573491199e-03 8.278694354689607182e-03 1.148746989168515295e-02 1.208324948999401488e-02 9.634738209699469924e-03 5.823618461731528903e-03 2.668349599477901762e-03 9.268071237060762852e-04 2.440241546261423143e-04 4.870494867364976154e-05 7.369027589628928852e-06 8.451700417158244006e-07
5.508873265746544347e-09 9.248130379057571983e-08 1.176906402824820613e-06 1.135342059384773520e-05 8.302489738508801558e-05 4.602425715453063921e-04 1.934024837182506812e-03 6.160757664528306726e-03 1.487657733819415518e-02 2.723132303707670107e-02 3.778603123836421496e-02 3.974574444981501115e-02 3.169179309263545768e-02 1.915577853001203257e-02 8.777071215109658389e-03 3.048570595483753032e-03 8.026749507559488702e-04 1.602064448828327255e-04 2.423913266572569458e-05 2.780039634412385667e-06
1.373619646862135459e-08 2.305991256761018467e-07 2.934577870015561490e-06 2.830938530346640525e-05 2.070198836048458039e-04 1.147599895840608524e-03 4.822428082329860075e-03 1.536164903297290198e-02 3.709426215496400975e-02 6.790041906819754836e-02 9.421824097623285321e-02 9.910472218501645281e-02 7.902245620173002638e-02 4.776431126737599314e-02 2.188534185011589001e-02 7.601511711733299932e-03 2.001443905522578681e-03 3.994695641544635488e-04 6.043948961317501727e-05 6.931938486638576153e-06
2.596372651397893273e-08 4.358712142108644131e-07 5.546846787253774863e-06 5.350950967228181488e-05 3.913024724967001876e-04 2.169157227121899529e-03 9.115201879134981686e-03 2.903610582499688286e-02 7.011440758214410041e-02 1.283432364190831010e-01 1.780883556028955705e-01 1.873246286869605093e-01 1.493657611822527820e-01 9.028259880438233020e-02 4.136698479520059535e-02 1.436813834361676256e-02 3.783066317867956642e-03 7.550648054618164457e-04 1.142408222353016726e-04 1.310253209394238236e-05
3.720183629180504587e-08 6.245332135451571842e-07 7.947737625569223667e-06 7.667050482184114538e-05 5.606733884892507822e-04 3.108052767815410681e-03 1.306061546641848828e-02 4.160406076036426287e-02 1.004626478084129082e-01 1.838951765206931488e-01 2.551719163675771340e-01 2.684060073612097863e-01 2.140170669303299855e-01 1.293604159214596094e-01 5.927222332310724817e-02 2.058722696025356083e-02 5.420524429056525033e-03 1.081886194856137955e-03 1.636886894626122960e-04 1.877381714464323859e-05
4.040718054353764445e-08 6.783435666242611545e-07 8.632521970959425547e-06 8.327650566493016910e-05 6.089815206146888130e-04 3.375845437920600104e-03 1.418593004446784545e-02 4.518870470000607709e-02 1.091186014592133019e-01 1.997397531797166781e-01 2.771577621445655004e-01 2.915321145263891078e-01 2.324569732262702915e-01 1.405062277121244263e-01 6.437917231417038255e-02 2.236104127088474336e-02 5.887561773228688899e-03 1.175102499247941083e-03 1.777922567093236604e-04 2.039138640643038013e-05
3.326975006927004259e-08 5.585225353293246482e-07 7.107693349993828899e-06 6.856673721961729635e-05 5.014124399455301096e-04 2.779543944450399602e-03 1.168016032623380059e-02 3.720667690989629822e-02 8.984414526385268995e-02 1.644581873270457295e-01 2.282012590898926663e-01 2.400365592696616368e-01 1.913963136518292141e-01 1.156875341530342466e-01 5.300738491890334692e-02 1.841123890268431956e-02 4.847596542937562987e-03 9.675351244472371820e-04 1.463874456322767866e-04 1.678949929646474996e-05
2.076525879335951392e-08 3.486009051432344745e-07 4.436254902100646444e-06 4.279581421613217883e-05 3.129557347440338044e-04 1.734847698400346317e-03 7.290152508425414013e-03 2.322248508829457408e-02 5.607607281652840503e-02 1.026463022241703299e-01 1.424314337230029592e-01 1.498184165112204924e-01 1.194596886601272251e-01 7.220618071526387072e-02 3.308447053279595096e-02 1.149134393028510004e-02 3.025619264656593307e-03 6.038854277228119984e-04 9.136747905602074472e-05 1.047913787077234721e-05
9.824760608124978341e-09 1.649351195133287493e-07 2.098945302993172113e-06 2.024817672090592100e-05 1.480701591729375092e-04 8.208163210463126185e-04 3.449222757334756591e-03 1.098735917470034136e-02 2.653152540734800627e-02 4.856550822204131618e-02 6.738922704146681208e-02 7.088426354608215463e-02 5.652050162660202798e-02 3.416323615390415985e-02 1.565340485596214068e-02 5.436951415061811940e-03 1.431524897541277619e-03 2.857190378002455520e-04 4.322910771429133259e-05 4.958041793960125496e-06
