1.009979164124676717e-18 1.130809510121643479e-17 9.597614667397457518e-17 6.174957690678951165e-16 3.011629082742415928e-15 1.113437381823400591e-14 3.120519730549311340e-14 6.629562775047012841e-14 1.067676444076733860e-13 1.303440629645687956e-13 1.206256500957308079e-13 8.462231439476141756e-14 4.500149589998565182e-14 1.814119206534903750e-14 5.543722867663068552e-15 1.284204009012480559e-15 2.255087255053158209e-16 3.001853538558772017e-17 3.029092021189963307e-18 2.317033187819534746e-19
4.658942694935446144e-17 5.216322171468486200e-16 4.427292990962817018e-15 2.848452230146481256e-14 1.389237304420847197e-13 5.136186112126384698e-13 1.439467577100428002e-12 3.058157451019299478e-12 4.925095037972394093e-12 6.012653939284826029e-12 5.564352328222580095e-12 3.903550959090241974e-12 2.075878374838673231e-12 8.368368106239995812e-13 2.557269305593031863e-13 5.923917145143159744e-14 1.040251389985600644e-14 1.384727934150537910e-15 1.397292800257028248e-16 1.068826489472235269e-17
1.629142758565882210e-15 1.824047653823373014e-14 1.548139307254679525e-13 9.960490239359541434e-13 4.857895970446524440e-12 1.796025613346446836e-11 5.033541584387399008e-11 1.069378911077470976e-10 1.722211119935805321e-10 2.102509574886338384e-10 1.945747113714748630e-10 1.364996780193904338e-10 7.258947884695558067e-11 2.926257563999405154e-11 8.942279490663346919e-12 2.071480022676692390e-12 3.637559270530205046e-13 4.842127568895758597e-14 4.886064491863278750e-15 3.737480903939755833e-16
4.318448407553060366e-14 4.835092348130684597e-13 4.103728596485585361e-12 2.640275874317762611e-11 1.287706249641398630e-10 4.760812954604426984e-10 1.334265491784448151e-09 2.834654993450999611e-09 4.565149265926754166e-09 5.573224984608223780e-09 5.157687059984308317e-09 3.618263740700303501e-09 1.924164826461793567e-09 7.756774076979854047e-10 2.370373770088959859e-10 5.490973432605017223e-11 9.642256307255180591e-12 1.283526442303554996e-12 1.295173017413327424e-13 9.907123469085419232e-15
8.677470541286082089e-13 9.715612519978080964e-12 8.246013531886691962e-11 5.305358304197648420e-10 2.587511067065113040e-09 9.566355845284110523e-09 2.681066995952499220e-08 5.695942819962565929e-08 9.173190121333301863e-08 1.119881287439078881e-07 1.036383286318940067e-07 7.270522664023453912e-08 3.866408029559377310e-08 1.558642646527373369e-08 4.763018246509281498e-09 1.103353698080027007e-09 1.937510586241940638e-10 2.579112181257193715e-11 2.602514756183216983e-12 1.990732872980755224e-13
1.321768445968235589e-11 1.479900162272131570e-10 1.256048112133319146e-09 8.081220405969465171e-09 3.941344964258870541e-08 1.457165108085318883e-07 4.083851094528340959e-07 8.676166002114724006e-07 1.397277374040944122e-06 1.705823997816618275e-06 1.578638290118827708e-06 1.107459529511559226e-06 5.889384594732813004e-07 2.374153457414060258e-07 7.255117946933248552e-08 1.680648866424607459e-08 2.951252147085307497e-09 3.928551625244496335e-10 3.964198862471579723e-11 3.032321323752568930e-12
1.526210479638132226e-10 1.708800919985177437e-09 1.450324977506414855e-08 9.331167883056362770e-08 4.550965039806545776e-07 1.682549364305440409e-06 4.715513036162004645e-06 1.001813556368237673e-05 1.613398608301916967e-05 1.969669097357542759e-05 1.822811180949675261e-05 1.278753736988722158e-05 6.800314014544574575e-06 2.741371151677137391e-06 8.377289589107283988e-07 1.940600050147380261e-07 3.407731489335597693e-08 4.536192915284371549e-09 4.577353821487037554e-10 3.501339887525627290e-11
1.335888779376334117e-09 1.495709802580706003e-08 1.269466361126961272e-07 8.167551356617199761e-07 3.983449997966871851e-06 1.472731871855158271e-05 4.127478508406818154e-05 8.768852703047522862e-05 1.412204362535208904e-04 1.724047162137249897e-04 1.595502740965162923e-04 1.119290420043392618e-04 5.952300360576526911e-05 2.399516325231746999e-05 7.332623719323459081e-06 1.698603087081217123e-06 2.982780108291622750e-07 3.970519988862636555e-08 4.006548042318355584e-09 3.064715339680606400e-10
8.863862128269277815e-09 9.924303339208891550e-08 8.423137446186416888e-07 5.419317106953471049e-06 2.643090661583140903e-05 9.771840639402933819e-05 2.738656166645298050e-04 5.818291356500602651e-04 9.370229737460922508e-04 1.143936275514854332e-03 1.058644741951746213e-03 7.426693088468793325e-04 3.949458260052849030e-04 1.592122204313673253e-04 4.865327614841082282e-05 1.127053674451067469e-05 1.979128206405338159e-06 2.634511368172893172e-07 2.658416629113145925e-08 2.033493704917789453e-09
4.458332983304522242e-08 4.991712221290322626e-07 4.236657898758727200e-06 2.725800543293727495e-05 1.329418046431317738e-04 4.915026745655425282e-04 1.377485450585309206e-03 2.926476053641774953e-03 4.713025055571327948e-03 5.753754688558343836e-03 5.324756525254015563e-03 3.735467708551242546e-03 1.986492995059275287e-03 8.008034008454427725e-04 2.447155682921667470e-04 5.668838817713953750e-05 9.954591388176427694e-06 1.325102845424033664e-06 1.337126680156808440e-07 1.022803821266935926e-08
1.699882218103823950e-07 1.903250132872225826e-06 1.615361493468139479e-05 1.039298744843496122e-04 5.068832018643690436e-04 1.874011339604258206e-03 5.252104389500152244e-03 1.115812709351528959e-02 1.796991726603894626e-02 2.193803226236896997e-02 2.030233938763059687e-02 1.424266683948036301e-02 7.574140673956964928e-03 3.053319405239353877e-03 9.330564688434187653e-04 2.161426331235172412e-04 3.795506740438269215e-05 5.052378932956059983e-06 5.098223653240988382e-07 3.899767098803865125e-08
4.913172126740580524e-07 5.500966716078675282e-06 4.668881749448932950e-05 3.003886722350351726e-04 1.465045279249418400e-03 5.416457788004855334e-03 1.518016520109745880e-02 3.225035148825815962e-02 5.193847884932957515e-02 6.340752757990414379e-02 5.867988200864971554e-02 4.116560134633594908e-02 2.189155015975620053e-02 8.825013660412254005e-03 2.696814512543175939e-03 6.247173769764797656e-04 1.097015882946210922e-04 1.460289841423292469e-05 1.473540347809160926e-06 1.127150269975521467e-07
1.076470040129101099e-06 1.205255120083589238e-05 1.022946315443160092e-04 6.581479291052101796e-04 3.209896396588918233e-03 1.186739316678334967e-02 3.325955741353689432e-02 7.066012805005048025e-02 1.137965757537448275e-01 1.389251220956265465e-01 1.285669081219984744e-01 9.019333210828618663e-02 4.796412026906633069e-02 1.933549764613290770e-02 5.908687812376688629e-03 1.368748178398035854e-03 2.403548463344363129e-04 3.199477290122729168e-05 3.228508988530559499e-06 2.469572538988195593e-07
1.787881516217914194e-06 2.001777356726082045e-05 1.698985332879959624e-04 1.093101037204139694e-03 5.331234704634738378e-03 1.971024933126621498e-02 5.523994697531900422e-02 1.173575967419633881e-01 1.890018178068491872e-01 2.307371767664793960e-01 2.135334844999869641e-01 1.497997950255719191e-01 7.966237876943807472e-02 3.211383276793294134e-02 9.813588238445910411e-03 2.273318789458644157e-03 3.991992076650812413e-04 5.313929877587092682e-05 5.362147881835078161e-06 4.101649772702277198e-07
2.250983653570362360e-06 2.520283400887563983e-05 2.139061328884201384e-04 1.376239165810262026e-03 6.712146227041785977e-03 2.481565397372157561e-02 6.954835459598830705e-02 1.477558940523573117e-01 2.379576043038229283e-01 2.905033742230464511e-01 2.688435328288311665e-01 1.886013624795785937e-01 1.002967538888521054e-01 4.043204874505711838e-02 1.235553167658548154e-02 2.862160265100068077e-03 5.026009178019910564e-04 6.690359054648774815e-05 6.751066623011359757e-06 5.164070721282680749e-07
2.148338776488921697e-06 2.405358452639194116e-05 2.041520110926121597e-04 1.313482646106000880e-03 6.406072292060262761e-03 2.368405990470732678e-02 6.637694893189181877e-02 1.410182238080591455e-01 2.271067351712912907e-01 2.772564174574689289e-01 2.565842650471280018e-01 1.800011384671106884e-01 9.572322090994327126e-02 3.858834691852250365e-02 1.179211930874914278e-02 2.731645728429579235e-03 4.796823109311784748e-04 6.385278614945945276e-05 6.443217917584961882e-06 4.928589044823071003e-07
1.554282699130873064e-06 1.740231600835040129e-05 1.477001403626889320e-04 9.502799906575739317e-04 4.634672818783094547e-03 1.713497189452961242e-02 4.802247414373985585e-02 1.020240326738626330e-01 1.643074515043346229e-01 2.005898034300891419e-01 1.856338899601936154e-01 1.302274382444139622e-01 6.925394997923163543e-02 2.791794323125413799e-02 8.531376535329425123e-03 1.976294308103384786e-03 3.470411301600836930e-04 4.619628984475486916e-05 4.661546980220417374e-06 3.565741477707743901e-07
8.524208772966035261e-07 9.544015054099062401e-06 8.100372171368651797e-05 5.211654892425268909e-04 2.541810362026779031e-03 9.397394555671947577e-03 2.633713903040319632e-02 5.595340891706628017e-02 9.011172937588023124e-02 1.100101907537428814e-01 1.018078650842174498e-01 7.142110455097167021e-02 3.798119404569205021e-02 1.531113849160756386e-02 4.678893662561973976e-03 1.083866229001832857e-03 1.903290210940925507e-04 2.533559817614515635e-05 2.556549055497295762e-06 1.955572483911815550e-07
3.543846988106685751e-07 3.967820346115846421e-06 3.367641535609582504e-05 2.166688778452607498e-04 1.056729983476539748e-03 3.906864470258668287e-03 1.094937880032298763e-02 2.326202055185603093e-02 3.746297037615632652e-02 4.573553904499700479e-02 4.232551145257055364e-02 2.969254660361219517e-02 1.579026789564271296e-02 6.365439124397203989e-03 1.945199097695515626e-03 4.506055838684238507e-04 7.912721826953809413e-05 1.053299909466811512e-05 1.062857434816042327e-06 8.130079684479370552e-08
1.116844387218485550e-07 1.250459711698304760e-06 1.061313188699155193e-05 6.828325853755011618e-05 3.330287551387153084e-04 1.231249450068061177e-03 3.450699846158724032e-03 7.331032399505880981e-03 1.180646577957811076e-02 1.441356815072486648e-02 1.333889698415275694e-02 9.357614515457524096e-03 4.976307422727214470e-03 2.006069952264525561e-03 6.130300494278268257e-04 1.420084780414360799e-04 2.493696536479385748e-05 3.319477663380238293e-06 3.349598231728165550e-07 2.562196927159336165e-08
