3.711784592841372428e-07 2.004239779489043999e-06 8.203768751020717534e-06 2.545505042190434242e-05 5.987304319164878541e-05 1.067543359250833787e-04 1.442900996325245232e-04 1.478374158725234580e-04 1.148230322349678907e-04 6.760370215801656793e-05 3.017232432581104504e-05 1.020807552190013786e-05 2.618037125751038766e-06 5.089844879496171801e-07 7.501189069070196071e-08 8.380163593748824523e-09 7.096949271893072768e-10 4.556042058096451847e-11 2.217178034990059097e-12 8.179188739366880944e-14
2.509037074521293351e-06 1.354796267721697570e-05 5.545461874810342774e-05 1.720672728841631059e-04 4.047209135518970140e-04 7.216221200403632801e-04 9.753508060855494832e-04 9.993294280626280682e-04 7.761636961425910164e-04 4.569774749765705656e-04 2.039544010822828704e-04 6.900303426378106533e-05 1.769701890473700855e-05 3.440557819774330119e-06 5.070542486110089453e-07 5.664698643294360601e-08 4.797290466025067432e-09 3.079725708999633504e-10 1.498735110149771125e-11 5.528846643244755108e-13
1.285666157123588567e-05 6.942168088685824606e-05 2.841573259503574677e-04 8.816970930488355349e-04 2.073847321419481065e-03 3.697694017314121558e-03 4.997835765127753641e-03 5.120705622586005888e-03 3.977172783343091086e-03 2.341617348389574398e-03 1.045091257242306395e-03 3.535813272456681737e-04 9.068203303507479452e-05 1.762990589270081236e-05 2.598217833785031574e-06 2.902671869596425638e-07 2.458199625940894222e-08 1.578095101699413461e-09 7.679731117484937429e-11 2.833059379364627882e-12
4.993972710177866525e-05 2.696578562970759134e-04 1.103765486343737676e-03 3.424816930065439392e-03 8.055541378965282162e-03 1.436312444777183665e-02 1.941332536654742646e-02 1.989059445514409011e-02 1.544871678672354691e-02 9.095652919494611605e-03 4.059496463677889598e-03 1.373432355911033236e-03 3.522404286457999278e-04 6.848066150246216331e-05 1.009237809140882084e-05 1.127498302965131984e-06 9.548498869709421286e-08 6.129868028559018039e-09 2.983073592605792725e-10 1.100458400376197445e-11
1.470486145241294105e-04 7.940134330974249911e-04 3.250061523075839422e-03 1.008444806954038320e-02 2.371971710226769212e-02 4.229253287624146901e-02 5.716295951395506530e-02 5.856828874393464612e-02 4.548908317086998443e-02 2.678234819501845373e-02 1.195327578448414016e-02 4.044101495943808189e-03 1.037179616664456530e-03 2.016427998316855884e-04 2.971722718009184354e-05 3.319943318701572807e-06 2.811576296190811739e-07 1.804952996595884953e-08 8.783725187808970715e-10 3.240323736390547040e-11
3.282256587234411594e-04 1.772308994253723839e-03 7.254427984618873337e-03 2.250938998098541213e-02 5.294452991495517818e-02 9.440071575859226849e-02 1.275928379316389472e-01 1.307296584567834430e-01 1.015357018956081353e-01 5.978059641648663519e-02 2.668078057696674985e-02 9.026796218013999340e-03 2.315077663233310740e-03 4.500847628913477597e-04 6.633150878833507036e-05 7.410410402244907358e-06 6.275689742843599035e-07 4.028816512074786147e-08 1.960606018046634457e-09 7.232692373850741782e-11
5.553681116318981556e-04 2.998802419028015476e-03 1.227471973536981877e-02 3.808659401079617784e-02 8.958380558810122296e-02 1.597289725960255868e-01 2.158910846136979089e-01 2.211986833503510885e-01 1.718015929781299966e-01 1.011506445692806622e-01 4.514471776376333123e-02 1.527362238888353187e-02 3.917184034641249708e-03 7.615575388390762772e-04 1.122349938172015712e-04 1.253864687946230806e-05 1.061866392538010982e-06 6.816883930173349582e-08 3.317406890526351593e-09 1.223794240006211337e-10
7.123380942477061792e-04 3.846387928033740290e-03 1.574406286674497057e-02 4.885143965921281972e-02 1.149038916918970615e-01 2.048749821102652247e-01 2.769108282556979606e-01 2.837185737670300245e-01 2.203598239934165814e-01 1.297399974454528926e-01 5.790448090851943452e-02 1.959057935967291678e-02 5.024342146427302792e-03 9.768051757284993211e-04 1.439572419250448342e-04 1.608258673029673588e-05 1.361993723736816425e-06 8.743617081756460236e-08 4.255043191619251301e-09 1.569689073641212586e-10
6.926091424157931973e-04 3.739858173733331091e-03 1.530801450650015258e-02 4.749844771937550281e-02 1.117215077048621941e-01 1.992007542593930425e-01 2.692414919721154432e-01 2.758606898199693069e-01 2.142567271797520545e-01 1.261467119242326573e-01 5.630075548105566846e-02 1.904799768438789065e-02 4.885187712606658614e-03 9.497515302521003467e-04 1.399701948827359016e-04 1.563716259603126676e-05 1.324271876782456017e-06 8.501453421500651646e-08 4.137195300501179111e-09 1.526214885787128674e-10
5.104898237984084337e-04 2.756474645253877750e-03 1.128282194033677563e-02 3.500888556334629670e-02 8.234470105869511058e-02 1.468215645951440607e-01 1.984453184037725804e-01 2.033240197319874376e-01 1.579186184636787726e-01 9.297684480215974434e-02 4.149665516252654118e-02 1.403938872030971972e-02 3.600643511479379843e-03 7.000174580999122143e-04 1.031654879308844771e-04 1.152542161154853383e-05 9.760588990811016539e-07 6.266023928062564180e-08 3.049333268408632449e-09 1.124901651466005114e-10
2.852218404300871759e-04 1.540102730291944980e-03 6.303959626702856749e-03 1.956023079458508659e-02 4.600778720890066203e-02 8.203242242334873868e-02 1.108757438467769946e-01 1.136015810855848379e-01 8.823258936141720188e-02 5.194819868206991542e-02 2.318508970283101461e-02 7.844113834679400030e-03 2.011758356778437732e-03 3.911150789389562679e-04 5.764081665246811306e-05 6.439505374110496444e-06 5.453454752391172883e-07 3.500964747236042716e-08 1.703729254441827786e-09 6.285071795293612022e-11
1.208023230727654258e-04 6.522922203623436697e-04 2.669967230820436202e-03 8.284503445676749331e-03 1.948605186016596005e-02 3.474385825813357254e-02 4.696010448889395561e-02 4.811460047794482997e-02 3.736986532837830582e-02 2.200204258824226336e-02 9.819769385573986695e-03 3.322281253944713193e-03 8.520563593356877399e-04 1.656521466005866970e-04 2.441308332114306730e-05 2.727376022323871918e-06 2.309745992339416226e-07 1.482792039432328108e-08 7.215942913531972438e-10 2.661967514148659165e-11
3.878507303039601637e-05 2.094264477734725943e-04 8.572258496532259020e-04 2.659841822475513505e-03 6.256236844182069823e-03 1.115494342842847202e-02 1.507711967608177557e-02 1.544778482646688711e-02 1.199805532733151658e-02 7.064026642011199571e-03 3.152757853271761796e-03 1.066659297471832940e-03 2.735631839045186715e-04 5.318466102407328540e-05 7.838120951840733404e-06 8.756576489300183917e-07 7.415723863239605243e-08 4.760686390412493335e-09 2.316767308488975490e-10 8.546574421305463763e-12
9.439538464516683937e-06 5.097035675801083013e-05 2.086322326694612435e-04 6.473541811590971052e-04 1.522647341349616995e-03 2.714898009335606384e-03 3.669480034366775188e-03 3.759692780434675894e-03 2.920095178704087274e-03 1.719247792813930094e-03 7.673204328361690795e-04 2.596042931034004677e-04 6.658000089154384035e-05 1.294412035954070023e-05 1.907647412612836591e-06 2.131181769941550986e-07 1.804844110888349018e-08 1.158659215739548195e-09 5.638564636626447199e-11 2.080071318327584342e-12
1.741541094684815723e-06 9.403740578895637269e-06 3.849145890294471199e-05 1.194331601637610581e-04 2.809197639949130403e-04 5.008832231479270385e-04 6.769981710437768512e-04 6.936419089905197311e-04 5.387409324322872065e-04 3.171914277786592085e-04 1.415662504685759803e-04 4.789551380034782986e-05 1.228363103478404349e-05 2.388116498007267094e-06 3.519500848185284476e-07 3.931909008632192685e-08 3.329834610481523268e-09 2.137660274949702118e-10 1.040283067507396562e-11 3.837613135811481059e-13
2.435642326655422591e-07 1.315165553816034300e-06 5.383245150221236603e-06 1.670339339042240599e-05 3.928819536147056554e-05 7.005131160752064057e-05 9.468196906148560767e-05 9.700968861634246129e-05 7.534592333988922514e-05 4.436098978702475670e-05 1.979882948036720770e-05 6.698454663233127056e-06 1.717934291912469928e-06 3.339914080283772585e-07 4.922218178314742985e-08 5.498993985964805393e-09 4.656959369378992398e-10 2.989637087271632989e-11 1.454893874544214888e-12 5.367115950027553601e-14
2.582201433153938839e-08 1.394302579131891894e-07 5.707169394205875708e-07 1.770848119991003572e-06 4.165227104906257079e-06 7.426648619448269787e-06 1.003792361172055595e-05 1.028470207770268984e-05 7.987968886126734348e-06 4.703030906901624854e-06 2.099017794996929512e-06 7.101518577675899945e-07 1.821306988342645289e-07 3.540885634288729162e-08 5.218401197598674480e-09 5.829883146661216881e-10 4.937181057393939508e-11 3.169531538714767039e-12 1.542438726253272039e-13 5.690069656941519065e-15
2.075217124172063457e-09 1.120547975592142534e-08 4.586635072439259626e-08 1.423163311633931038e-07 3.347434674609990796e-07 5.968515156257022231e-07 8.067097594601861988e-07 8.265424065925026511e-07 6.419626914851782818e-07 3.779647144565310963e-07 1.686900803396712591e-07 5.707220502166194014e-08 1.463715185831359387e-08 2.845675170289003083e-09 4.193830654345863302e-10 4.685255450074048467e-11 3.967824718820482460e-12 2.547232001459506559e-13 1.239599365335850572e-14 4.572892663681282874e-16
1.264252399206185416e-10 6.826540943917829439e-10 2.794244673037770321e-09 8.670117503551559795e-09 2.039305800471388525e-08 3.636106081674162937e-08 4.914592969482556298e-08 5.035416335035903649e-08 3.910929914067644522e-08 2.302615911853519511e-08 1.027684459170985700e-08 3.476921585032215741e-09 8.917165408318908800e-10 1.733626626098057756e-10 2.554942518960041328e-11 2.854325638823528079e-12 2.417256421975469119e-13 1.551810714970249349e-14 7.551819293634426199e-16 2.785872598115703493e-17
5.838494157190387096e-12 3.152591953941391536e-11 1.290421217118902766e-10 4.003981358344590759e-10 9.417799015649607830e-10 1.679204573873762124e-09 2.269627675241866610e-09 2.325425592989792111e-09 1.806122058127183517e-09 1.063380188643632991e-09 4.745990368752789750e-10 1.605690950000644381e-10 4.118071531274928587e-11 8.006129894298493119e-12 1.179908140041638350e-12 1.318167446267351140e-13 1.116322777397634585e-14 7.166478622550471615e-16 3.487535625775885095e-17 1.286554875987432787e-18
