3.222800684816011315e-12 1.009498985515036001e-10 2.397039252502771837e-09 4.314606806539834500e-08 5.887136724415262086e-07 6.089250484509655314e-06 4.774417309986835799e-05 2.837747384814756071e-04 1.278568226419697119e-03 4.366876427276066529e-03 1.130614932020519020e-02 2.218990028505454445e-02 3.301359383081694382e-02 3.723291821829880638e-02 3.183157798596793903e-02 2.062937544303464904e-02 1.013469797318036596e-02 3.774264749936807363e-03 1.065493318394234844e-03 2.280163134412375580e-04
8.200390892608305234e-12 2.568662196802106080e-10 6.099247448984126274e-09 1.097848294752828940e-07 1.497977290556239430e-06 1.549404977206476661e-05 1.214846714250423593e-04 7.220625811455186295e-04 3.253306755490221244e-03 1.111148258472736093e-02 2.876840766253381879e-02 5.646202604547229109e-02 8.400282879980724982e-02 9.473886638447147346e-02 8.099519881676595090e-02 5.249128290815056191e-02 2.578765896078016179e-02 9.603586851490729381e-03 2.711139334635550603e-03 5.801857089453830735e-04
1.581730472196537237e-11 4.954558048108959551e-10 1.176451912337637593e-08 2.117582106024734953e-07 2.889369980237093599e-06 2.988566152900738073e-05 2.343254232807114967e-04 1.392748714528020812e-03 6.275133097862583068e-03 2.143235709822875756e-02 5.548987558314872476e-02 1.089066463875258545e-01 1.620286591254211372e-01 1.827368400166730633e-01 1.562273990933457646e-01 1.012476878088216098e-01 4.974046544737846520e-02 1.852385595311211580e-02 5.229374740939592842e-03 1.119089842655012585e-03
2.312742214505466360e-11 7.244354049882406308e-10 1.720160323661554357e-08 3.096242764093540189e-07 4.224719725693458094e-06 4.369760350546565231e-05 3.426211405035292602e-04 2.036420744815077826e-03 9.175245386095072855e-03 3.133752424241752904e-02 8.113504797096564303e-02 1.592388861238009101e-01 2.369117409736010704e-01 2.671904041053200229e-01 2.284293735858929641e-01 1.480402671836727191e-01 7.272849340099761528e-02 2.708483170251372793e-02 7.646179884265906501e-03 1.636287829328065581e-03
2.563414244387189853e-11 8.029550481839355740e-10 1.906603965045272954e-08 3.431836352438139180e-07 4.682625956089043059e-06 4.843387151794883408e-05 3.797569424237513163e-04 2.257143019262427240e-03 1.016972603818416115e-02 3.473411585736074780e-02 8.992906186575753968e-02 1.764983690745598743e-01 2.625899798366229110e-01 2.961504674197348863e-01 2.531882310159374594e-01 1.640859613584984278e-01 8.061134301420705417e-02 3.002048518749398862e-02 8.474929158788734734e-03 1.813640752224460282e-03
2.153808955032866021e-11 6.746516982396031807e-10 1.601949705400567820e-08 2.883466799902881171e-07 3.934394036928259109e-06 4.069467368790704199e-05 3.190759765492792027e-04 1.896476489635608121e-03 8.544716118056931362e-03 2.918398770020757746e-02 7.555939083520102351e-02 1.482958787070172146e-01 2.206310007492460479e-01 2.488288930134578414e-01 2.127315475698388636e-01 1.378668366780480548e-01 6.773054056377499077e-02 2.522354316038892888e-02 7.120729064931909796e-03 1.523840987427846350e-03
1.371805004211703917e-11 4.296994743114946797e-10 1.020314553539605980e-08 1.836539019090818391e-07 2.505896085066892414e-06 2.591927054597159883e-05 2.032260198060873617e-04 1.207904690326758309e-03 5.442304575309946622e-03 1.858787905791145847e-02 4.812532245290763316e-02 9.445268023372750676e-02 1.405243999031628999e-01 1.584842145960486948e-01 1.354930764996990777e-01 8.781020992035849793e-02 4.313896748652552154e-02 1.606539087439322680e-02 4.535338077262411616e-03 9.705655124572204863e-04
6.623299694487933040e-12 2.074659582222761888e-10 4.926246113691503860e-09 8.867111788274380464e-08 1.209887755452499611e-06 1.251424919441324865e-05 9.812085761176685605e-05 5.831962080506535463e-04 2.627633965490174233e-03 8.974533064645693128e-03 2.323569549031076834e-02 4.560330412959114760e-02 6.784748649328323222e-02 7.651877977499900452e-02 6.541828098238910982e-02 4.239621044921320497e-02 2.082820147884045445e-02 7.756634371759212054e-03 2.189735655527311631e-03 4.686049578768253449e-04
2.424115173384317563e-12 7.593214870012294556e-11 1.802996769414395999e-09 3.245346160002314226e-08 4.428166323992758754e-07 4.580191559342536078e-06 3.591204848545744759e-05 2.134487101908328255e-04 9.617090664258694070e-04 3.284662144180515442e-03 8.504220645349285998e-03 1.669072314348118632e-02 2.483205185796308334e-02 2.800572881456617896e-02 2.394296723098661081e-02 1.551693291630195162e-02 7.623082386137799461e-03 2.838913523817156084e-03 8.014391123931771579e-04 1.715085291486504728e-04
6.725567142590557490e-13 2.106693485404306593e-11 5.002310106264869398e-10 9.004024948852377498e-09 1.228569098430790904e-07 1.270747619440813534e-06 9.963589847907766803e-06 5.922010833683299979e-05 2.668206102128066861e-04 9.113104869753322658e-04 2.359446761180505631e-03 4.630744462654956019e-03 6.889508959504532168e-03 7.770027249018270944e-03 6.642837579372572882e-03 4.305083162775826151e-03 2.114980054759178774e-03 7.876401140538390059e-04 2.223546397580320518e-04 4.758404802630740178e-05
1.414494928958590284e-13 4.430715192929717721e-12 1.052066261234963417e-10 1.893691247198314334e-09 2.583878389378800221e-08 2.672586602106077364e-07 2.095503176949970926e-06 1.245494114605830290e-05 5.611666526940346572e-05 1.916632508759519142e-04 4.962295979030390859e-04 9.739200309589843719e-04 1.448974529526488638e-03 1.634161686083926727e-03 1.397095571377914925e-03 9.054282223916461196e-04 4.448143180908177108e-04 1.656533826148659321e-04 4.676475659226038807e-05 1.000769053457229325e-05
2.255125399098491714e-14 7.063877121923491688e-13 1.677306364747675674e-11 3.019106779514257683e-10 4.119470253852299764e-09 4.260897514943435646e-08 3.340854987518873477e-07 1.985687862694003861e-06 8.946664605924844430e-06 3.055681970117538878e-05 7.911374916271146673e-05 1.552718043410313724e-04 2.310096132043206103e-04 2.605339509583609061e-04 2.227385650864067794e-04 1.443521740215282696e-04 7.091662515522845699e-05 2.641007351340606224e-05 7.455692361619786040e-06 1.595523366594708890e-06
2.725441203550019765e-15 8.537078147672373889e-14 2.027115600439555048e-12 3.648754086178434007e-11 4.978602950920604937e-10 5.149525456975965552e-09 4.037604224452214340e-08 2.399811345541526112e-07 1.081252881151433813e-06 3.692957185277806539e-06 9.561325140569638524e-06 1.876543865231515551e-05 2.791876312044109864e-05 3.148693926951718144e-05 2.691916215163826150e-05 1.744574217724531313e-05 8.570658300954661068e-06 3.191800445819837584e-06 9.010608089233053684e-07 1.928276417037578066e-07
2.496891999160407614e-16 7.821178492262057947e-15 1.857126368207069330e-13 3.342777996023475493e-12 4.561108806514680567e-11 4.717698145991231685e-10 3.699020059827132250e-09 2.198568708938584038e-08 9.905815119033042530e-08 3.383274325328080112e-07 8.759534498033912386e-07 1.719181230938669929e-06 2.557756012901060508e-06 2.884651726762660102e-06 2.466178338867742246e-06 1.598278253261881839e-06 7.851942691450016441e-07 2.924143432521444904e-07 8.254999306633557959e-08 1.766575610436729940e-08
1.734041621824350520e-17 5.431652246817324710e-16 1.289737169465642234e-14 2.321492551368824773e-13 3.167598964963457521e-12 3.276347133597755096e-11 2.568895549290987430e-10 1.526862055315998082e-09 6.879390746686727635e-09 2.349616443218738456e-08 6.083321750602182956e-08 1.193937026875529962e-07 1.776310463701800983e-07 2.003333007737587749e-07 1.712711598209407259e-07 1.109972323730761438e-07 5.453017368685612326e-08 2.030759208600740575e-08 5.732932137492149675e-09 1.226851476806808557e-09
9.128850540290232865e-19 2.859489698745495631e-17 6.789812717368239211e-16 1.222148203659996569e-14 1.667580360170762900e-13 1.724830760939593314e-12 1.352393346730732420e-11 8.038155095698130408e-11 3.621650665379469173e-10 1.236954007746696350e-09 3.202560673908042141e-09 6.285473506338485775e-09 9.351374576134528203e-09 1.054653324343271800e-08 9.016558773385075600e-09 5.843441887246201775e-09 2.870737352888067543e-09 1.069091829475826152e-09 3.018098296033502830e-10 6.458751408239367034e-11
3.643086603371978107e-20 1.141147898960865726e-18 2.709637499362815939e-17 4.877275324465244896e-16 6.654879103750970437e-15 6.883350549480185963e-14 5.397049784328599819e-13 3.207818445018943595e-12 1.445306499751037808e-11 4.936361434246915910e-11 1.278058594135930106e-10 2.508368849476562837e-10 3.731890153209367067e-10 4.208846864300347882e-10 3.598273882441175982e-10 2.331965537507043533e-10 1.145636544924043262e-10 4.266467179573293714e-11 1.204444461152270808e-11 2.577519549259564956e-12
1.102096729113640910e-21 3.452169832349331691e-20 8.197122248939604552e-19 1.475460170808072379e-17 2.013216069610352826e-16 2.082332634887986855e-15 1.632700937898813792e-14 9.704205803324979705e-14 4.372302224350015501e-13 1.493334741307208193e-12 3.866348373132450592e-12 7.588249760134514235e-12 1.128961339391881405e-11 1.273248996659110766e-11 1.088540105695793498e-11 7.054599220653859581e-12 3.465748763000029006e-12 1.290680138958619099e-12 3.643652884360003997e-13 7.797442591225124608e-14
2.527357923698847436e-23 7.916608904881903282e-22 1.879786167594135271e-20 3.383565031349758669e-19 4.616761352462882713e-18 4.775261322836414588e-17 3.744153796507305242e-16 2.225394630284658103e-15 1.002668130628093619e-14 3.424555478186511451e-14 8.866414297840544683e-14 1.740157887384890195e-13 2.588964572063014781e-13 2.919848916651860118e-13 2.496269509489285568e-13 1.617779707338270077e-13 7.947748474639056947e-14 2.959822481989656682e-14 8.355723000740253143e-15 1.788130551241996442e-15
4.393499768222433981e-25 1.376204733906568426e-23 3.267776207789976870e-22 5.881910132951966885e-21 8.025669708981399278e-20 8.301202341921740068e-19 6.508749189378416142e-18 3.868573857576068933e-17 1.743014773733118451e-16 5.953166964834762841e-16 1.541316676884281021e-15 3.025049678640988473e-15 4.500595321555377975e-15 5.075796909596354791e-15 4.339456397735275370e-15 2.812310319237783344e-15 1.381617963715753701e-15 5.145286018519085189e-16 1.452539298959125655e-16 3.108444232914783884e-17
