2.776195546984703106e-23 8.048381613797608905e-23 1.768739548655898901e-22 2.946565044717124940e-22 3.721045647576713096e-22 3.562138344619755072e-22 2.584957376877018321e-22 1.421977779440735077e-22 5.929649906215207539e-23 1.874399307628214804e-23 4.491506131732462429e-24 8.158657428894808829e-25 1.123420174312555357e-25 1.172634206373439752e-26 9.278541574752673030e-28 5.565365569200976494e-29 2.530489240913407353e-30 8.721920279295831625e-32 2.278854251166628340e-33 4.513545308004504372e-35
4.256462310963750180e-21 1.233977665607569410e-20 2.711831028956819391e-20 4.517672781826836957e-20 5.705106246384039143e-20 5.461469609653666235e-20 3.963255996889391319e-20 2.180175972038890193e-20 9.091337737511989961e-21 2.873828544708060305e-21 6.886376065960585354e-22 1.250885150791091629e-22 1.722427527315699749e-23 1.797882468832782556e-24 1.422585759729360120e-25 8.532817084073294015e-27 3.879745464596631426e-28 1.337244596778334509e-29 3.493938761916658810e-31 6.920166525450559384e-33
4.947027797354355901e-19 1.434177344258662826e-18 3.151796609926966178e-18 5.250616873426105066e-18 6.630698717811850335e-18 6.347534642505807032e-18 4.606251894711100361e-18 2.533886206162226260e-18 1.056631005207354334e-18 3.340076490018816604e-19 8.003616931740024953e-20 1.453827888084881792e-20 2.001872971977470373e-21 2.089569670752711641e-22 1.653385084457181013e-23 9.917175396084511925e-25 4.509192671712693841e-26 1.554198230555089922e-27 4.060792957788925040e-29 8.042889531887734987e-31
4.358496770220340647e-17 1.263558156317110964e-16 2.776838115222362553e-16 4.625968889184485567e-16 5.841867102776865658e-16 5.592390091888862875e-16 4.058261814630671168e-16 2.232438405050017859e-16 9.309272177475591023e-17 2.942718980035101950e-17 7.051453918598429956e-18 1.280870941954873265e-18 1.763716971111685557e-19 1.840980692689185073e-20 1.456687499187084801e-21 8.737362857887908523e-23 3.972749396409595392e-24 1.369300567055477490e-25 3.577694267358213535e-27 7.086054391430519745e-29
2.910890882054718876e-15 8.438872643660137223e-15 1.854555177319583158e-14 3.089526359684605875e-14 3.901583178823596349e-14 3.734966018237874491e-14 2.710374226708933607e-14 1.490969235634055460e-14 6.217344403035875349e-15 1.965341331892393554e-15 4.709424831313952590e-16 8.554498815968644311e-17 1.177926225576774468e-17 1.229528021909455595e-18 9.728717452215554374e-20 5.835385734367240823e-21 2.653263408088393960e-22 9.145090028901504524e-24 2.389419602829268473e-25 4.732533303383927588e-27
1.473709701115487152e-13 4.272385666570053906e-13 9.389139156396746035e-13 1.564148280579083389e-12 1.975271905858149855e-12 1.890917893331863816e-12 1.372193240282120091e-12 7.548396403879169675e-13 3.147682662519608376e-13 9.950021159050160214e-14 2.384261499930401820e-14 4.330924244187079430e-15 5.963539604086803316e-16 6.224786318346207834e-17 4.925401146820503186e-18 2.954306744888247514e-19 1.343279491588004363e-20 4.629925489908269456e-22 1.209702112309830788e-23 2.395960729083038060e-25
5.655809570624999803e-12 1.639658049621157083e-11 3.603367953707812388e-11 6.002895148535470652e-11 7.580707205281355387e-11 7.256973005115835541e-11 5.266209250885811406e-11 2.896926890799205346e-11 1.208019036211370974e-11 3.818623495297675865e-12 9.150329267678708240e-13 1.662124010677567614e-13 2.288689851336746013e-14 2.388951230201559949e-15 1.890272617752933675e-16 1.133805141518267191e-17 5.155243939018032376e-19 1.776874840226872542e-20 4.642600085504244704e-22 9.195228620760512118e-24
1.645411142512678383e-10 4.770159940973971813e-10 1.048306472763500477e-09 1.746386691665800455e-09 2.205410197769035778e-09 2.111228126482305362e-09 1.532067031608583053e-09 8.427857631421065356e-10 3.514418153102642269e-10 1.110929491130157392e-10 2.662051037378657678e-11 4.835518829366299628e-12 6.658349677655466670e-13 6.950034162233339268e-14 5.499258043961323907e-15 3.298512069751616742e-16 1.499784551390736871e-17 5.169356613675125749e-19 1.350644114786703537e-20 2.675113339942036112e-22
3.628698697873818355e-09 1.051984681471714621e-08 2.311877095277592784e-08 3.851384587291988566e-08 4.863689631213531437e-08 4.655985702018479391e-08 3.378735866686653636e-08 1.858633093143034838e-08 7.750503352294760214e-09 2.449982435233538773e-09 5.870740074276065340e-10 1.066398569105992058e-10 1.468395599193578438e-11 1.532722081616774374e-12 1.212775943216316477e-13 7.274356021529430964e-15 3.307541870910164302e-16 1.140021307029877279e-17 2.978635803531214100e-19 5.899546953650045531e-21
6.066304460058041904e-08 1.758663338144842619e-07 3.864897998394299008e-07 6.438581277904906705e-07 8.130909882227629096e-07 7.783679269560392534e-07 5.648427208753633813e-07 3.107183913933527889e-07 1.295696252799094798e-07 4.095776643739944297e-08 9.814454067870065232e-09 1.782759863682726943e-09 2.454801435494482081e-10 2.562339718420082208e-11 2.027467344614483636e-12 1.216095963087551559e-13 5.529408108501168616e-15 1.905839231967303739e-16 4.979556905740730934e-18 9.862612186076186837e-20
7.687662642615677658e-07 2.228706213908773950e-06 4.897880110602233858e-06 8.159438928180762695e-06 1.030408093817925615e-05 9.864045027197477990e-06 7.158098168032555121e-06 3.937649660705383987e-06 1.642000619059828195e-06 5.190466338096731772e-07 1.243759069331481181e-07 2.259243085312790467e-08 3.110903090167305130e-09 3.247183431146134453e-10 2.569354220010050250e-11 1.541125336985551671e-12 7.007268499526279642e-14 2.415218221059433247e-15 6.310457025870355203e-17 1.249862016664732319e-18
7.385182809554393055e-06 2.141015232284688817e-05 4.705167445247154042e-05 7.838396520415830951e-05 9.898655150534396057e-05 9.475932953106708473e-05 6.876454651718461042e-05 3.782718354872388383e-05 1.577394236570240558e-05 4.986241534740437139e-06 1.194821953702296714e-06 2.170350595740988277e-07 2.988501068756089868e-08 3.119419304670591527e-09 2.468260055024746402e-10 1.480488007236740426e-11 6.731559548121105069e-13 2.320188712316049485e-14 6.062164914670712087e-16 1.200684773629291865e-17
5.378052069663612092e-05 1.559134241913878087e-04 3.426406112017713903e-04 5.708092232318075264e-04 7.208417745644140782e-04 6.900582171712566848e-04 5.007585069360514238e-04 2.754658456261489851e-04 1.148693073336921606e-04 3.631090427587061717e-05 8.700955476247553062e-06 1.580496896870283063e-06 2.176292012328040251e-07 2.271629542592810659e-08 1.797441097899489076e-09 1.078123832104860585e-10 4.902069277554014167e-12 1.689612299121192414e-13 4.414601426495233906e-15 8.743649816598453991e-17
2.968831673371793338e-04 8.606846978188451491e-04 1.891469784863789635e-03 3.151022860009863955e-03 3.979243532966051863e-03 3.809309885942845867e-03 2.764323767871416145e-03 1.520646726423771243e-03 6.341099593181788192e-04 2.004461119130049708e-04 4.803165137093445266e-05 8.724774669925839413e-06 1.201372648128647722e-06 1.254001569501062770e-07 9.922365929785344768e-09 5.951538101731486221e-10 2.706076168053062899e-11 9.327121501193068691e-13 2.436980596417157991e-14 4.826733579396628483e-16
1.242347144494718907e-03 3.601649720447574164e-03 7.915107168924667008e-03 1.318587472466848862e-02 1.665167441040822649e-02 1.594056443732888226e-02 1.156768088361692648e-02 6.363348704819714319e-03 2.653517558170923746e-03 8.387934452254304203e-04 2.009948407020158362e-04 3.650998133293226552e-05 5.027303812012963822e-06 5.247536541174732564e-07 4.152146142223122992e-08 2.490500364960121524e-09 1.132393604635638869e-10 3.903058185243026284e-12 1.019786979606485311e-13 2.019810935521918862e-15
3.940915989974033001e-03 1.142498619366987163e-02 2.510793584756044680e-02 4.182762022234549903e-02 5.282166923682914128e-02 5.056591916249851548e-02 3.669446077384749122e-02 2.018551962044708853e-02 8.417365324187050038e-03 2.660781662535031261e-03 6.375865112540813782e-04 1.158152694005068142e-04 1.594737997910979357e-05 1.664599202785581958e-06 1.317124541003495691e-07 7.900249744848357829e-09 3.592126470631482370e-10 1.238110014594928716e-11 3.234920957566230510e-13 6.407150568016267937e-15
9.476505242344787985e-03 2.747303972819342688e-02 6.037568075269500456e-02 1.005805917508218045e-01 1.270173804023444486e-01 1.215931015140866156e-01 8.823716384034670235e-02 4.853901554594691747e-02 2.024077824148577676e-02 6.398236206480062936e-03 1.533169428559028134e-03 2.784946470337491234e-04 3.834779283754637862e-05 4.002770704001852946e-06 3.167217380272762588e-07 1.899729867709812060e-08 8.637790152519595718e-10 2.977215468119058254e-11 7.778837582668030129e-13 1.540692471008462647e-14
1.727412495702139103e-02 5.007887497317545927e-02 1.100550284114262117e-01 1.833420301812604403e-01 2.315319882881978208e-01 2.216444117057661811e-01 1.608419723360146880e-01 8.847871640326633591e-02 3.689564070607454643e-02 1.166294207714995909e-02 2.794718053958539748e-03 5.076503636832492127e-04 6.990177796153904121e-05 7.296398782777856782e-06 5.773321218502741320e-07 3.462898007249491506e-08 1.574528400833058400e-09 5.426978691518185986e-11 1.417955343104244659e-12 2.808431334540902830e-14
2.386935732626145959e-02 6.919890670039553771e-02 1.520738564320978370e-01 2.533417143969372010e-01 3.199305188923285970e-01 3.062678819064298952e-01 2.222511716397236603e-01 1.222597441464079449e-01 5.098233537072360821e-02 1.611583409334010203e-02 3.861736789681824433e-03 7.014704338257530354e-04 9.659016129941602540e-05 1.008215178333725963e-05 7.977565721366139443e-07 4.785026745209411199e-08 2.175680742922664919e-09 7.498990189786771182e-11 1.959328350434307939e-12 3.880685778134205598e-14
2.500242967770163055e-02 7.248376128866050594e-02 1.592927639102021120e-01 2.653677814638456534e-01 3.351175396563929598e-01 3.208063407505026832e-01 2.328013785103162647e-01 1.280633832596416999e-01 5.340245392820405085e-02 1.688084865916882060e-02 4.045052457762826278e-03 7.347690577918969445e-04 1.011752718113400571e-04 1.056074897690952720e-05 8.356258747203563515e-07 5.012170753813836799e-08 2.278959757169703847e-09 7.854965356257656214e-11 2.052337171364210924e-12 4.064900949901458090e-14
