4.042713163043965433e-20 2.269535685437231912e-18 9.658238431314781818e-17 3.115700103216199819e-15 7.619214394901283413e-14 1.412412521920840850e-12 1.984767973966142935e-11 2.114242250374985606e-10 1.707247834817356293e-09 1.045045533048109486e-08 4.849206462771543995e-08 1.705701206968229400e-07 4.548121495818545074e-07 9.193015195114784473e-07 1.408577405303930920e-06 1.636063955952832127e-06 1.440511253425783841e-06 9.614569726489922062e-07 4.864518627439993265e-07 1.865721033133183750e-07
4.692261927219097318e-19 2.634185374958397666e-17 1.121004203057029777e-15 3.616304294006856018e-14 8.843404955694643634e-13 1.639346952121265314e-11 2.303663609810210271e-10 2.453940711658815557e-09 1.981553895258038793e-08 1.212954560258694599e-07 5.628335710405731443e-07 1.979758768401553351e-06 5.278874971957538904e-06 1.067007068191410565e-05 1.634895641587422912e-05 1.898932796219614491e-05 1.671960348799780865e-05 1.115935700969524343e-05 5.646108103449559659e-06 2.165489219124076162e-06
4.128462885753587239e-18 2.317674657423882022e-16 9.863098690736468621e-15 3.181787012952819093e-13 7.780825049745793066e-12 1.442371110923261297e-10 2.026866756775264189e-09 2.159087303535805742e-08 1.743460156228250927e-07 1.067211925038765820e-06 4.952062661758284606e-06 1.741880722957653621e-05 4.644591401396129873e-05 9.388007635105971365e-05 1.438454647900313621e-04 1.670766400796220609e-04 1.471065842772000106e-04 9.818503731888945680e-05 4.967699611743298793e-05 1.905294719118913644e-05
2.753539696726835431e-17 1.545807568074946096e-15 6.578340299823231836e-14 2.122140149770601337e-12 5.189536939206568891e-11 9.620108551888377380e-10 1.351848915492413201e-08 1.440035374788055020e-07 1.162826670042782027e-06 7.117928589245650052e-06 3.302851811235600653e-05 1.161773243542588201e-04 3.097779283169193329e-04 6.261471257412150413e-04 9.593987119522683852e-04 1.114342489168352246e-03 9.811492331805807005e-04 6.548597029056697988e-04 3.313281107492095363e-04 1.270764637648016005e-04
1.392166306120331604e-16 7.815471898145805734e-15 3.325953036556466939e-13 1.072936052778781812e-11 2.623785841808737293e-10 4.863845254556952105e-09 6.834833408615811838e-08 7.280696663949963847e-07 5.879152974682029508e-06 3.598764297132788572e-05 1.669893850150968001e-04 5.873826939683190161e-04 1.566210920057627262e-03 3.165746737434762658e-03 4.850638480000433496e-03 5.634021070197551238e-03 4.960607269738986046e-03 3.310915091236776592e-03 1.675166813842791621e-03 6.424878180059448440e-04
5.335654680287099005e-16 2.995379146059406599e-14 1.274713861979053056e-12 4.112164075865122483e-11 1.005599341499058146e-09 1.864130641761549905e-08 2.619536955128074011e-07 2.790419726434427298e-06 2.253260256880154055e-05 1.379272252232409998e-04 6.400080865317616437e-04 2.251218986132256291e-03 6.002702830246426681e-03 1.213312757386715048e-02 1.859068977205796669e-02 2.159310332384765593e-02 1.901215916481260870e-02 1.268950377905764260e-02 6.420290170253080235e-03 2.462416392423846280e-03
1.550176432781575941e-15 8.702523753311616476e-14 3.703446916608894254e-12 1.194713717454090772e-10 2.921584123072649557e-09 5.415889073858223031e-08 7.610583322872466051e-07 8.107051817781247159e-06 6.546433673910511482e-05 4.007222108468980496e-04 1.859425903622726178e-03 6.540503136805089421e-03 1.743975016752502549e-02 3.525057288739137651e-02 5.401183337495714387e-02 6.273479430165258830e-02 5.523633525698647823e-02 3.686702172586893422e-02 1.865297345856346822e-02 7.154098396459716847e-03
3.414061695123878569e-15 1.916617513257810324e-13 8.156359489501159827e-12 2.631201360789737178e-10 6.434408518110821986e-09 1.192779030895292483e-07 1.676131855104041871e-06 1.785472575002774789e-05 1.441766754617930892e-04 8.825384785284731259e-04 4.095143377382213026e-03 1.440460631060962345e-02 3.840877835604843832e-02 7.763479567939762793e-02 1.189540283991898928e-01 1.381652137443675765e-01 1.216508343127865044e-01 8.119481371661631253e-02 4.108074464193384873e-02 1.575596995412569326e-02
5.699784280180074577e-15 3.199797586782726748e-13 1.361706194945302445e-11 4.392797053327311121e-10 1.074226062644548186e-08 1.991347484943073863e-07 2.798306197241831603e-06 2.980850794298317268e-05 2.407033093571370912e-04 1.473400130335993227e-03 6.836851800547142158e-03 2.404852517125251332e-02 6.412354861876114198e-02 1.296114796754918030e-01 1.985940389132882511e-01 2.306671594402142644e-01 2.030963629266382131e-01 1.355549384227890397e-01 6.858440281340340283e-02 2.630463005158341708e-02
7.213437827169465626e-15 4.049546406878203984e-13 1.723325391500450634e-11 5.559362753733670948e-10 1.359501085358038970e-08 2.520176302965869272e-07 3.541433637300623884e-06 3.772455380725457858e-05 3.046252755353039826e-04 1.864681137438820935e-03 8.652468755407084072e-03 3.043493097820709758e-02 8.115241007056142597e-02 1.640315324875879777e-01 2.513333280925893476e-01 2.919238924844376748e-01 2.570313041477543803e-01 1.715533557785250407e-01 8.679790344493583387e-02 3.329017452530612375e-02
6.920269154500870439e-15 3.884964667427595995e-13 1.653285969284965340e-11 5.333419030581783623e-10 1.304248217275535907e-08 2.417751251370006271e-07 3.397502626364221705e-06 3.619135179849365620e-05 2.922446894916261089e-04 1.788896732400477828e-03 8.300814961320859831e-03 2.919799395436049883e-02 7.785421232986219908e-02 1.573649599312881564e-01 2.411186343557473744e-01 2.800595162840127661e-01 2.465850331634177051e-01 1.645810811418737529e-01 8.327026145881860630e-02 3.193719464077307557e-02
5.032693693941643960e-15 2.825300107038850049e-13 1.202335008384911044e-11 3.878673462418712108e-10 9.485009371562003605e-09 1.758284425740220984e-07 2.470798412765870547e-06 2.631978379815477735e-05 2.125319077995486831e-04 1.300956523982777988e-03 6.036681258740571841e-03 2.123393711562286332e-02 5.661866535703417858e-02 1.144420287437062506e-01 1.753510164882469691e-01 2.036703674472260250e-01 1.793263981090673365e-01 1.196898777652450618e-01 6.055743069821301755e-02 2.322599229630657736e-02
2.774436763599688635e-15 1.557538956644003179e-13 6.628264409259948075e-12 2.138245421351039938e-10 5.228921190897803535e-09 9.693117142239099958e-08 1.362108319859308839e-06 1.450964040738275778e-05 1.171651553415370856e-04 7.171947723199800957e-04 3.327917698338128324e-03 1.170590132287735105e-02 3.121288841035616338e-02 6.308990595427889370e-02 9.666797470015242588e-02 1.122799418096262908e-01 9.885953365225388922e-02 6.598295411906290875e-02 3.338426144243911847e-02 1.280408680057914389e-02
1.159433867118794092e-15 6.508937018794810810e-14 2.769943916956749828e-12 8.935702518984488843e-11 2.185160028429032911e-09 4.050742276814534323e-08 5.692234681464262594e-07 6.063561696107273996e-06 4.896318089908831690e-05 2.997148535724624644e-04 1.390732900118814329e-03 4.891882423474464871e-03 1.304382943174848923e-02 2.636519764891816220e-02 4.039743316683898355e-02 4.692165589793614866e-02 4.131328308066331556e-02 2.757419908137627093e-02 1.395124367328953383e-02 5.350812845652652000e-03
3.672941005400962318e-16 2.061949573485608166e-14 8.774834756667470544e-13 2.830718432919465492e-11 6.922312776428298461e-10 1.283224324626265172e-08 1.803228520991047460e-07 1.920860259822745597e-06 1.551092131938735743e-05 9.494590479314078029e-05 4.405667318568345578e-04 1.549686968471021033e-03 4.132121490152759410e-03 8.352163784973387628e-03 1.279739992071708340e-02 1.486419181605512507e-02 1.308752968134219499e-02 8.735160268239726064e-03 4.419578935649253783e-03 1.695070367563288960e-03
8.820206296609182892e-17 4.951568942873082996e-15 2.107190196048766721e-13 6.797691688826485947e-12 1.662325276882196679e-10 3.081536907722575502e-09 4.330275801240185572e-08 4.612756843543551474e-07 3.724795080734911879e-06 2.280032448281319623e-05 1.057977641537423077e-04 3.721420718977544624e-04 9.922883033570799316e-04 2.005689922550001839e-03 3.073169626055916471e-03 3.569489356273079523e-03 3.142841432320608516e-03 2.097662758169128311e-03 1.061318379447250210e-03 4.070544641798652359e-04
1.605611065846335329e-17 9.013727820668384328e-16 3.835882951988847029e-14 1.237436929563350127e-12 3.026060581626306377e-11 5.609562398506858296e-10 7.882739372332714159e-09 8.396961684330624069e-08 6.780535509625328513e-07 4.150521208167824510e-06 1.925919362366307902e-05 6.774392895274131425e-05 1.806339927664165224e-04 3.651114073761258286e-04 5.594330781940024021e-04 6.497820365104193694e-04 5.721159814452672805e-04 3.818539412422673729e-04 1.932000768600732445e-04 7.409930449592728888e-05
2.215637880881704327e-18 1.243835274447560142e-16 5.293266691940103141e-15 1.707581739228563803e-13 4.175764976407964815e-12 7.740827906383500376e-11 1.087766292221705666e-09 1.158725595996594927e-08 9.356693938746966017e-08 5.727446833067397727e-07 2.657642305506339160e-06 9.348217534134629106e-06 2.492630534638383660e-05 5.038297767947746937e-05 7.719809275302532781e-05 8.966565596320645820e-05 7.894825015295887070e-05 5.269333745743615908e-05 2.666034246935141972e-05 1.022521764332917024e-05
2.317682972781087300e-19 1.301122291420832443e-17 5.537057381153298044e-16 1.786227413690474636e-14 4.368087162467646654e-13 8.097345323737789990e-12 1.137865278257569771e-10 1.212092737328641205e-09 9.787632902687205547e-09 5.991234450833101211e-08 2.780044687069332042e-07 9.778766102381101235e-07 2.607433009435023422e-06 5.270345415798093354e-06 8.075358642706618933e-06 9.379536514625376117e-06 8.258435039825205056e-06 5.512022161108220467e-06 2.788823134091718998e-06 1.069615799107659713e-06
1.837833222732430889e-20 1.031739803111033535e-18 4.390672982788687461e-17 1.416409458406901489e-15 3.463724677297483857e-14 6.420882591222241751e-13 9.022832872030411381e-12 9.611427998809692943e-11 7.761215460319345530e-10 4.750817885030965431e-09 2.204468232532229101e-08 7.754184429598908271e-08 2.067593828434052521e-07 4.179180679230941785e-07 6.403448001016752112e-07 7.437610761633083986e-07 6.548620524124583075e-07 4.370821018703179276e-07 2.211429202505783768e-07 8.481640820792352771e-08
