8.058351539667349559e-28 1.058208676450670076e-26 1.053399835783437769e-25 7.948990793440304978e-25 4.547027293504665243e-24 1.971695964493918113e-23 6.481106432452386911e-23 1.614935490247953757e-22 3.050408648389671260e-22 4.367749148578371323e-22 4.740827696156779590e-22 3.900744226048242436e-22 2.432974721963708921e-22 1.150335542390537372e-22 4.122952200470675391e-23 1.120182749834880276e-23 2.307099263728239811e-24 3.601973390027687435e-25 4.262962762237966955e-26 3.824541672264507333e-27
1.219739149142675681e-25 1.601740187525523958e-24 1.594461364809811216e-23 1.203185939358272682e-22 6.882533201495019253e-22 2.984425221785686790e-21 9.810020332953764886e-21 2.444420587882001899e-20 4.617200963508559324e-20 6.611171781140178537e-20 7.175875998803853831e-20 5.904297448283939893e-20 3.682632238920858646e-20 1.741186505449889110e-20 6.240638900156022120e-21 1.695546226101104163e-21 3.492102918413685016e-22 5.452067878101400605e-23 6.452563588028444894e-24 5.788954703980543470e-25
1.399537490583839992e-23 1.837848235167652238e-22 1.829496461523990238e-21 1.380544218375552743e-20 7.897068198926507428e-20 3.424351008712673448e-19 1.125608803243601314e-18 2.804745799870757400e-18 5.297809662444628473e-18 7.585706149465671165e-18 8.233651838727700016e-18 6.774633445388657102e-18 4.225478772264588653e-18 1.997849945366259845e-18 7.160554051333985353e-19 1.945481959904581643e-19 4.006864056738996384e-20 6.255741977269478006e-21 7.403717965574337381e-22 6.642288349281107249e-23
1.217303665237455581e-21 1.598541952517813656e-20 1.591277663610896145e-19 1.200783507664288058e-18 6.868790673962665209e-18 2.978466144716522527e-17 9.790432418072470664e-17 2.439539751677343349e-16 4.607981681958323610e-16 6.597971087796091255e-16 7.161547746313782555e-16 5.892508188738541308e-16 3.675279034300805771e-16 1.737709834464137407e-16 6.228178059155468707e-17 1.692160686211589197e-17 3.485130148490586959e-18 5.441181596738195540e-19 6.439679591661599086e-20 5.777395752200155377e-21
8.026203040307987069e-20 1.053986991557738403e-18 1.049197335584845846e-17 7.917278584786644776e-17 4.528887094071516875e-16 1.963829955405178891e-15 6.455250294883080629e-15 1.608492764050419776e-14 3.038239154418625208e-14 4.350324172761220574e-14 4.721914337090411125e-14 3.885182349325102010e-14 2.423268458107480161e-14 1.145746320728325300e-14 4.106503833143583956e-15 1.115713821638069317e-15 2.297895175418525428e-16 3.587603448650531251e-17 4.245955827884684769e-18 3.809283802848483972e-19
4.011605090041304176e-18 5.267969871851295480e-17 5.244030521969491674e-16 3.957163170492926062e-15 2.263599167322150218e-14 9.815488351733374613e-14 3.226421610616257734e-13 8.039464896606535317e-13 1.518553118506811535e-12 2.174350998490186256e-12 2.360076800235548916e-12 1.941866809251954824e-12 1.211182427389412660e-12 5.726595438773594041e-13 2.052486287299403955e-13 5.576488936842253273e-14 1.148519161027427084e-14 1.793132840445043267e-15 2.122186284808869806e-16 1.903931686773337706e-17
1.519928032243448222e-16 1.995942995764388566e-15 1.986872788667143149e-14 1.499300927183650453e-13 8.576387134209264018e-13 3.718919375437572196e-12 1.222435543814012957e-11 3.046014696442524135e-11 5.753536057173178077e-11 8.238241203616923534e-11 8.941924258273629679e-11 7.357398677133492039e-11 4.588961481078584058e-11 2.169708319075803350e-11 7.776516815192104384e-12 2.112835552443357403e-12 4.351541164278310099e-13 6.793871302273894414e-14 8.040598093593397983e-15 7.213669035836107862e-16
4.365406546437773056e-15 5.732575776739714288e-14 5.706525108155501137e-13 4.306163149676946491e-12 2.463236136595256044e-11 1.068116031997042688e-10 3.510974212171890770e-10 8.748501385798543826e-10 1.652481133075558158e-09 2.366116771221076553e-09 2.568222564933004781e-09 2.113128757978376352e-09 1.318002041273134347e-09 6.231649590654384357e-10 2.233504264239111777e-10 6.068304522661363558e-11 1.249812220226972920e-11 1.951277272965765150e-12 2.309351417332477347e-13 2.071847966801005087e-14
9.504366729210798046e-14 1.248096870372463591e-12 1.242425116662199807e-11 9.375381956977235890e-11 5.362959745856799736e-10 2.325503104798631525e-09 7.644095947149182043e-09 1.904724442434543776e-08 3.597783284278060926e-08 5.151511383555341546e-08 5.591536284123618232e-08 4.600705672706910786e-08 2.869555130055470921e-08 1.356755262252632585e-08 4.862787324105438797e-09 1.321191760592508901e-09 2.721092195497664133e-10 4.248322486201065964e-11 5.027921808304683400e-12 4.510829100147638674e-13
1.568622697220199551e-12 2.059887980941062527e-11 2.050527187259123645e-10 1.547334751680440095e-09 8.851152971375070908e-09 3.838064183100055189e-08 1.261599298938542220e-07 3.143601333448339651e-07 5.937864857479703594e-07 8.502173697062440386e-07 9.228400983991609496e-07 7.593111195149597920e-07 4.735980245896331717e-07 2.239220307441928917e-07 8.025656822461301714e-08 2.180525480646950616e-08 4.490953580282153695e-09 7.011529822902038385e-10 8.298198599718862314e-11 7.444776818245205449e-12
1.962504329696654698e-11 2.577126474359214597e-10 2.565415182559881686e-09 1.935870974609952656e-08 1.107368015260370273e-07 4.801803257300538493e-07 1.578387263487104996e-06 3.932960576603530886e-06 7.428864514461179748e-06 1.063707207723500719e-05 1.154565525499217622e-05 9.499743706856093460e-06 5.925186314338184412e-06 2.801489202143408387e-06 1.004090167167126863e-06 2.728056086633815618e-07 5.618633379071405210e-08 8.772127076592241078e-09 1.038187877141554119e-09 9.314162523163161490e-11
1.861227976118128488e-10 2.444132132342088381e-09 2.433025209619144815e-08 1.835969053202576507e-07 1.050221545335186855e-06 4.554002976230063186e-06 1.496933529010269415e-05 3.729997505419864007e-05 7.045492973380411850e-05 1.008813883085548919e-04 1.094983396369290013e-04 9.009503054643324565e-05 5.619413096358953934e-05 2.656916470919658477e-05 9.522734199345483111e-06 2.587272920639647740e-06 5.328680031139244376e-07 8.319435569113131980e-08 9.846114946922105976e-09 8.833498912535848574e-10
1.338090044222634656e-09 1.757156519790032492e-08 1.749171435260772013e-07 1.319930681847485127e-06 7.550343171673494060e-06 3.274003035653339649e-05 1.076188343251380692e-04 2.681601926802755238e-04 5.065206479425104049e-04 7.252651640481638361e-04 7.872148925714601581e-04 6.477189519768133865e-04 4.039956853805077024e-04 1.910133268834488527e-04 6.846166073915613151e-05 1.860064527944207060e-05 3.830940534961534758e-06 5.981080260678058738e-07 7.078653745698860693e-08 6.350655106296068852e-09
7.292357083111811333e-09 9.576196197372627075e-08 9.532678881047307806e-07 7.193391729163491321e-06 4.114805184120869374e-05 1.784274483638848289e-04 5.865038546214470074e-04 1.461426223850802739e-03 2.760449082417195787e-03 3.952568497924574889e-03 4.290183700686333104e-03 3.529955183291082384e-03 2.201705939410596169e-03 1.040989276679434115e-03 3.731040962215827553e-04 1.013702687196896751e-04 2.087795695493478574e-05 3.259584300169786805e-06 3.857742683627236650e-07 3.460996137498572855e-08
3.012640658195233697e-08 3.956147194419686089e-07 3.938169188816967809e-06 2.971755791250379707e-05 1.699920787881276010e-04 7.371248820548562640e-04 2.422982498639260265e-03 6.037488305560182768e-03 1.140405090670496176e-02 1.632897076409750917e-02 1.772373692142188706e-02 1.458305783107886021e-02 9.095754301197573125e-03 4.300566447757451366e-03 1.541378949502397429e-03 4.187839262347198819e-04 8.625164849394140578e-05 1.346609344494132387e-05 1.593722348630687233e-06 1.429817213124665333e-07
9.434601451702684742e-08 1.238935415748568695e-06 1.233305294635494229e-05 9.306563471473864408e-05 5.323593801171139358e-04 2.308433122749897412e-03 7.587985688544322468e-03 1.890743118576898585e-02 3.571374333908945709e-02 5.113697541613065195e-02 5.550492510069789109e-02 4.566934931621864646e-02 2.848491621493891984e-02 1.346796218154438021e-02 4.827092814750457914e-03 1.311493764666504976e-03 2.701118455263029606e-04 4.217138357301368338e-05 4.991015155790181970e-06 4.477718083608655090e-07
2.239734832303041770e-07 2.941180737555299345e-06 2.927815066062347603e-05 2.209339152565613026e-04 1.263798850492375749e-03 5.480123457819127165e-03 1.801355991628301317e-02 4.488544898576190406e-02 8.478292947292812021e-02 1.213970358413624800e-01 1.317663652765839188e-01 1.084171206974407914e-01 6.762199693164412662e-02 3.197237760658253741e-02 1.145931597778852146e-02 3.113431216049619438e-03 6.412341974803157036e-04 1.001130966669980097e-04 1.184846074336107208e-05 1.062991501276568337e-06
4.030570007954173872e-07 5.292874271448114438e-06 5.268821747962437784e-05 3.975870713486766685e-04 2.274300363335300147e-03 9.861891207120962108e-03 3.241674562894516359e-02 8.077471576826868171e-02 1.525732099137359632e-01 2.184630272564918596e-01 2.371234095577414991e-01 1.951047011143361709e-01 1.216908308875095795e-01 5.753667997008731633e-02 2.062189444285750933e-02 5.602851864537145704e-03 1.153948801064603883e-03 1.801609900465321254e-04 2.132218949486429206e-05 1.912932549854553064e-06
5.498359767115955221e-07 7.220350195903200765e-06 7.187538601719184288e-05 5.423740941640722455e-04 3.102519393391511403e-03 1.345324004641999978e-02 4.422176754039165020e-02 1.101899846681746592e-01 2.081349281302350140e-01 2.980194655592017794e-01 3.234752931671365794e-01 2.661548706176066759e-01 1.660062887527945508e-01 7.848948552106412013e-02 2.813165247162454155e-02 7.643210566318464454e-03 1.574175773789820770e-03 2.457691932706139340e-04 2.908696999035408277e-05 2.609554318265148905e-06
5.685866474872977348e-07 7.466580735815054813e-06 7.432650190841659488e-05 5.608702975914343393e-04 3.208322436816637979e-03 1.391202645847980021e-02 4.572983147107261698e-02 1.139477164514775681e-01 2.152328076426581194e-01 3.081826144256541999e-01 3.345065442731950944e-01 2.752313635458202845e-01 1.716674848166026002e-01 8.116615740994570505e-02 2.909100649030231175e-02 7.903861616938193113e-03 1.627858786411057190e-03 2.541504877384444922e-04 3.007890253251645080e-05 2.698546119394174178e-06
