8.037095975781922715e-10 1.606777049517390403e-08 2.435055726625316676e-07 2.797428587433797057e-06 2.436160696402012391e-05 1.608235614004605853e-04 8.048042064442024459e-04 3.053005730292147630e-03 8.779339035198370847e-03 1.913783655974448522e-02 3.162428253425163260e-02 3.961369384986725833e-02 3.761549833280656424e-02 2.707603819542173801e-02 1.477407283766148278e-02 6.110998441427280443e-03 1.916112171136542201e-03 4.554351075805513661e-04 8.205950651651451708e-05 1.120799983101581581e-05
2.005482624694951502e-09 4.009362914509983330e-08 6.076152337394358374e-07 6.980375054408393170e-06 6.078909549320972460e-05 4.013002445187384241e-04 2.008213983220761764e-03 7.618112267969213459e-03 2.190693248463232781e-02 4.775431176941413031e-02 7.891152392853614805e-02 9.884736346969520693e-02 9.386130083925774137e-02 6.756236868405977869e-02 3.686548780951337534e-02 1.524866846277521393e-02 4.781241480455257487e-03 1.136439327937739186e-03 2.047616639216518408e-04 2.796712766205253472e-05
3.793459678246080216e-09 7.583888468723213272e-08 1.149331268541515657e-06 1.320369021494802868e-05 1.149852807453855008e-04 7.590772803048751599e-04 3.798626164510732987e-03 1.440999854949566450e-02 4.143793819562636288e-02 9.032940696118947621e-02 1.492646610276094910e-01 1.869741891582129556e-01 1.775428296894909497e-01 1.277972285642518524e-01 6.973271161874720903e-02 2.884353534066598501e-02 9.043931143917762969e-03 2.149625588484282198e-03 3.873158042720572115e-04 5.290106720246167462e-05
5.439373237457420467e-09 1.087440053974893374e-07 1.648005323195679301e-06 1.893253264367710071e-05 1.648753148411362716e-04 1.088427186225244961e-03 5.446781368689396219e-03 2.066223635153198110e-02 5.941711027779199988e-02 1.295217032614578434e-01 2.140278983714203331e-01 2.680989088758969352e-01 2.545754530761173418e-01 1.832461351467480903e-01 9.998847424937480632e-02 4.135822376217133944e-02 1.296792933050989333e-02 3.082309260754074239e-03 5.553651281132876037e-04 7.585388367882909286e-05
5.912335459883683844e-09 1.181994709857215521e-07 1.791302027834627885e-06 2.057874670629158159e-05 1.792114877651594825e-04 1.183067674839128692e-03 5.920387740001668495e-03 2.245885092429575000e-02 6.458352326331949500e-02 1.407838229860474411e-01 2.326379672260236176e-01 2.914105387708278982e-01 2.767111968108743048e-01 1.991796803451542919e-01 1.086826323689784601e-01 4.495438761639190817e-02 1.409551157366032217e-02 3.350320991983008270e-03 6.036550162646818008e-04 8.244950046006912061e-05
4.871537996928433225e-09 9.739183746098040389e-08 1.475964270258613050e-06 1.695609919110333409e-05 1.476634027378455132e-04 9.748024566640497643e-04 4.878172767371149326e-03 1.850523306524465977e-02 5.321434984322796075e-02 1.160004786066163862e-01 1.916847757640703365e-01 2.401111239306105982e-01 2.279994290896065479e-01 1.641164287109933284e-01 8.955032690281396202e-02 3.704069379821874064e-02 1.161416172731539846e-02 2.760536191678352944e-03 4.973886155011413490e-04 6.793523084816589287e-05
3.042775708703213474e-09 6.083120309008980794e-08 9.218912448775776084e-07 1.059082506706955144e-05 9.223095769723431750e-05 6.088642309249676010e-04 3.046919804130297001e-03 1.155841824292870579e-02 3.323782574609925738e-02 7.245421029759126219e-02 1.197268254483255107e-01 1.499740524955659460e-01 1.424090553885599686e-01 1.025075618820569801e-01 5.593337454785683033e-02 2.313571676825607396e-02 7.254236588754459959e-03 1.724238314949218080e-03 3.106702642957192943e-04 4.243252753448268684e-05
1.440690213759852715e-09 2.880229348895407297e-08 4.364960883732213725e-07 5.014532614456935262e-06 4.366941598095439925e-05 2.882843899709784490e-04 1.442652355665216893e-03 5.472667604615379967e-03 1.573741046443032088e-02 3.430554260797773203e-02 5.668813026690307233e-02 7.100955523282777293e-02 6.742768843008865864e-02 4.853517162551598818e-02 2.648327482803674096e-02 1.095427462530634659e-02 3.434728242316381110e-03 8.163905277118813086e-04 1.470958270755291580e-04 2.009090811037074397e-05
5.170923243046959000e-10 1.033771503635121117e-08 1.566671132566186325e-07 1.799815324728416158e-06 1.567382050280544936e-05 1.034709917837359992e-04 5.177965759951495264e-04 1.964249069501411080e-03 5.648469100343165780e-03 1.231294041860542601e-02 2.034649556180468527e-02 2.548673935068887508e-02 2.420113623303839570e-02 1.742023681889798281e-02 9.505373192124879494e-03 3.931706672934892795e-03 1.232792166706847678e-03 2.930187707829059042e-04 5.279561309679703672e-05 7.211025849249907895e-06
1.406897298233439158e-10 2.812670517611402045e-09 4.262576101069526061e-08 4.896911438560600983e-07 4.264510355678588560e-06 2.815223741366036349e-05 1.408813416021317355e-04 5.344300387082710898e-04 1.536827282654695814e-03 3.350086975578025865e-03 5.535845010446181422e-03 6.934395087275605461e-03 6.584610055123946495e-03 4.739672774692491909e-03 2.586208155513248976e-03 1.069733050676469109e-03 3.354163051937342731e-04 7.972412228328448877e-05 1.436455385879863072e-05 1.961965457221360596e-06
2.901706746750711188e-11 5.801095095987324768e-10 8.791505852305326613e-09 1.009981395042407419e-07 8.795495226409658960e-07 5.806361085625733076e-06 2.905658713905417010e-05 1.102254763679789675e-04 3.169685591314405203e-04 6.909509309202966493e-04 1.141760584510884699e-03 1.430209656003189047e-03 1.358066963783839199e-03 9.775511321959971019e-04 5.334019521380405819e-04 2.206310022961674563e-04 6.917916161847402533e-05 1.644299294615611366e-05 2.962669904795276390e-06 4.046527355805937395e-07
4.536714638534744193e-12 9.069804545538008796e-11 1.374520472807239603e-09 1.579069761156080376e-08 1.375144197169394938e-07 9.078037731853474759e-07 4.542893397729428171e-06 1.723335870304737693e-05 4.955689970315302085e-05 1.080277049472850361e-04 1.785101807152922012e-04 2.236081606051021386e-04 2.123289088950068278e-04 1.528366205963404287e-04 8.339548602550612012e-05 3.449486751038689580e-05 1.081591430793385000e-05 2.570803093168629981e-06 4.632028354099492614e-07 6.326600684536118293e-08
5.376829009139993823e-13 1.074936205452607879e-11 1.629055856648224940e-10 1.871483832622537807e-09 1.629795083051326901e-08 1.075911987236250021e-07 5.384151958526369834e-07 2.042465316473758127e-06 5.873390705768823870e-06 1.280324075968279053e-05 2.115669145121289478e-05 2.650161935268340353e-05 2.516482361770150045e-05 1.811390931008037200e-05 9.883876422037724894e-06 4.088266930454153226e-06 1.281881856030816962e-06 3.046867557136089446e-07 5.489793035235966151e-08 7.498168344316529961e-09
4.830674864291984847e-14 9.657490129536191383e-13 1.463583678383872749e-11 1.681386909237889818e-10 1.464247817488620716e-09 9.666256792056537727e-09 4.837253981365107546e-08 1.835000861791601900e-07 5.276798053702984043e-07 1.150274505924279149e-06 1.900768974263924855e-06 2.380970387051948100e-06 2.260869384310507174e-06 1.627397974708250341e-06 8.879916640931583250e-07 3.672999134971535630e-07 1.151674053683637777e-07 2.737380433349170222e-08 4.932164511908343813e-09 6.736538076168668676e-10
3.289926603523590428e-15 6.577224630721318918e-14 9.967722968877072146e-13 1.145106983789684707e-11 9.972246082045554770e-11 6.583195158041011028e-10 3.294407305060054439e-09 1.249725622670685282e-08 3.593758384904967647e-08 7.833933776766201854e-08 1.294516934229578403e-07 1.621557657806093456e-07 1.539762982087043894e-07 1.108337870364581972e-07 6.047658932714061243e-08 2.501492629567211890e-08 7.843465383706794126e-09 1.864290386879587140e-09 3.359046033221388714e-10 4.587912963520315492e-11
1.698483882857599752e-16 3.395610715828567666e-15 5.146016568665944164e-14 5.911821114888645156e-13 5.148351707330959003e-12 3.398693108126874654e-11 1.700797125753483290e-10 6.451933686991496517e-10 1.855342514057304298e-09 4.044409454290055952e-09 6.683176902853383013e-09 8.371583560430088312e-09 7.949303810287421746e-09 5.721993942231918355e-09 3.122212883178982194e-09 1.291440638784005618e-09 4.049330318101718302e-10 9.624735006823482569e-11 1.734168033746644695e-11 2.368592726703006216e-12
6.647119256052425994e-18 1.328892761541404410e-16 2.013924663682653311e-15 2.313626897948498678e-14 2.014838534302367582e-13 1.330099074383551553e-12 6.656172271834504197e-12 2.525003215068480298e-11 7.260994982780740688e-11 1.582804066279487694e-10 2.615501644196988883e-10 3.276269786826820186e-10 3.111008056236135929e-10 2.239336887461875642e-10 1.221896868538839477e-10 5.054130936860641539e-11 1.584729876051899596e-11 3.766698173821989645e-12 6.786771335712634286e-13 9.269630687884055856e-14
1.971979202439307745e-19 3.942382838468995860e-18 5.974644652938429309e-17 6.863761502103892287e-16 5.977355803116991119e-15 3.945961567456268118e-14 1.974664931121752733e-13 7.490844731984687161e-13 2.154095713270417593e-12 4.695653229626516015e-12 7.759323471752072585e-12 9.719602781791578426e-12 9.229326192595107067e-12 6.643367749584366489e-12 3.624961610385322111e-12 1.499392550362221293e-12 4.701366466703755266e-13 1.117454069126227280e-13 2.013409329695799768e-14 2.749991120462659957e-15
4.434738432029254253e-21 8.865933609190347501e-20 1.343624021355255831e-18 1.543575453737576497e-17 1.344233725650149401e-16 8.873981730062061431e-16 4.440778305163484185e-15 1.684598751356197863e-14 4.844296042317837749e-14 1.055994597465739743e-13 1.744976314362766002e-13 2.185818995816531021e-13 2.075561827295468646e-13 1.494011612330497681e-13 8.152092348804205861e-14 3.371949237377607082e-14 1.057279434141825632e-14 2.513016618152742736e-15 4.527909687264105253e-16 6.184391445188322973e-17
7.560151667712291443e-23 1.511426294665955716e-21 2.290552541377083886e-20 2.631421158129967858e-19 2.291591939080578917e-18 1.512798303756521325e-17 7.570448184101816151e-17 2.871831620893134779e-16 8.258347896848302247e-16 1.800214249270320370e-15 2.974760697918223796e-15 3.726290373111818807e-15 3.538328686250768439e-15 2.546926849386591549e-15 1.389733701564795464e-15 5.748354280894225935e-16 1.802404583669592813e-16 4.284082831018891435e-17 7.718986023208720207e-18 1.054288500093836388e-18
