4.345617854152472227e-40 4.212318480239478387e-38 3.095192651587708994e-36 1.724054503471480517e-34 7.279660343764130282e-33 2.330065131358995042e-31 5.653557645796946307e-30 1.039854098947419369e-28 1.449839109920143119e-27 1.532371383109237545e-26 1.227736237539359695e-25 7.456635867350508428e-25 3.433030137322021854e-24 1.198144271813499749e-23 3.169840683090795225e-23 6.357151679721371457e-23 9.664614413226168917e-23 1.113789987032057373e-22 9.730135902552081093e-23 6.443640796795829689e-23
7.133524302272635903e-38 6.914707472261157156e-36 5.080895914310164207e-34 2.830111876313342043e-32 1.194988508363879039e-30 3.824905179949134711e-29 9.280565437214851820e-28 1.706966589013571852e-26 2.379975154768323237e-25 2.515455538979655402e-24 2.015383446314508010e-23 1.224039824903470444e-22 5.635471119859173796e-22 1.966806923080711242e-21 5.203433966369877792e-21 1.043554622668713062e-20 1.586489288812263223e-20 1.828335626090287352e-20 1.597244931671675107e-20 1.057752194550078305e-20
8.876741584243384489e-36 8.604452548419060746e-34 6.322512987500523478e-32 3.521705501518815700e-30 1.487007506444913528e-28 4.759596158637264931e-27 1.154845454379002165e-25 2.124097523405585144e-24 2.961568998800143516e-23 3.130156685533735567e-22 2.507882119416939091e-21 1.523158084851417113e-20 7.012609576520186541e-20 2.447434965172292574e-19 6.474995628097135552e-19 1.298567765658499081e-18 1.974179220006293101e-18 2.275125477164041617e-18 1.987563216217674563e-18 1.316234794096945731e-18
8.373361253249622823e-34 8.116513124843798257e-32 5.963977296204778377e-30 3.321997391939077269e-28 1.402682608206020047e-26 4.489690014925252441e-25 1.089356729540634901e-23 2.003644663057285792e-22 2.793624988182223324e-21 2.952652441045779984e-20 2.365665685674389196e-19 1.436783167475291465e-18 6.614940037956141703e-18 2.308646355504886455e-17 6.107812984384731584e-17 1.224928867252891564e-16 1.862227894198675116e-16 2.146108156463851332e-16 1.874852913664032801e-16 1.241594037685377273e-16
5.987463779817095314e-32 5.803801709206424021e-30 4.264607361926429946e-28 2.375430661511601560e-26 1.003003579709825235e-24 3.210402075574969540e-23 7.789564744854695329e-22 1.432728086707543790e-20 1.997612180489842731e-19 2.111326504429642966e-18 1.691595188567152020e-17 1.027387558535185299e-16 4.730085408360185518e-16 1.650822891300407565e-15 4.367458647948314407e-15 8.758988181338507133e-15 1.331606475470353464e-14 1.534598169810310805e-14 1.340634134075062067e-14 8.878154309887257700e-15
3.245508788130863554e-30 3.145954638638918799e-28 2.311633302520373377e-26 1.287603795369734063e-24 5.436787682036541106e-23 1.740200614629913746e-21 4.222338834075177320e-20 7.766112276262093986e-19 1.082807032405137434e-17 1.144445958543960947e-16 9.169303151295637323e-16 5.568961204044379672e-15 2.563945992156197726e-14 8.948296638425237691e-14 2.367383911614635221e-13 4.747815462949939264e-13 7.217981899179000011e-13 8.318299750150662451e-13 7.266916383654029228e-13 4.812409543461322678e-13
1.333581306302122967e-28 1.292674452741044022e-26 9.498513670770281819e-25 5.290770919211278081e-23 2.233978982159263007e-21 7.150493683372294614e-20 1.734961297467013348e-18 3.191099710511386579e-17 4.449259918903488131e-16 4.702534597868698475e-15 3.767671595622854568e-14 2.288289153428065317e-13 1.053526786928507275e-12 3.676859900639040330e-12 9.727593223335204502e-12 1.950879926844578415e-11 2.965872643813050504e-11 3.417993840468754382e-11 2.985979849798160579e-11 1.977421669261910076e-11
4.153871218799940831e-27 4.026453564656149170e-25 2.958619948550162869e-23 1.647982087235145240e-21 6.958451617117305203e-20 2.227253019460226623e-18 5.404099296550411985e-17 9.939714347503799504e-16 1.385866211137961031e-14 1.464756819039606709e-13 1.173563436214081362e-12 7.127618248544601234e-12 3.281550646950721798e-11 1.145277190423066170e-10 3.029974200122099330e-10 6.076647851284715548e-10 9.238171647683624486e-10 1.064644965617278411e-09 9.300802057871086139e-10 6.159320710752032540e-10
9.808065931075560341e-26 9.507209046786707451e-24 6.985854397469456132e-22 3.891193567022398144e-20 1.643020417436125777e-18 5.258960451442228894e-17 1.276008797739241023e-15 2.346952240963786468e-14 3.272289017765443756e-13 3.458564480553024522e-12 2.771002505949778835e-11 1.682963819313091337e-10 7.748354102984160654e-10 2.704213395491742370e-09 7.154335115098033085e-09 1.434810075372237763e-08 2.181304904037224113e-08 2.513825649842528688e-08 2.196093113879377161e-08 1.454330681901783531e-08
1.755539252680332113e-24 1.701689077373622222e-22 1.250393471500886134e-20 6.964821703575056056e-19 2.940831409611067756e-17 9.412978629710218668e-16 2.283919731921103470e-14 4.200794338182201454e-13 5.857048532474581250e-12 6.190461754849719278e-11 4.959799110910895779e-10 3.012325841207857150e-09 1.386872790929916868e-08 4.840253722569654250e-08 1.280549724037846511e-07 2.568157091477629833e-07 3.904303262245213830e-07 4.499479952220558365e-07 3.930772581514894896e-07 2.603096896368386672e-07
2.381960370706068490e-23 2.308895081314038681e-21 1.696565709002142349e-19 9.450047477787902226e-18 3.990194958002893950e-16 1.277176914844841691e-14 3.098880462515257285e-13 5.699744750087030892e-12 7.946992624833657117e-11 8.399376176813200399e-10 6.729581757181125038e-09 4.087200423719326468e-08 1.881744325660557935e-07 6.567379529521031745e-07 1.737482480508321691e-06 3.484540951338887984e-06 5.297458106782627065e-06 6.105008998581133870e-06 5.333372353327491337e-06 3.531948168513278928e-06
2.449939379448044252e-22 2.374788872347357174e-20 1.744984169939595209e-18 9.719743341751433257e-17 4.104071536836092855e-15 1.313626396426078790e-13 3.187319726510732739e-12 5.862410343922390674e-11 8.173792653818122580e-10 8.639086825895661671e-09 6.921637973870259582e-08 4.203845451382749316e-07 1.935447617930830308e-06 6.754806640374609269e-06 1.787068669340038460e-05 3.583986619161904171e-05 5.448642801280485174e-05 6.279240469930650118e-05 5.485582008152086885e-05 3.632746795718140695e-05
1.910174154513327855e-21 1.851580640907842093e-19 1.360533117437567376e-17 7.578310988290499069e-16 3.199871573844549299e-14 1.024211134442396725e-12 2.485096494560202911e-11 4.570817064312451089e-10 6.372960736355822178e-09 6.735742325649062718e-08 5.396678005789571586e-07 3.277663520233268420e-06 1.509034079863147846e-05 5.266602582666997227e-05 1.393345653018951565e-04 2.794370614830095486e-04 4.248209871431978739e-04 4.895812098966291579e-04 4.277010713953339842e-04 2.832388057142574121e-04
1.128983019929018955e-20 1.094352103275544123e-18 8.041249977175263993e-17 4.479059883260388820e-15 1.891241520721153573e-13 6.053463642964558707e-12 1.468783219904052623e-10 2.701520612985835829e-09 3.766653653552946058e-08 3.981070885242105667e-07 3.189634734699424249e-06 1.937219415643763162e-05 8.918945158138013489e-05 3.112755386463820725e-04 8.235184103153602190e-04 1.651575573922241941e-03 2.510847923792316593e-03 2.893604604290238649e-03 2.527870278580982271e-03 1.674045277394308135e-03
5.058231188700573562e-20 4.903072803129008846e-18 3.602755817642232367e-16 2.006772466692163220e-14 8.473410739232134137e-13 2.712159355632598307e-11 6.580652641548019290e-10 1.210373901139950662e-08 1.687590039098410162e-07 1.783656313752665421e-06 1.429065770770733459e-05 8.679407479646289686e-05 3.995993365076486712e-04 1.394621185675312550e-03 3.689644958334425007e-03 7.399625088280588521e-03 1.124945995999913038e-02 1.296434118035602774e-02 1.132572594839510900e-02 7.500297067306814155e-03
1.717935125306982367e-19 1.665238435374193252e-17 1.223609703893676648e-15 6.815633331925725341e-14 2.877838002461839591e-12 9.211350072095339009e-11 2.234997551241561993e-09 4.110812183057477492e-08 5.731588962880363568e-07 6.057860383519657277e-06 4.853558867505269609e-05 2.947801003925041175e-04 1.357165599250135428e-03 4.736574173835603370e-03 1.253120001314701401e-02 2.513146469393710489e-02 3.820672026456280873e-02 4.403099870158148910e-02 3.846574365721512623e-02 2.547337854178506611e-02
4.422946266684462774e-19 4.287274887380655950e-17 3.150270282033112830e-15 1.754733316553170491e-13 7.409198788479730893e-12 2.371527644573747557e-10 5.754160287948219601e-09 1.058357858236705840e-07 1.475638377264774968e-06 1.559639276983530980e-05 1.249583279189874472e-04 7.589323515874427844e-04 3.494119441444754840e-03 1.219464737080607104e-02 3.226246643354519633e-02 6.470274477011971059e-02 9.836592096352229919e-02 1.133609403851895542e-01 9.903279512578777588e-02 6.558302630962002666e-02
8.632038853567657886e-19 8.367255935834977860e-17 6.148221984648714698e-15 3.424623599936037048e-13 1.446015573322951935e-11 4.628389660635867297e-10 1.123010142568584684e-08 2.065543102364267189e-07 2.879928228455181171e-06 3.043868504096488106e-05 2.438748012378910745e-04 1.481169598527168427e-03 6.819294867935811813e-03 2.379967188461081656e-02 6.296501177597325916e-02 1.262770499825267845e-01 1.919757556224148398e-01 2.212407709432685221e-01 1.932772599437484751e-01 1.279950506076487915e-01
1.277061843561937198e-18 1.237888692606569462e-16 9.095950372255790902e-15 5.066538974430665833e-13 2.139299121810430617e-11 6.847443498579384467e-10 1.661430662368542435e-08 3.055855432313919352e-07 4.260692653436063632e-06 4.503233117162092053e-05 3.607991212162366731e-04 2.191307534883507688e-03 1.008876514989183112e-02 3.521028272546347648e-02 9.315321140530964661e-02 1.868198289950903646e-01 2.840173874947624633e-01 3.273133399939465726e-01 2.859428903060932114e-01 1.893615147807747867e-01
1.432211943782794686e-18 1.388279651109011735e-16 1.020101636336176084e-14 5.682072226495641415e-13 2.399202332312367658e-11 7.679338641650965251e-10 1.863277687300013544e-08 3.427110966236667409e-07 4.778323726295547098e-06 5.050330403771843715e-05 4.046325660086709606e-04 2.457529241659767681e-03 1.131444809704229906e-02 3.948797602684932934e-02 1.044703846168413552e-01 2.095165490779543893e-01 3.185226280642973196e-01 3.670786009793055582e-01 3.206820599963355334e-01 2.123670239848289010e-01
