1.124155609637588391e-22 2.080721183885719632e-21 2.919430661715476534e-20 3.105126234894481778e-19 2.503555223806479344e-18 1.530142613045421190e-17 7.089301778697197120e-17 2.489842278443203148e-16 6.628832265106626644e-16 1.337824182370073574e-15 2.046717361250254149e-15 2.373632744143742542e-15 2.086728726851280354e-15 1.390641816856762936e-15 7.025243693472701852e-16 2.690322367351150890e-16 7.809874775525658513e-17 1.718623072327311086e-17 2.866909770450694721e-18 3.625302337058615389e-19
6.798115101322881445e-21 1.258276165732613076e-19 1.765469611015076148e-18 1.877765441721642480e-17 1.513976928820496517e-16 9.253243515170590201e-16 4.287119066650693323e-15 1.505684288534896111e-14 4.008658973830624749e-14 8.090234749633010362e-14 1.237713007200189501e-13 1.435408805028347644e-13 1.261909111937382145e-13 8.409639248033225139e-14 4.248381170153691962e-14 1.626920771121055002e-14 4.722871744424926560e-15 1.039304288597267815e-15 1.733708610938136637e-16 2.192331947030408311e-17
3.116358515401373333e-19 5.768127760950079698e-18 8.093179026784337425e-17 8.607960055129067448e-16 6.940298632679674349e-15 4.241826417145141489e-14 1.965280053480816015e-13 6.902283918624334775e-13 1.837629746222791181e-12 3.708685654455742398e-12 5.673863140182482116e-12 6.580130500823325053e-12 5.784781734400785787e-12 3.855105494898473781e-12 1.947522017346112053e-12 7.458050243927016906e-13 2.165035654518879704e-13 4.764327643162472966e-14 7.947581811126438279e-15 1.004998036938980978e-15
1.082936856786592353e-17 2.004428603485706518e-16 2.812385613966558226e-15 2.991272396733659331e-14 2.411758836247494415e-13 1.474037773418966413e-12 6.829362518156165435e-12 2.398548695390055086e-11 6.385776769511827762e-11 1.288770969577784750e-10 1.971671579024059777e-10 2.286600147765537828e-10 2.010215871405157938e-10 1.339651970912069153e-10 6.767653213083024020e-11 2.591677898739626959e-11 7.523514688532541526e-12 1.655607330507448612e-12 2.761790475344913979e-13 3.492375507569652101e-14
2.852697191533462574e-16 5.280111958475720524e-15 7.408450910312432844e-14 7.879678590489845129e-13 6.353110632169609906e-12 3.882944227167598631e-11 1.799006392054787026e-10 6.318312175096499657e-10 1.682156013250906165e-09 3.394910148643046457e-09 5.193822650748218548e-09 6.023414734490094940e-09 5.295356912820962054e-09 3.528942053365009866e-09 1.782750784890764961e-09 6.827057567356233701e-10 1.981861554340557366e-10 4.361238933205441006e-11 7.275172031727125845e-12 9.199695937754458352e-13
5.696459758538304955e-15 1.054368664900790289e-13 1.479369861230013720e-12 1.573467809137237320e-11 1.268632337322907313e-10 7.753727104424536952e-10 3.592378310641678407e-09 1.261683544756897019e-08 3.359043527475143658e-08 6.779187466161715256e-08 1.037137829096675014e-07 1.202796418275469117e-07 1.057412881062469221e-07 7.046831488764226796e-08 3.559918008743788549e-08 1.363273284563508413e-08 3.957515934324041637e-09 8.708818501349799174e-10 1.452755828349922578e-10 1.837057850224754808e-11
8.622857564905478512e-14 1.596021248936549476e-12 2.239354992384541378e-11 2.381793144561022747e-10 1.920356925294169855e-09 1.173698880579047858e-08 5.437862778805544303e-08 1.909838383764053541e-07 5.084658738845914048e-07 1.026180652621772930e-06 1.569938550355123720e-06 1.820699633456055493e-06 1.600629346504443394e-06 1.066694522337794328e-06 5.388726899392046050e-07 2.063617027613018140e-07 5.990579703713479661e-08 1.318273185081225269e-08 2.199068740136596996e-09 2.780795239927097414e-10
9.894508145505183911e-13 1.831393494457559282e-11 2.569602483404748796e-10 2.733046613883825336e-09 2.203560373875749862e-08 1.346789396304611826e-07 6.239808225293434700e-07 2.191490616945964651e-06 5.834515638224681394e-06 1.177516009014264310e-05 1.801464266051766802e-05 2.089206184625956830e-05 1.836681168361205689e-05 1.224004636582764020e-05 6.183426062485580957e-06 2.367947671085533434e-06 6.874036736491169864e-07 1.512684706851031566e-07 2.523375041049503535e-08 3.190891296224526342e-09
8.606647732837989663e-12 1.593020940021938531e-10 2.235145301096842972e-09 2.377315688381070816e-08 1.916746908193182819e-07 1.171492481875509418e-06 5.427640315801015500e-06 1.906248140130336040e-05 5.075100252734229058e-05 1.024251568681246464e-04 1.566987273465067097e-04 1.817276958886572622e-04 1.597620374975708911e-04 1.064689277679135176e-04 5.378596805343847058e-05 2.059737700462194786e-05 5.979318205972937985e-06 1.315795005801512711e-06 2.194934781676288317e-07 2.775567712565769188e-08
5.675062707006623480e-11 1.050408243584302750e-09 1.473813049719552645e-08 1.567557546759792346e-07 1.263867098446999994e-06 7.724602541898288946e-06 3.578884613311717497e-05 1.256944406947074040e-04 3.346426282642201745e-04 6.753723471030564050e-04 1.033242130274023094e-03 1.198278472387172451e-03 1.053441025056216012e-03 7.020362168714345055e-04 3.546546238853307497e-04 1.358152555205624859e-04 3.942650706450337347e-05 8.676106422944619226e-06 1.447298984513620255e-06 1.830157490500632919e-07
2.836639335477066258e-10 5.250390164644078982e-09 7.366748678939319882e-08 7.835323814612347815e-07 6.317348919940021662e-06 3.861087102037057378e-05 1.788879770212868420e-04 6.282746343669241796e-04 1.672687143156540400e-03 3.375800171372022890e-03 5.164586580142583802e-03 5.989508883192054371e-03 5.265549305015364105e-03 3.509077609395109664e-03 1.772715665995856999e-03 6.788628003913361282e-04 1.970705639279622245e-04 4.336689483223565779e-05 7.234220028262574641e-06 9.147910773324979563e-07
1.074816677585895006e-09 1.989398808024120339e-08 2.791297519103260371e-07 2.968842956136671972e-06 2.393674758845874809e-05 1.462985004465958128e-04 6.778153948490795539e-04 2.380563671511601569e-03 6.337894336312582984e-03 1.279107385633768308e-02 1.956887405370481142e-02 2.269454547037443037e-02 1.995142681305844823e-02 1.329606866248578788e-02 6.716907357944736610e-03 2.572244735267202164e-03 7.467101161643039092e-04 1.643193099589497659e-04 2.741081757718365444e-05 3.466188648400655752e-06
3.087176727902943080e-09 5.714114630640437038e-08 8.017393962460297827e-07 8.527354547167639102e-06 6.875309216707893838e-05 4.202105673688098829e-04 1.946877040922350213e-03 6.837650474952246607e-03 1.820422059594288544e-02 3.673957276404248712e-02 5.620732710023770839e-02 6.518513723087994427e-02 5.730612655180950671e-02 3.819006031765387332e-02 1.929285292213922531e-02 7.388212567582855619e-03 2.144762117284800072e-03 4.719714163625816851e-04 7.873160128771029842e-05 9.955871687717352352e-06
6.721797212464680868e-09 1.244150341274212676e-07 1.745649865166742887e-06 1.856685025731753691e-05 1.496980523013089295e-04 9.149363542613065791e-04 4.238990449883554661e-03 1.488780978650431838e-02 3.963656442176573258e-02 7.999411098186019753e-02 1.223818031561509506e-01 1.419294430967968645e-01 1.247742502823153687e-01 8.315229856032212152e-02 4.200687437826641779e-02 1.608656420379580079e-02 4.669851223955604966e-03 1.027636714864724014e-03 1.714245424582799457e-04 2.167720103397282707e-05
1.109445927201934435e-08 2.053494750472327514e-07 2.881229635488692772e-06 3.064495364536021005e-05 2.470795967003775145e-04 1.510120552286041114e-03 6.996537594663296625e-03 2.457262456827073033e-02 6.542093368193259428e-02 1.320318626458872047e-01 2.019935871070940581e-01 2.342573535270981444e-01 2.059423684170197388e-01 1.372445137204642840e-01 6.933317715540336656e-02 2.655119244817216728e-02 7.707681825701523728e-03 1.696134726938305958e-03 2.829395985051717560e-04 3.577864913223180823e-05
1.388109394790173861e-08 2.569278308562500702e-07 3.604918299764747918e-06 3.834215531830177177e-05 3.091394551384344237e-04 1.889422886233589529e-03 8.753882751770252976e-03 3.074461781467250493e-02 8.185294157495850986e-02 1.651947737666023541e-01 2.527290326423362599e-01 2.930966036801376240e-01 2.576696433561038169e-01 1.717167048954428010e-01 8.674783711432700051e-02 3.322014960489499957e-02 9.643647601008662959e-03 2.122158900732429472e-03 3.540065407547370751e-04 4.476529930449923766e-05
1.316552149069390699e-08 2.436831629690569415e-07 3.419084225341091553e-06 3.636561150995813035e-05 2.932032702553449767e-04 1.792022855480881333e-03 8.302618794166946939e-03 2.915972819443575156e-02 7.763341026479578244e-02 1.566789586135806933e-01 2.397008134274544455e-01 2.779874301753816890e-01 2.443867349242318521e-01 1.628646832228831109e-01 8.227597321121248031e-02 3.150764595274736096e-02 9.146516133114289057e-03 2.012761293823206715e-03 3.357574509361498072e-04 4.245764146851098951e-05
9.465624204755579967e-09 1.752010543085396314e-07 2.458221379560476802e-06 2.614580917077335935e-05 2.108045605184918469e-04 1.288411927192184515e-03 5.969339647994694950e-03 2.096499019780168407e-02 5.581614733754392682e-02 1.126475805821226528e-01 1.723378616701441712e-01 1.998648173219616520e-01 1.757069019297976264e-01 1.170949353357609579e-01 5.915401406988460287e-02 2.265307427252362740e-02 6.576077108680558961e-03 1.447116396769784373e-03 2.413997695993088115e-04 3.052580021575663046e-05
5.158901906990415082e-09 9.548710508969460549e-08 1.339766156831764031e-06 1.424984363135221399e-05 1.148915302083030113e-04 7.022031093143916167e-04 3.253376325466367062e-03 1.142622246265975576e-02 3.042060647155681030e-02 6.139455842658535223e-02 9.392662374765296807e-02 1.089292121595672180e-01 9.576279934941850369e-02 6.381843100205486508e-02 3.223979205068648601e-02 1.234625266498575423e-02 3.584057004866491192e-03 7.886993374596456413e-04 1.315663610549045414e-04 1.663700201264657689e-05
2.131385962590047475e-09 3.945023167057372663e-08 5.535206583313997884e-07 5.887283230528739027e-06 4.746711589430557072e-05 2.901132599656082770e-04 1.344123372790989070e-03 4.720712004495457130e-03 1.256818888513764471e-02 2.536499091648304269e-02 3.880552314785408463e-02 4.500380078913696069e-02 3.956413398655804492e-02 2.636640712396363592e-02 1.331978034328289325e-02 5.100819921596845205e-03 1.480743175004738859e-03 3.258489358535281372e-04 5.435627584263722395e-05 6.873531070883238283e-06
