1.072254542041368322e-18 8.416677981665588981e-17 5.008184825549998536e-15 2.259002980098133651e-13 7.724138974499858709e-12 2.002074221697034414e-10 3.933753006760278842e-09 5.859098799386907742e-08 6.615327880345502328e-07 5.661985419553208975e-06 3.673524481150612278e-05 1.806732885915264726e-04 6.735995373418983932e-04 1.903734718448130223e-03 4.078569804623359898e-03 6.623784407631730202e-03 8.154574349380981982e-03 7.610150130082696772e-03 5.383713886253272199e-03 2.887137968073774912e-03
3.824669992931034533e-18 3.002180401619391742e-16 1.786390588270836100e-14 8.057733097100510628e-13 2.755155739490338350e-11 7.141283062105186402e-10 1.403146966942645749e-08 2.089906685866822651e-07 2.359649229294775928e-06 2.019597482268593722e-05 1.310324955546997348e-04 6.444511804861326448e-04 2.402690626816089779e-03 6.790511736408789793e-03 1.454802281939474376e-02 2.362665623713071025e-02 2.908689550507788379e-02 2.714496577353218976e-02 1.920339634288488820e-02 1.029825430342413105e-02
1.034157919027437351e-17 8.117637972483889760e-16 4.830246731746404316e-14 2.178741827968797573e-12 7.449704501078520235e-11 1.930941609169508069e-09 3.793988893434013868e-08 5.650928193052437760e-07 6.380288864431153297e-06 5.460818144823406537e-05 3.543006146367511555e-04 1.742540645227199682e-03 6.496669106844075309e-03 1.836096055198281618e-02 3.933660428919583812e-02 6.388444935883998144e-02 7.864846740266800973e-02 7.339765618553140136e-02 5.192433448355567721e-02 2.784559520096744831e-02
2.119710615109858690e-17 1.663870001215593394e-15 9.900543314034179548e-14 4.465761075129190386e-12 1.526963863045072794e-10 3.957845654717015843e-09 7.776528500196723076e-08 1.158269182650725232e-06 1.307766036943449982e-05 1.119302378852608814e-04 7.262089860432091029e-04 3.571680722052748141e-03 1.331620462915813173e-02 3.763440986097487534e-02 8.062812858659008930e-02 1.309437784644463809e-01 1.612055452539975786e-01 1.504429720820300853e-01 1.064291642139308658e-01 5.707503916524861443e-02
3.293541248102067731e-17 2.585270103107531643e-15 1.538316011202429958e-13 6.938762395330192628e-12 2.372549550609077696e-10 6.149579015414963459e-09 1.208293113214025154e-07 1.799683080451007915e-06 2.031966700943738124e-05 1.739137657551785728e-04 1.128361217435199871e-03 5.549567803868348664e-03 2.069030975345036855e-02 5.847519012338166927e-02 1.252775097526450387e-01 2.034564211174834381e-01 2.504762248828506510e-01 2.337536692543059347e-01 1.653663664468845440e-01 8.868144282895137898e-02
3.879238296074894757e-17 3.045013872363510739e-15 1.811877833793788704e-13 8.172696433311888093e-12 2.794464797233602352e-10 7.243170989609861904e-09 1.423166301732062710e-07 2.119724333346881459e-06 2.393315416101830087e-05 2.048411996421370092e-04 1.329019956559741649e-03 6.536458580513041482e-03 2.436970904781861694e-02 6.887395050163748478e-02 1.475558606558848851e-01 2.396374846788696111e-01 2.950189144835365096e-01 2.753225532371497697e-01 1.947737991662250867e-01 1.044518417285612982e-01
3.463591215912129908e-17 2.718751078354795137e-15 1.617741337464076002e-13 7.297020037510204818e-12 2.495047477404855168e-10 6.467090057433774417e-09 1.270678913035293978e-07 1.892603140303119265e-06 2.136879876780159614e-05 1.828931675724292387e-04 1.186620025887520635e-03 5.836099459408253601e-03 2.175857829558030046e-02 6.149434289819490779e-02 1.317457562071384647e-01 2.139611499960784036e-01 2.634086495194218336e-01 2.458226858348903088e-01 1.739044545328822522e-01 9.326018508915674687e-02
2.344248355419055281e-17 1.840121234557577799e-15 1.094929289698193354e-13 4.938812393277272746e-12 1.688712836182213270e-10 4.377094260384165198e-09 8.600284405572346117e-08 1.280962885785613358e-06 1.446295715803958108e-05 1.237868387381671053e-04 8.031352058564332052e-04 3.950023460310930420e-03 1.472677005050028291e-02 4.162096599171114658e-02 8.916894433244744456e-02 1.448144549211141940e-01 1.782818049087931678e-01 1.663791686344759657e-01 1.177030446508378347e-01 6.312091176260732628e-02
1.202755716970880060e-17 9.441048895981877862e-16 5.617717337069255309e-14 2.533940069672794941e-12 8.664222855676034645e-11 2.245741213053516091e-09 4.412519352937148306e-08 6.572193729152704540e-07 7.420461388370032750e-06 6.351090217634752387e-05 4.120619123444945733e-04 2.026625416234454236e-03 7.555814992813970898e-03 2.135433077159294007e-02 4.574961408171188126e-02 7.429947136520725914e-02 9.147045345697060736e-02 8.536360739995337010e-02 6.038951015212197515e-02 3.238523653323387153e-02
4.677869038766939931e-18 3.671900262110139538e-16 2.184894707115065925e-14 9.855234633900556335e-13 3.369769876764196126e-11 8.734344922577738650e-10 1.716157934052408939e-08 2.556118514224125134e-07 2.886034636313623105e-06 2.470124886731974335e-05 1.602629390667932032e-04 7.882139451938997756e-04 2.938677614981674742e-03 8.305324294080367042e-03 1.779336404131663316e-02 2.889723921424266692e-02 3.557553675703675755e-02 3.320040557357561289e-02 2.348724814365222083e-02 1.259556642752810568e-02
1.379162715580176035e-18 1.082575825629838620e-16 6.441662416260892585e-15 2.905590568639093646e-13 9.934995904338945238e-12 2.575121869040496083e-10 5.059699228595907123e-09 7.536130922449564518e-08 8.508813165333750215e-07 7.282598376258548749e-06 4.724986279403835032e-05 2.323868573709203338e-04 8.664018949878751936e-04 2.448634947295821960e-03 5.245966500378427405e-03 8.519690178840487460e-03 1.048863349432075515e-02 9.788380377849398642e-03 6.924678023872861236e-03 3.713514733845363607e-03
3.082334561859469922e-19 2.419483100490195892e-17 1.439667595213341142e-15 6.493796657315843873e-14 2.220403792963179257e-12 5.755221663315222055e-11 1.130808252625520075e-09 1.684273838217301041e-08 1.901661682383873753e-07 1.627611044128348285e-06 1.056002192402044232e-05 5.193687692572007366e-05 1.936349116179698427e-04 5.472532024077972693e-04 1.172437716870209376e-03 1.904092620683096090e-03 2.344138016566203655e-03 2.187636223226938851e-03 1.547618287647309137e-03 8.299452037674025923e-04
5.222048049273305590e-20 4.099054386082764389e-18 2.439064678511246497e-16 1.100169935682014487e-14 3.761777011203997856e-13 9.750415945088134933e-12 1.915799505606848193e-10 2.853473149909723413e-09 3.221768591168037441e-08 2.757475837677636713e-07 1.789064125970393279e-06 8.799072955652471599e-06 3.280535555737422150e-05 9.271487117116228847e-05 1.986327560945570184e-04 3.225887052791395152e-04 3.971405800041472858e-04 3.706262653438315816e-04 2.621953229876809862e-04 1.406081541558147066e-04
6.706543880738559269e-21 5.264311597750133051e-19 3.132428912957145116e-17 1.412920348549360553e-15 4.831154818405747788e-14 1.252221193182745923e-12 2.460412721180818953e-11 3.664643203549594404e-10 4.137635698940075648e-09 3.541356289901393119e-08 2.297649687069671650e-07 1.130042625615348174e-06 4.213108621231028434e-06 1.190713578349685067e-05 2.550990114090507653e-05 4.142924934760505604e-05 5.100375755811765614e-05 4.759859136548064650e-05 3.367308041499160860e-05 1.805794866186356931e-05
6.529102654348540628e-22 5.125028843083228255e-20 3.049551347734466088e-18 1.375537409751619981e-16 4.703332492763490381e-15 1.219090020378816035e-13 2.395315309095634444e-12 3.567684353226218623e-11 4.028162449255768367e-10 3.447659355334430140e-09 2.236858646924668101e-08 1.100144044031762659e-07 4.101638514726160170e-07 1.159209769326919378e-06 2.483496212253377883e-06 4.033311742878334648e-06 4.965430403145053751e-06 4.633923146617629012e-06 3.278216062211207921e-06 1.758017283371290599e-06
4.818424325597828673e-23 3.782229343638113906e-21 2.250543937503695580e-19 1.015135351180713552e-17 3.471020888209255752e-16 8.996784581682952100e-15 1.767723095169322916e-13 2.632921855224714189e-12 2.972750921602760701e-11 2.544344389049261391e-10 1.650783375275487334e-09 8.118973010622871244e-09 3.026975656601526888e-08 8.554873229440408971e-08 1.832799880038908130e-07 2.976551058155082450e-07 3.664447001096256448e-07 3.419797358790499859e-07 2.419296625425788538e-07 1.297402367747398547e-07
2.695587339284960002e-24 2.115905292695037600e-22 1.259029370288337226e-20 5.679005864565104525e-19 1.941804898946829879e-17 5.033101481706836853e-16 9.889232812863207191e-15 1.472944335883045940e-13 1.663056054351511775e-12 1.423391145828765656e-11 9.235033001670278590e-11 4.542024399795041760e-10 1.693391180372329674e-09 4.785881526448226669e-09 1.025329406094365525e-08 1.665181977534242550e-08 2.050013920351493821e-08 1.913148747465711429e-08 1.353435254514127476e-08 7.258101736451588615e-09
1.143137817835246600e-25 8.973077309671090831e-24 5.339259707769970686e-22 2.408338352418059778e-20 8.234756791196031141e-19 2.134424865739241793e-17 4.193800680470586793e-16 6.246424849141695034e-15 7.052645785958376601e-14 6.036280942024029029e-13 3.916369289657745253e-12 1.926170146767879308e-11 7.181290216275346292e-11 2.029584456355726927e-10 4.348190847920867176e-10 7.061661346881128952e-10 8.693646854952645369e-10 8.113232513372455606e-10 5.739613778706114862e-10 3.077997310535808755e-10
3.674858290927390522e-27 2.884585483229083919e-25 1.716417959268385603e-23 7.742113001301701154e-22 2.647236736966965450e-20 6.861560165227515204e-19 1.348185928299456586e-17 2.008045380651692641e-16 2.267222152494529049e-15 1.940490177131120743e-14 1.258999740003914930e-13 6.192081324884431361e-13 2.308577625470411401e-12 6.524528495348179997e-12 1.397817913003342919e-11 2.270120395233718115e-11 2.794756653560561327e-11 2.608170187602479570e-11 1.845120242924125890e-11 9.894873356123137981e-12
8.955285171312882351e-29 7.029464419654282958e-27 4.182749668568104914e-25 1.886680363331477439e-23 6.451067774243972537e-22 1.672097891541440055e-20 3.285402727414004465e-19 4.893418357129412161e-18 5.525007854706280423e-17 4.728792658819814373e-16 3.068064346910786782e-15 1.508952173889320250e-14 5.625787265658753871e-14 1.589966432949296307e-13 3.406351221601879966e-13 5.532070600578449076e-13 6.810559982366768549e-13 6.355866255567196046e-13 4.496385069198868842e-13 2.411287881681712051e-13
