2.711709586804859939e-13 2.462832097334157554e-13 1.695599394818319279e-13 8.849291887251039213e-14 3.500987877311840054e-14 1.049952164311821922e-14 2.386960535396756350e-15 4.113559502010887623e-16 5.373869900444643704e-17 5.321736068723387410e-18 3.994995874602565594e-19 2.273401581850395058e-20 9.806923779448022656e-22 3.206906230664426800e-23 7.949440120352900773e-25 1.493769689068412522e-26 2.127784115448019053e-28 2.297567617745564684e-30 1.880640827730612841e-32 1.166917729132296008e-34
1.204078913669032906e-11 1.093569979151583043e-11 7.528960650009426781e-12 3.929346200710316553e-12 1.554541718108196036e-12 4.662096809926588884e-13 1.059880771309967878e-13 1.826541559094553904e-14 2.386156490876362881e-15 2.363007534303084742e-16 1.773895816945336508e-17 1.009457251738100521e-18 4.354562962144548582e-20 1.423960806587189213e-21 3.529785516475508902e-23 6.632777319655687240e-25 9.447988083671040690e-27 1.020187683341068808e-28 8.350599104986135125e-31 5.181458362915231074e-33
4.052878130442121846e-10 3.680909782819897494e-10 2.534215956859612999e-10 1.322601127136095456e-10 5.232520942487348481e-11 1.569241848557870039e-11 3.567513349958909892e-12 6.148060775053802687e-13 8.031700703251048006e-14 7.953782305400769758e-15 5.970857458398007918e-16 3.397789939464144264e-17 1.465727270576551376e-18 4.792991178658133773e-20 1.188110709561615534e-21 2.232564480430233925e-23 3.180152384224328292e-25 3.433908113348077046e-27 2.810775947031542544e-29 1.744056726221171424e-31
1.034115286522182363e-08 9.392054121074349829e-09 6.466198528528368485e-09 3.374693241500707065e-09 1.335107970069493313e-09 4.004011301635154103e-10 9.102716566663745047e-11 1.568713251502825478e-11 2.049334869365246576e-12 2.029453539671889646e-13 1.523498800764782962e-14 8.669657472300643619e-16 3.739887871265212594e-17 1.222959409706126537e-18 3.031533165554002268e-20 5.696517346568997077e-22 8.114342667484990191e-24 8.761815081122182927e-26 7.171857332648464196e-28 4.450061568839736519e-30
2.000189719092183872e-07 1.816614679133971064e-07 1.250694577958355593e-07 6.527344498929614173e-08 2.582370912040228580e-08 7.744573883627374944e-09 1.760650899348290650e-09 3.034211135599843566e-10 3.963831296283202239e-11 3.925376752797751542e-12 2.946757173068458086e-13 1.676888444659365565e-14 7.233705340358835478e-16 2.365452740175468165e-17 5.863602975274325720e-19 1.101822551096498378e-20 1.569479243970768784e-22 1.694713604397673761e-24 1.387183372156022299e-26 8.607326006421554722e-29
2.932717581621756520e-06 2.663556240528214274e-06 1.833793036233692221e-06 9.570521131366083609e-07 3.786323119112065077e-07 1.135524684178019132e-07 2.581501043791190751e-08 4.448820158802171581e-09 5.811847557374894590e-10 5.755464747936096029e-11 4.320593435581806768e-12 2.458686882113817802e-13 1.060620131652814823e-14 3.468273420961549782e-16 8.597330229775146316e-18 1.615513936795260130e-19 2.301201395471911121e-21 2.484822482582506203e-23 2.033915595917447266e-25 1.262023100550660143e-27
3.259613548648942295e-05 2.960450083438678353e-05 2.038197153310604325e-05 1.063730123313843940e-05 4.208366402534895491e-06 1.262096176108839556e-06 2.869248587359689527e-07 4.944708810698031510e-08 6.459666337944967498e-09 6.396998807082379926e-10 4.802189269461852753e-11 2.732744919949558642e-12 1.178842372266050401e-13 3.854865229516457781e-15 9.555633408003483773e-17 1.795587529262542827e-18 2.557705281223203343e-20 2.761793730487506501e-22 2.260626415174530180e-24 1.402694764419851406e-26
2.746368474667241068e-04 2.494310033578044225e-04 1.717271180606329837e-04 8.962396408721238518e-05 3.545734684579752191e-05 1.063371807219315385e-05 2.417468742444735546e-06 4.166135706405781982e-07 5.442554377267977015e-08 5.389754212899521849e-09 4.046056694205911106e-10 2.302458369817275938e-11 9.932267980464530103e-13 3.247894323185332474e-14 8.051043461300917752e-16 1.512861850116026876e-17 2.154979738243140536e-19 2.326933276519333793e-21 1.904677664077281568e-23 1.181832331682441979e-25
1.754075633112195170e-03 1.593088652044996655e-03 1.096802399653362507e-03 5.724184973662335869e-04 2.264622125206878166e-04 6.791639917174184884e-05 1.544010956303477309e-05 2.660865500843059951e-06 3.476100204001421166e-07 3.442377314084310472e-08 2.584172343573451536e-09 1.470555083924434846e-10 6.343631383324916218e-12 2.074394730267607724e-13 5.142113772008062357e-15 9.662483865625834883e-17 1.376362088179298690e-18 1.486186940270292066e-20 1.216496879536830636e-22 7.548234384970942591e-25
8.492482200947509483e-03 7.713052257626468525e-03 5.310246993447012391e-03 2.771404954614588214e-03 1.096432943206000765e-03 3.288220873891882154e-04 7.475439095639336738e-05 1.288276997778671273e-05 1.682978689967575591e-06 1.666651512451439170e-07 1.251145459049574901e-08 7.119797253886319628e-10 3.071314349009778709e-11 1.004332994084194634e-12 2.489591033571598143e-14 4.678160433719494547e-16 6.663755151300263278e-18 7.195480000558688154e-20 5.889756349128839070e-22 3.654531478167202898e-24
3.116863581185790738e-02 2.830801538671057910e-02 1.948937315303374274e-02 1.017145631555438010e-02 4.024067203237526730e-03 1.206824535656376681e-03 2.743594077591485561e-04 4.728162581733410169e-05 6.176774778622972061e-06 6.116851679840469699e-07 4.591884473590669698e-08 2.613068386953934709e-09 1.127216709354287446e-10 3.686047092680451599e-12 9.137158537371163770e-14 1.716952421893544228e-15 2.445694351023746472e-17 2.640845047681082645e-19 2.161625615725070358e-21 1.341265816173922219e-23
8.671570576523007778e-02 7.875704114511507259e-02 5.422228801057393799e-02 2.829847986891822348e-02 1.119554380505488264e-02 3.357562453998229769e-03 7.633080196635960322e-04 1.315444017898855281e-04 1.718469128755995763e-05 1.701797645814200666e-06 1.277529454042800161e-07 7.269938625331674402e-09 3.136081832135557597e-10 1.025512239467521444e-11 2.542091210021772154e-13 4.776812881017294399e-15 6.804279565369190087e-17 7.347217360060243143e-19 6.013958775715382294e-21 3.731597769320725494e-23
1.828835111642251599e-01 1.660986794309091130e-01 1.143548602554041588e-01 5.968152266498681635e-02 2.361141320817449971e-02 7.081102611363136040e-03 1.609817385489850910e-03 2.774272764205303033e-04 3.624253130627670081e-05 3.589092956241677070e-06 2.694310910685611082e-07 1.533230791373179552e-08 6.613999755846470211e-10 2.162806350252970313e-11 5.361272933038917733e-13 1.007430319739405780e-14 1.435023248529753982e-16 1.549528884343508416e-18 1.268344514057727515e-20 7.869943469682320104e-23
2.923803344463998810e-01 2.655460141483462211e-01 1.828219070937588953e-01 9.541430742430252743e-02 3.774814277465949469e-02 1.132073163173514044e-02 2.573654358289812621e-03 4.435297602720988182e-04 5.794181967010572176e-05 5.737970537774947172e-06 4.307460635209753713e-07 2.451213500394021008e-08 1.057396289218381845e-09 3.457731317624996929e-11 8.571197934912495529e-13 1.610603448838807270e-14 2.294206703887717228e-16 2.477269659547835072e-18 2.027733341582942145e-20 1.258187077168330511e-22
3.543386982826480791e-01 3.218179128416044366e-01 2.215637269168990453e-01 1.156335687018161529e-01 4.574735779916980216e-02 1.371970969795714874e-02 3.119037868509782173e-03 5.375182233169020383e-04 7.022028002296109249e-05 6.953904800023728860e-06 5.220255313251173028e-07 2.970650548666417972e-08 1.281469307434662231e-09 4.190459718907644972e-11 1.038752187191502064e-12 1.951906685487794433e-14 2.780372416585792956e-16 3.002228272709631613e-18 2.457430641090340926e-20 1.524809703648541384e-22
3.255261123956249558e-01 2.956497119121793693e-01 2.035475634490582775e-01 1.062309769279240063e-01 4.202747148113197828e-02 1.260410952238137303e-02 2.865417400559565429e-03 4.938106349269811256e-04 6.451041017533157024e-05 6.388457163985273434e-06 4.795777108374829303e-07 2.729096000747671663e-08 1.177268313693378938e-09 3.849717990323358482e-11 9.542874173149869293e-13 1.793189956855998750e-14 2.554290085079102457e-16 2.758106023632300705e-18 2.257607895928769186e-20 1.400821805175498160e-22
2.266991529143893014e-01 2.058929735517435744e-01 1.417522541344047315e-01 7.398015571039665006e-02 2.926828853694849256e-02 8.777609055495384782e-03 1.995501044977721419e-03 3.438939254802710413e-04 4.492559823629078107e-05 4.448975895811382605e-06 3.339819961089561951e-07 1.900565662884930490e-08 8.198596650301401419e-10 2.680976346084735234e-11 6.645738725845933121e-13 1.248792735065726772e-14 1.778829336680994576e-16 1.920768489520157159e-18 1.572217337200516948e-20 9.755442175752081353e-23
1.196770243741688000e-01 1.086932090281228641e-01 7.483260415861808790e-02 3.905495359967869895e-02 1.545105764885396603e-02 4.633798227195617091e-03 1.053447373438861105e-03 1.815454586959714756e-04 2.371672697506321448e-05 2.348664253386862272e-06 1.763128400570573310e-07 1.003329920900427521e-08 4.328131087118062752e-10 1.415317469836859935e-11 3.508359979526586255e-13 6.592516852023037598e-15 9.390639494972079377e-17 1.013995219577411023e-18 8.299911586202228349e-21 5.150007293980370396e-23
4.789260796641701956e-02 4.349708121352061779e-02 2.994667182624505958e-02 1.562909498859280447e-02 6.183237346623008356e-03 1.854363300316634990e-03 4.215708264237955170e-04 7.265125053766116657e-05 9.491010602937538818e-06 9.398934918411386487e-07 7.055725000228879690e-08 4.015147169136327635e-09 1.732040769450715899e-10 5.663847767387195372e-12 1.403983011636442437e-13 2.638207515243717770e-15 3.757966228175405420e-17 4.057827789836312376e-19 3.321476397266644955e-21 2.060940950400394265e-23
1.452857470659002330e-02 1.319515935261618249e-02 9.084543049867362455e-03 4.741200861255789011e-03 1.875730504840798221e-03 5.625347394048921907e-04 1.278866093513183067e-04 2.203929094242986034e-05 2.879167839064163820e-06 2.851236003273624424e-07 2.140406048609033469e-08 1.218024410899810894e-09 5.254273004190927963e-11 1.718169857714563721e-12 4.259085678868566642e-14 8.003196443923558483e-16 1.140006681807213599e-17 1.230971890953479883e-19 1.007594282769107834e-21 6.252015882024832430e-24
