1.058319192444071611e-13 1.659358611573738171e-13 1.972244049554183527e-13 1.776960912205668151e-13 1.213645680327481131e-13 6.283516699267811449e-14 2.466098688179183895e-14 7.336939706711307234e-15 1.654688572270744926e-15 2.828879212668320013e-16 3.666142660164030401e-17 3.601646926998823709e-18 2.682191187772047942e-19 1.514171772811255108e-20 6.479737009758320520e-22 2.102018011471126489e-23 5.169068718180773426e-25 9.635738334880992359e-27 1.361615571848363902e-28 1.458548384203851707e-30
4.747742917916866748e-12 7.444075617857525048e-12 8.847716062911136165e-12 7.971653208760453878e-12 5.444555597946128978e-12 2.818858631833576512e-12 1.106320537818796320e-12 3.291436438120014704e-13 7.423125278691913813e-14 1.269068098119937424e-14 1.644674213142613973e-15 1.615740677536599624e-16 1.203262145027832182e-17 6.792750582432834066e-19 2.906885344013964702e-20 9.429897141190760547e-22 2.318904313007184819e-23 4.322704224297552128e-25 6.108365731551281939e-27 6.543217595393724893e-29
1.614561292915543718e-10 2.531501086289350791e-10 3.008836015946548725e-10 2.710913993013298295e-10 1.851525846607431303e-10 9.586070930639745180e-11 3.762255768270332530e-11 1.119316265214307053e-11 2.524376520516709158e-12 4.315710148428626418e-13 5.593030983155015338e-14 5.494636930519278973e-15 4.091924348433078725e-16 2.310005481012349862e-17 9.885422695649481454e-19 3.206817888745717049e-20 7.885880112900113330e-22 1.470018710350803273e-23 2.077267249647465855e-25 2.225146989483992826e-27
4.162159298900875294e-09 6.525928023116582346e-09 7.756444340385206891e-09 6.988434526487201490e-09 4.773027542173060348e-09 2.471182384896468333e-09 9.698676599928211067e-10 2.885472742419089876e-10 6.507561685578758033e-11 1.112542038785435913e-11 1.441821132323965845e-12 1.416456240762931868e-13 1.054852550470530313e-14 5.954937007034046520e-16 2.548351937879365174e-17 8.266819571415856149e-19 2.032892116635284009e-20 3.789544609852663978e-22 5.354963752295736536e-24 5.736181261336923181e-26
8.133541348322129427e-08 1.275273280054650298e-07 1.515736333665603868e-07 1.365654630187650001e-07 9.327278002357296680e-08 4.829095347722153258e-08 1.895280345717474833e-08 5.638686598593114926e-09 1.271684196719452554e-09 2.174089462793400571e-10 2.817554772528391777e-11 2.767987617719633699e-12 2.061354748699987835e-13 1.163692278336284626e-14 4.979897300493053661e-16 1.615472017637220104e-17 3.972604338257210147e-19 7.405391183294546031e-21 1.046447672235068945e-22 1.120943820744081057e-24
1.204862476144484907e-06 1.889126588487210321e-06 2.245336630075952616e-06 2.023013038011429456e-06 1.381696703604575109e-06 7.153582343802315755e-07 2.807574305625441491e-07 8.352870670270999311e-08 1.883809898439000480e-08 3.220588303815850151e-09 4.173785900285098503e-10 4.100359575489135510e-11 3.053588689560430738e-12 1.723836026524550799e-13 7.376972877447862917e-15 2.393080125810199597e-16 5.884819040997798086e-18 1.096997922038400612e-19 1.550155681921837608e-21 1.660510581604386859e-23
1.352982248940429411e-05 2.121366372371016987e-05 2.521367096691114532e-05 2.271712153044332826e-05 1.551555592783121466e-05 8.033008014715162259e-06 3.152723462886691548e-06 9.379730855869543874e-07 2.115396075012791580e-07 3.616511338415595060e-08 4.686890284801609066e-09 4.604437294505345601e-10 3.428981625986915737e-11 1.935755814584798298e-12 8.283861064410047490e-14 2.687273439599635492e-15 6.608269290761654793e-17 1.231857365491160376e-18 1.740724076199780341e-20 1.864645455867833360e-22
1.151711060932232355e-04 1.805789482650456738e-04 2.146285641370306474e-04 1.933769652901435124e-04 1.320744406853091633e-04 6.838008547673177771e-05 2.683720711865044092e-05 7.984391357486284198e-06 1.800707333560984623e-06 3.078514972167576085e-07 3.989663121307880884e-08 3.919475932225766900e-09 2.918882394410787435e-10 1.647790563894791899e-11 7.051544410563043286e-13 2.287511566807386360e-14 5.625215587084977645e-16 1.048604853787312396e-17 1.481771970149919135e-19 1.587258663535190387e-21
7.431762055034901076e-04 1.165239981778070505e-03 1.384955370307122419e-03 1.247823036272507685e-03 8.522500564773103846e-04 4.412430702494748200e-04 1.731751515575956509e-04 5.152168693689970747e-05 1.161960572207182998e-05 1.986504387436636471e-06 2.574450137980629890e-07 2.529159742996674169e-08 1.883496664895523668e-09 1.063286426847857489e-10 4.550221141177308378e-12 1.476085646767343569e-13 3.629839563896403227e-15 6.766438239113593663e-17 9.561579353992580058e-19 1.024226397342926744e-20
3.635271688472856665e-03 5.699811006684002250e-03 6.774556303326477805e-03 6.103768826818798190e-03 4.168810140675052560e-03 2.158355487075967055e-03 8.470921444233013619e-04 2.520200841699227028e-04 5.683769663218394348e-05 9.717053782397503195e-06 1.259301042024826246e-06 1.237147091262453866e-07 9.213188003764197761e-09 5.201101724777057962e-10 2.225756148853826270e-11 7.220323150441953428e-13 1.775548369634831284e-14 3.309826280805807475e-16 4.677079064864177859e-18 5.010038261820798805e-20
1.347965483067956050e-02 2.113500490591522715e-02 2.512018039515707957e-02 2.263288799367372747e-02 1.545802530499255402e-02 8.003222169044912557e-03 3.141033379379430321e-03 9.344951453783847083e-04 2.107552330688577762e-04 3.603101561107589611e-05 4.669511615386510693e-06 4.587364355152957514e-07 3.416267196058466605e-08 1.928578164090373435e-09 8.253145072745849196e-11 2.677309213023602075e-12 6.583766279077685730e-14 1.227289722422824674e-15 1.734269590085348835e-17 1.857731477732072379e-19
3.788937907955446799e-02 5.940747168880542578e-02 7.060922920464098029e-02 6.361780651130877207e-02 4.345029512693252688e-02 2.249591124029914208e-02 8.828994948889312341e-03 2.626732008794319551e-03 5.924027743330012672e-04 1.012780242712323781e-04 1.312532835107045659e-05 1.289442416825326047e-06 9.602637786681386000e-08 5.420956994941648009e-09 2.319840872691395463e-10 7.525532735048589376e-12 1.850602403790084398e-13 3.449735628799883345e-15 4.874783423632692294e-17 5.221817106741344360e-19
8.073335941589386555e-02 1.265833560843421524e-01 1.504516679328105899e-01 1.355545897847602876e-01 9.258236419878947132e-02 4.793349829612655183e-02 1.881251263033825033e-02 5.596948393109384481e-03 1.262271044315071283e-03 2.157996603019858572e-04 2.796698908666978502e-05 2.747498655628064604e-06 2.046096364221308405e-07 1.155078494508479728e-08 4.943035529018172456e-10 1.603514108318022908e-11 3.943198664918819530e-13 7.350575627669798384e-15 1.038701746440461076e-16 1.112646465906583173e-18
1.304023385954920788e-01 2.044602848201863277e-01 2.430129191449017512e-01 2.189508233421210703e-01 1.495411177184944596e-01 7.742326493163846635e-02 3.038639367421619789e-02 9.040316973556531896e-03 2.038848591350134448e-03 3.485644667221873653e-04 4.517291001838788907e-05 4.437821646145146777e-06 3.304900883805715773e-07 1.865708773114832910e-08 7.984102202709496109e-10 2.590032066154427643e-11 6.369143203903472470e-13 1.187281513870045619e-14 1.677734431207044394e-16 1.797171605814095957e-18
1.596667755879557504e-01 2.503445472270290906e-01 2.975490289820951761e-01 2.680870017508497627e-01 1.831006126201200623e-01 9.479832340640326205e-02 3.720560192373786185e-02 1.106911330738002963e-02 2.496399865210508981e-03 4.267880859001012619e-04 5.531045657804017045e-05 5.433742067099128673e-06 4.046575187519570142e-07 2.284404614195348141e-08 9.775866509769705096e-10 3.171278008710376166e-11 7.798484057711248708e-13 1.453727080944929098e-14 2.054245727560756718e-16 2.200486575387874131e-18
1.481973880552415468e-01 2.323614783119375138e-01 2.761751075083788143e-01 2.488294342059342579e-01 1.699478958079697344e-01 8.798864929232524945e-02 3.453300165809164435e-02 1.027398263790691574e-02 2.317075285094953325e-03 3.961304996019607305e-04 5.133732529403400521e-05 5.043418574369485620e-06 3.755896435881848854e-07 2.120308347421959916e-08 9.073633994233810864e-10 2.943474720756845942e-11 7.238293401288081360e-13 1.349301102548600077e-14 1.906682527577198412e-16 2.042418416243805258e-18
1.042709578832139578e-01 1.634884004144123160e-01 1.943154557667640392e-01 1.750751736901024758e-01 1.195745088268908296e-01 6.190838357516134649e-02 2.429725117779818130e-02 7.228723967326182095e-03 1.630282845297600838e-03 2.787154833312978537e-04 3.612069115263834914e-05 3.548524657934414527e-06 2.642630374386671573e-07 1.491838589699372844e-08 6.384164528647302159e-10 2.071014426542632356e-11 5.092827858144973438e-13 9.493616607006259898e-15 1.341532507007161044e-16 1.437035614829281714e-18
5.561385451569034188e-02 8.719801083858426394e-02 1.036398984582703325e-01 9.337792072281346500e-02 6.377614124473662827e-02 3.301939396496942486e-02 1.295915775173660765e-02 3.855505034328265881e-03 8.695260388741706155e-04 1.486554133186155041e-04 1.926529595152400194e-05 1.892637586515105369e-06 1.409470711341225495e-07 7.956855482363409166e-09 3.405051651084707426e-10 1.104594197232166432e-11 2.716305607296288612e-13 5.063505922724278341e-15 7.155184452829941348e-17 7.664558879999250449e-19
2.248533949252509018e-02 3.525518764798587362e-02 4.190283737926431273e-02 3.775379834473054086e-02 2.578544860627404040e-02 1.335013171817291643e-02 5.239540832451661419e-03 1.558826309864067049e-03 3.515596671358250306e-04 6.010314273267404527e-05 7.789187130911253722e-06 7.652157729347628310e-07 5.698656877008385596e-08 3.217050829724890013e-09 1.376702676535787507e-10 4.466005052613498391e-12 1.098234500690380423e-13 2.047235364035873290e-15 2.892925745834200026e-17 3.098871854469432517e-19
6.891483508024826531e-03 1.080528689945658635e-02 1.284271081762604523e-02 1.157108073660609651e-02 7.902926877142899334e-03 4.091653256840194729e-03 1.605855639781063630e-03 4.777613346631763439e-04 1.077487688793245875e-04 1.842088339650728508e-05 2.387291269115102866e-06 2.345293421526269644e-07 1.746569132249524779e-08 9.859870136671426450e-10 4.219426526316851198e-11 1.368776316544963523e-12 3.365955382602813439e-14 6.274527788645814176e-16 8.866466114058165230e-18 9.497665928352009512e-20
