1.020904934270874635e-03 2.989930335054567009e-03 6.637945088384717210e-03 1.117128317999757647e-02 1.425178577584816988e-02 1.378263737594568640e-02 1.010397338546393728e-02 5.614988571692126375e-03 2.365387945176729029e-03 7.553577702395030498e-04 1.828520536763442704e-04 3.355396159926734418e-05 4.667502758992795292e-06 4.921779838723406965e-07 3.934201520739031686e-08 2.383898938996127654e-09 1.095004485469931714e-10 3.812771471203638991e-12 1.006381100119576044e-13 2.013636098413090751e-15
3.238136979865989529e-03 9.483550975368728805e-03 2.105443390414180396e-02 3.543341202826146008e-02 4.520424282488322287e-02 4.371618381784728863e-02 3.204808671673196191e-02 1.780978965343796294e-02 7.502608636597817016e-03 2.395866497195980101e-03 5.799756441344720414e-04 1.064274647209829711e-04 1.480452565185754406e-05 1.561104934213246766e-06 1.247861872628576234e-07 7.561322363614390368e-09 3.473168165311784955e-10 1.209346324249106554e-11 3.192069845820503007e-13 6.386911548156387888e-15
7.785776798406977145e-03 2.280225067983116319e-02 5.062328246572341678e-02 8.519609855091739292e-02 1.086890848546179511e-01 1.051111956659646907e-01 7.705642211676695663e-02 4.282185958482352672e-02 1.803927277121195744e-02 5.760621586403993563e-03 1.394493482462311326e-03 2.558942041952157491e-04 3.559600259295506890e-05 3.753520821462952393e-06 3.000359180583625233e-07 1.818044406087516001e-08 8.350885798404147743e-10 2.907752393157596240e-11 7.675012977836505849e-13 1.535669060768747768e-14
1.419075498254303291e-02 4.156054826979064393e-02 9.226858366016012225e-02 1.552827664224880888e-01 1.981022847667933684e-01 1.915810409467475217e-01 1.404469758642689081e-01 7.804931132747430778e-02 3.287930113947094141e-02 1.049960352016943849e-02 2.541675140035453036e-03 4.664058638221091975e-04 6.487909482043534412e-05 6.841359016373658243e-06 5.468608090588652274e-07 3.313660715196664229e-08 1.522075154743689823e-09 5.299818223615817323e-11 1.398887117835181523e-12 2.798988969231702508e-14
1.960676182937835799e-02 5.742243963951108171e-02 1.274835726770216227e-01 2.145475854665989390e-01 2.737094904433446385e-01 2.646993655720298877e-01 1.940496054519079139e-01 1.078374096393959064e-01 4.542793018067393246e-02 1.450685504584572731e-02 3.511724300759972838e-03 6.444131196004069823e-04 8.964068236078952452e-05 9.452414405598509213e-06 7.555742911655064627e-07 4.578343894045988169e-08 2.102986421947639114e-09 7.322533140573836048e-11 1.932782757458678841e-12 3.867243860548200623e-14
2.053539516708903154e-02 6.014213360254115626e-02 1.335215659279498368e-01 2.247091839051071627e-01 2.866731689888064039e-01 2.772362983649165336e-01 2.032403598641043807e-01 1.129449033966493654e-01 4.757952924614306661e-02 1.519394194668843324e-02 3.678049790247382798e-03 6.749344015605117028e-04 9.388632612286310520e-05 9.900108278522639705e-06 7.913604899268980831e-07 4.795187593608080106e-08 2.202589983064355363e-09 7.669349634291781472e-11 2.024324977369723059e-12 4.050407791706929539e-14
1.630410918594666150e-02 4.774994125767393488e-02 1.060096565882866493e-01 1.784082088347353490e-01 2.276046119319644623e-01 2.201121937060841194e-01 1.613630023310221873e-01 8.967278311383009015e-02 3.777584183470200641e-02 1.206325402789212159e-02 2.920193396991352733e-03 5.358652262036814979e-04 7.454119580945681417e-05 7.860206487986876460e-06 6.283019015816366618e-07 3.807146707290048341e-08 1.748749770021799718e-09 6.089092165272350807e-11 1.607215989287124115e-12 3.215827615990317196e-14
9.812686071374783839e-03 2.873847188732105845e-02 6.380228866056290860e-02 1.073756146923081772e-01 1.369846447796450040e-01 1.324753062363664968e-01 9.711689656578446905e-02 5.396988328567802612e-02 2.273552469369790122e-02 7.260312319116728370e-03 1.757528776676545298e-03 3.225123912832562347e-04 4.486288367680647110e-05 4.730693216240267921e-06 3.781457329531762976e-07 2.291344779419562590e-08 1.052491265539594834e-09 3.664741765161082885e-11 9.673086564804466185e-13 1.935457282300963485e-14
4.476881040465572996e-03 1.311146805150723536e-02 2.910877351676731048e-02 4.898840644934467775e-02 6.249705275275194843e-02 6.043973918105466359e-02 4.430803041916765023e-02 2.462289585953712778e-02 1.037271942727020779e-02 3.312401347897037541e-03 8.018443880854242726e-04 1.471411190930860800e-04 2.046797297828649404e-05 2.158303100088675422e-06 1.725229412290626039e-07 1.045389399552655576e-08 4.801823025496719478e-10 1.671979803217470329e-11 4.413190998852394106e-13 8.830214223443775038e-15
1.548317502985588952e-03 4.534566652651963146e-03 1.006719256533276409e-02 1.694251119547382847e-02 2.161444089924632883e-02 2.090292442530012826e-02 1.532381548688209645e-02 8.515763606161854196e-03 3.587377662626240003e-03 1.145585271867908790e-03 2.773157672767469499e-04 5.088836804942665403e-05 7.078794483585689709e-06 7.464434360462323048e-07 5.966660430712103787e-08 3.615451673012622971e-09 1.660697831685655654e-10 5.782498061844406596e-12 1.526290470034692998e-13 3.053906305236224234e-15
4.059208053806441637e-04 1.188822669864133532e-03 2.639305508180346971e-03 4.441800713597775577e-03 5.666635713124831483e-03 5.480098171833130277e-03 4.017428926525197681e-03 2.232568975535614408e-03 9.404991077152022316e-04 3.003369110612928196e-04 7.270358914154576783e-05 1.334135104931521025e-05 1.855840260386119563e-06 1.956943069794915660e-07 1.564273220962240729e-08 9.478592421090406923e-10 4.353834404325037863e-11 1.515991562357050002e-12 4.001460008342046600e-14 8.006394712894041210e-16
8.067136755103077646e-05 2.362627125349616385e-04 5.245269074843770174e-04 8.827488840318592576e-04 1.126168568675905068e-03 1.089096710431296808e-03 7.984106289845055871e-04 4.436934249762647321e-04 1.869117034510283575e-04 5.968797120080335212e-05 1.444887249969090374e-05 2.651416285788535401e-06 3.688235975517905757e-07 3.889164378057180122e-08 3.108785218341919131e-09 1.883744323849483930e-10 8.652667486660847371e-12 3.012831835916500393e-13 7.952370186371939801e-15 1.591164586985970658e-16
1.215330357794361325e-05 3.559345225887547383e-05 7.902103230647555690e-05 1.329878926862575075e-04 1.696595571706236674e-04 1.640746072544069982e-04 1.202821651407793722e-04 6.684330578458371310e-05 2.815862360178734213e-05 8.992112765363054720e-06 2.176751667642957477e-06 3.994411897419238948e-07 5.556401588110846260e-08 5.859104262879096953e-09 4.683447382149947780e-10 2.837898665408002446e-11 1.303541738744799497e-12 4.538891683970034856e-14 1.198040543666612806e-15 2.397121414345815518e-17
1.387925301161957850e-06 4.064825060031328662e-06 9.024319137484394007e-06 1.518741466661357892e-05 1.937537316260193706e-05 1.873756359545612909e-05 1.373640172869574674e-05 7.633604699885792602e-06 3.215756595905738234e-06 1.026912619923259771e-06 2.485882702174173192e-07 4.561677654256836935e-08 6.345493057172848617e-09 6.691184003133215073e-10 5.348566401438096026e-11 3.240922383442981667e-12 1.488664007050738480e-13 5.183481649259972019e-15 1.368180076889079899e-16 2.737548222662472350e-18
1.201530110402203181e-07 3.518928359513467192e-07 7.812373735451532364e-07 1.314777964334470015e-06 1.677330490023858459e-06 1.622115169791084060e-06 1.189163442138509720e-06 6.608429063251340071e-07 2.783887846464412810e-07 8.890006058372367770e-08 2.152034345861188118e-08 3.949054787710726124e-09 5.493307865458124706e-10 5.792573308718700096e-11 4.630266177461600275e-12 2.805673926343981535e-13 1.288739838697367301e-14 4.487351929595203998e-16 1.184436624549151186e-17 2.369901763051118111e-19
7.884969977231543775e-09 2.309275833087887505e-08 5.126823857483456463e-08 8.628152291608082760e-08 1.100738170540393072e-07 1.064503444623044622e-07 7.803814451345488854e-08 4.336742317923150956e-08 1.826909862625390333e-08 5.834013668139209453e-09 1.412259756137645160e-09 2.591543746591434041e-10 3.604950655820683566e-11 3.801341825288960562e-12 3.038584674640734756e-13 1.841206848134521344e-14 8.457278638809492622e-16 2.944798048405641264e-17 7.772794991693786644e-19 1.555233954510800521e-20
3.922493646460087591e-10 1.148783040311767821e-09 2.550413516547030124e-09 4.292200559069917848e-09 5.475783031296627469e-09 5.295528087267138549e-09 3.882121643068522121e-09 2.157375898387473212e-09 9.088230328708750982e-10 2.902215431728506329e-10 7.025492724255321186e-11 1.289201342539210145e-11 1.793335432359316348e-12 1.891033092170908111e-13 1.511588390941983135e-14 9.159352774304653742e-16 4.207196961163355970e-17 1.464932861930159778e-18 3.866690559151655849e-20 7.736738786505175263e-22
1.479180840850705343e-11 4.332085700271078955e-11 9.617664552057615972e-11 1.618598117499719859e-10 2.064929628594564954e-10 1.996955099198536679e-10 1.463956471022227289e-10 8.135511190152540159e-11 3.427191320397994817e-11 1.094431718585002141e-11 2.649328506786209459e-12 4.861606156083847692e-13 6.762706716322017040e-14 7.131126705273900569e-15 5.700232527212804610e-16 3.454011748513869868e-17 1.586543076813992504e-18 5.524293517862656159e-20 1.458137375890239830e-21 2.917540935724087253e-23
4.228410246463885979e-13 1.238377016366097095e-12 2.749321125305023745e-12 4.626950725650828174e-12 5.902841193342220154e-12 5.708528105544635898e-12 4.184889616936486413e-12 2.325630370988198133e-12 9.797024471618083728e-13 3.128560190286415910e-13 7.573413266968042789e-14 1.389746589256397281e-14 1.933198266459457611e-15 2.038515399649900996e-16 1.629477678431206199e-17 9.873693780689545037e-19 4.535317668526879599e-20 1.579183469005061339e-21 4.168255057590033895e-23 8.340129649055361837e-25
9.162833174891638176e-15 2.683524385570640077e-14 5.957693162919176037e-14 1.002645796798857122e-13 1.279127283302381733e-13 1.237020242986785736e-13 9.068525327548938084e-14 5.039568507726207123e-14 2.122984658805009899e-14 6.779492393193098720e-15 1.641135043312593968e-15 3.011537530772990970e-16 4.189180372072714375e-17 4.417399316222914002e-18 3.531027326915839358e-19 2.139598659048793394e-20 9.827891990045899974e-22 3.422041343112511753e-23 9.032478756061059429e-25 1.807280092918362833e-26
