5.695587366643431277e-07 7.484749354903589956e-06 7.456118890744177930e-05 5.630477232612671797e-04 3.223104662642932352e-03 1.398622239109796953e-02 4.600693168967180668e-02 1.147210016074687172e-01 2.168499915057888472e-01 3.107225041546146649e-01 3.375070325164032381e-01 2.779007789809279094e-01 1.734576751308987419e-01 8.207182630562262493e-02 2.943686075850330749e-02 8.003606143043245566e-03 1.649592766732986418e-03 2.577297768676043701e-04 3.052455007937236649e-05 2.740506044553552723e-06
5.457405374662666542e-07 7.171746955665827671e-06 7.144313779959008466e-05 5.395018061023081242e-04 3.088318653844828593e-03 1.340133691837089303e-02 4.408298216008595810e-02 1.099235198157009208e-01 2.077816093332408021e-01 2.977284966486933304e-01 3.233929311713743537e-01 2.662793329649588703e-01 1.662039027054260376e-01 7.863969019452438092e-02 2.820584985799762939e-02 7.668905833581939752e-03 1.580608961227942567e-03 2.469518556989120381e-04 2.924805343834090899e-05 2.625901676872372222e-06
3.963973385242376455e-07 5.209181306182447280e-06 5.189255284399390199e-05 3.918658508690918483e-04 2.243192892693106257e-03 9.734029126317543176e-03 3.201956901277402956e-02 7.984268659693156966e-02 1.509216766567768597e-01 2.162543838548174058e-01 2.348956846948694055e-01 1.934113587775094789e-01 1.207218085551222952e-01 5.711975152186101606e-02 2.048725181096814826e-02 5.570291472094983549e-03 1.148071551340537969e-03 1.793728917356099308e-04 2.124425389728293016e-05 1.907317423717825196e-06
2.182589517011486514e-07 2.868209093788057191e-06 2.857237696648672620e-05 2.157638851375311151e-04 1.235116590452910819e-03 5.359619721080971337e-03 1.763018286820138697e-02 4.396190232388278579e-02 8.309845635876718373e-02 1.190710696914637351e-01 1.293350911272350690e-01 1.064935515738655719e-01 6.647021264270334961e-02 3.145050654226122511e-02 1.128041404149325404e-02 3.067038698835667081e-03 6.321356601595240834e-04 9.876388035189609415e-05 1.169722431173815808e-05 1.050181373598032368e-06
9.109828884384492570e-08 1.197151083398482475e-06 1.192571772915067557e-05 9.005688232775262852e-05 5.155207016066317306e-04 2.237031661879973574e-03 7.358596194012432222e-03 1.834909425162831870e-02 3.468415439937610339e-02 4.969862915199486225e-02 5.398269073190939404e-02 4.444894583094362306e-02 2.774375384670608319e-02 1.312700948548113124e-02 4.708289894277486315e-03 1.280139829794258496e-03 2.638447427189938950e-04 4.122268722318170125e-05 4.882260776552424565e-06 4.383312820152058030e-07
2.882339897533300848e-08 3.787772937172794988e-07 3.773284048877466937e-06 2.849389909240662805e-05 1.631101862727852301e-04 7.077943716521882794e-04 2.328251789251009965e-03 5.805633356706088426e-03 1.097402852526592476e-02 1.572459191885084220e-02 1.708006431816710621e-02 1.406359785653444119e-02 8.778093379643863922e-03 4.153371446982647396e-03 1.489697774092247663e-03 4.050348423297284541e-04 8.348018808530533992e-05 1.304281316091271121e-05 1.544741971009015928e-06 1.386875383197400045e-07
6.913166020150527925e-09 9.084807514796662519e-08 9.050056550721003876e-07 6.834136916184015373e-06 3.912126388169729604e-05 1.697613804515981392e-04 5.584209957187687319e-04 1.392455736444573851e-03 2.632072684070205920e-03 3.771474510246498619e-03 4.096578629307003235e-03 3.373092358262812923e-03 2.105387255881790379e-03 9.961679530202664952e-04 3.572974873977176357e-04 9.714583319500975044e-05 2.002235753392586200e-05 3.128261619261448556e-06 3.704995969774074703e-07 3.326359872237368914e-08
1.256914103437236766e-09 1.651750103943238056e-08 1.645431873377468800e-07 1.242545463212481205e-06 7.112814616901715256e-06 3.086508738349977228e-05 1.015290567488931245e-04 2.531686999050477768e-04 4.785490856485604435e-04 6.857089051334013235e-04 7.448175611589640715e-04 6.132772372222831210e-04 3.827900165280877492e-04 1.811178186512158350e-04 6.496187849732840732e-05 1.766252502501160638e-05 3.640355734998848414e-06 5.687634489075228848e-07 6.736221398434955752e-08 6.047805917485789126e-09
1.732331615657254824e-10 2.276511114324456208e-09 2.267803064558638626e-08 1.712528154412547685e-07 9.803178756187108757e-07 4.253955504854474773e-06 1.399315947151753730e-05 3.489276966031423858e-05 6.595563757665089989e-05 9.450727080330127336e-05 1.026538731297509761e-04 8.452443522574784899e-05 5.275772194584845006e-05 2.496241569335260979e-05 8.953317941588903118e-06 2.434323111618495211e-06 5.017290612566199226e-07 7.838935864259424274e-08 9.284142223135237157e-09 8.335339199050409103e-10
1.809894594848092625e-11 2.378439049248778365e-10 2.369341107457280082e-09 1.789204458420327890e-08 1.024210381129656011e-07 4.444421036580392834e-07 1.461968566724918372e-06 3.645504973568353827e-06 6.890871867188641092e-06 9.873871552926859619e-06 1.072500717752400159e-05 8.830891098736154765e-06 5.511988289266538498e-06 2.608007660277494452e-06 9.354191542760776798e-07 2.543316881139121245e-07 5.241933518035087584e-08 8.189914403138774944e-09 9.699828067317331966e-10 8.708543575742011718e-11
1.433416350510415754e-12 1.883697222805284165e-11 1.876491754289577855e-10 1.417029993020724810e-09 8.111632085386610695e-09 3.519931934445884756e-08 1.157862813359950098e-07 2.887199315283063292e-07 5.457493730196750685e-07 7.819996240163904056e-07 8.494086170192036065e-07 6.993967342925709376e-07 4.365433302108815307e-07 2.065513004536017182e-07 7.408415463180586532e-08 2.014278628341872802e-08 4.151552932656146247e-09 6.486320942753682649e-10 7.682155739019423931e-11 6.897069468097285946e-12
8.605740466460894038e-14 1.130907249040594993e-12 1.126581332710469113e-11 8.507362392500177775e-11 4.869945878697204773e-10 2.113246488130435946e-09 6.951411475105482632e-09 1.733375510431573668e-08 3.276492180564761282e-08 4.694857713014576520e-08 5.099558202639325673e-08 4.198938275169632086e-08 2.620856529801433841e-08 1.240063212674201949e-08 4.447758721403268936e-09 1.209303849260297396e-09 2.492450086710076262e-10 3.894164776035345106e-11 4.612103000596674923e-12 4.140764112287486445e-13
3.916525461181966654e-15 5.146828506349626632e-14 5.127140994838081849e-13 3.871752994130400742e-12 2.216342347625982563e-11 9.617514853919358664e-11 3.163630153559538821e-10 7.888698650456121914e-10 1.491151760683168620e-09 2.136658645622630018e-09 2.320840329691002590e-09 1.910962656697052559e-09 1.192767940083335688e-09 5.643604016228214761e-10 2.024202373457583538e-10 5.503616259858135891e-11 1.134329377392874172e-11 1.772258361127716277e-12 2.098996466582869264e-13 1.884487237063053341e-14
1.351171522641396953e-16 1.775616724217554157e-15 1.768824682350413120e-14 1.335725361732166671e-13 7.646212680646380017e-13 3.317969541623940835e-12 1.091428362722613477e-11 2.721541088610496309e-11 5.144360262536434734e-11 7.371309963856481692e-11 8.006722778025230067e-11 6.592675952580080273e-11 4.114958755493097626e-11 1.947000500155273887e-11 6.983344370378724994e-12 1.898705787967029573e-12 3.913350154925960983e-13 6.114156672930709520e-14 7.241378308098066267e-15 6.501337766695662095e-16
3.533595491142072814e-18 4.643608265533893864e-17 4.625845658703297079e-16 3.493200557094313234e-15 1.999644175435761878e-14 8.677182737769075940e-14 2.854312925335954836e-13 7.117397871790595093e-13 1.345357560006368563e-12 1.927751378387129848e-12 2.093925088943971528e-12 1.724122336078903571e-12 1.076147584595379346e-12 5.091812603591983924e-13 1.826290279713937817e-13 4.965511853187791811e-14 1.023422728424134571e-14 1.598979558817874856e-15 1.893771539021730706e-16 1.700235494445405125e-17
7.005191308362261622e-20 9.205740821976079602e-19 9.170527267030280542e-18 6.925110200719235790e-17 3.964203042678340694e-16 1.720211757346484986e-15 5.658544716290401098e-15 1.410991547691531755e-14 2.667109778021047386e-14 3.821678863472939720e-14 4.151110637933027369e-14 3.417993608359970929e-14 2.133413325045337220e-14 1.009428540530645217e-14 3.620536879806718062e-15 9.843899949136071175e-16 2.028888711203337847e-16 3.169903780938898829e-17 3.754315387382145785e-18 3.370639038258602127e-19
1.052737243634435774e-21 1.383434911616397591e-20 1.378143033187901808e-19 1.040702688000426621e-18 5.957387886573043156e-18 2.585127092438912823e-17 8.503637524500997572e-17 2.120432244205955455e-16 4.008121509590499111e-16 5.743203141341537396e-16 6.238271845313621277e-16 5.136546614693688301e-16 3.206084694161293111e-16 1.516965022976084838e-16 5.440927802749225608e-17 1.479337200498160268e-17 3.049005538112215463e-18 4.763718251275232050e-19 5.641969588937659799e-20 5.065382363201352061e-21
1.199269515883494606e-23 1.575997549951458248e-22 1.569969086040420097e-21 1.185559850156038773e-20 6.786606752882763229e-20 2.944955291923792687e-19 9.687273171840352943e-19 2.415578784116502787e-18 4.566018701697982740e-18 6.542609271767128958e-18 7.106587423515545209e-18 5.851511200126027567e-18 3.652345029396017821e-18 1.728113942692864407e-18 6.198259719047207731e-19 1.685248640149696631e-19 3.473401760722433645e-20 5.426788228075700272e-21 6.427284850486634989e-22 5.770441476459007850e-23
1.035643826900631896e-25 1.360971918489345441e-24 1.355765964904707626e-23 1.023804677742362039e-22 5.860657088450477584e-22 2.543152083985379094e-21 8.365562975663261467e-21 2.086002539903982910e-20 3.943041175729959249e-20 5.649950085770974826e-20 6.136980301772744073e-20 5.053143911513502494e-20 3.154027125102588925e-20 1.492333885942484265e-20 5.352582826912854614e-21 1.455317030782653327e-21 2.999498481530177903e-22 4.686369205476913678e-23 5.550360274299743576e-24 4.983135162227120918e-25
6.779549976931782255e-28 8.909218496683549009e-27 8.875139191049813678e-26 6.702048328857417482e-25 3.836513731532317161e-24 1.664802725075408804e-23 5.476279663483275008e-23 1.365542680209747285e-22 2.581200603682641028e-22 3.698580339950168751e-22 4.017400923233255780e-22 3.307898024290674987e-22 2.064694827296365743e-22 9.769142536478061526e-23 3.503917257858987099e-23 9.526822143089576243e-24 1.963537012731691158e-24 3.067799316099553497e-25 3.633386681037238088e-26 3.262068772739016469e-27
