7.657181182153318558e-13 1.043882309247335508e-11 1.078775243248273501e-10 8.450982928065385571e-10 5.018573590746997898e-09 2.259176640210164397e-08 7.709334686071858959e-08 1.994253812135471767e-07 3.910576454593298632e-07 5.812968247191010786e-07 6.550160468984312789e-07 5.595034233217205072e-07 3.622850191954610390e-07 1.778258213064450650e-07 6.616618423917319015e-08 1.866268715461732065e-08 3.990332464239102541e-09 6.467565063864656424e-10 7.946380390989343370e-11 7.401073454509291967e-12
9.783499680584098283e-12 1.333757422756546240e-10 1.378339756716258388e-09 1.079773180371562319e-08 6.412178575125964428e-08 2.886526178771132025e-07 9.850135662780508162e-07 2.548037073943748984e-06 4.996502313878161157e-06 7.427168253794134624e-06 8.369070984691207512e-06 7.148716261425114257e-06 4.628877501083844690e-06 2.272061773862805922e-06 8.453983613162731789e-07 2.384511865039792917e-07 5.098405726678817748e-08 8.263539706224265370e-09 1.015300646120816989e-09 9.456273536655300684e-11
9.475810486523688728e-11 1.291811006864646396e-09 1.334991234946783810e-08 1.045814520333385025e-07 6.210516785136071276e-07 2.795745482437794273e-06 9.540350779822770987e-06 2.467901795228123808e-05 4.839363271585430775e-05 7.193585232506125905e-05 8.105865302636092748e-05 6.923890502048871641e-05 4.483300188852779565e-05 2.200605865560101873e-05 8.188107445179974397e-06 2.309519422873349855e-06 4.938061841540455681e-07 8.003652962696223617e-08 9.833696349557705433e-09 9.158875542246152602e-10
6.957213275611102650e-10 9.484576226298469635e-09 9.801608797268769784e-08 7.678451014863585894e-07 4.559809410224451862e-06 2.052657934992288693e-05 7.004599257632461017e-05 1.811952566704877227e-04 3.553097906132837670e-04 5.281585860123298422e-04 5.951388936494461570e-04 5.083573905180966725e-04 3.291673639610662562e-04 1.615701829836730405e-04 6.011771753007589695e-05 1.695667005154598441e-05 3.625563158804524217e-06 5.876343846750179161e-07 7.219975841514565094e-08 6.724517190672631791e-09
3.872140320018452340e-09 5.278781685891757076e-08 5.455230869233093245e-07 4.273555889707623623e-06 2.537829612155855172e-05 1.142437242962243801e-04 3.898513691700449348e-04 1.008469097259722530e-03 1.977529381130210730e-03 2.939545009251771229e-03 3.312333853828533254e-03 2.829338516478910673e-03 1.832029825067967065e-03 8.992428365492184271e-04 3.345940806669324050e-04 9.437486418593861752e-05 2.017860993164298180e-05 3.270566395177104679e-06 4.018384726466806639e-07 3.742629859851992207e-08
1.633667526991797895e-08 2.227133706321689675e-07 2.301578141999480163e-06 1.803025950714152623e-05 1.070717867579097621e-04 4.819976734325989243e-04 1.644794531008518827e-03 4.254761139854786739e-03 8.343255322961051074e-03 1.240202789376839733e-02 1.397483512562755492e-02 1.193706342030680448e-02 7.729388364933365008e-03 3.793932294642276149e-03 1.411662386002157481e-03 3.981703612024421334e-04 8.513415594660622969e-05 1.379861697430944005e-05 1.695368477389613981e-06 1.579026678341270413e-07
5.224841079990927912e-08 7.122881178185076631e-07 7.360971450091420162e-06 5.766487917482062753e-05 3.424399767502784154e-04 1.541538411581182830e-03 5.260427774788517009e-03 1.360769582657802082e-02 2.668363203162254366e-02 3.966451174669143737e-02 4.469470773219678950e-02 3.817744939064900145e-02 2.472034559361754869e-02 1.213386015222590354e-02 4.514818041981635485e-03 1.273439562011807443e-03 2.722784336169374792e-04 4.413112192245592451e-05 5.422174781608066575e-06 5.050087192827289096e-07
1.266716167652690100e-07 1.726879078337774352e-06 1.784601943429226436e-05 1.398033617447576597e-04 8.302152129781940329e-04 3.737322531178156534e-03 1.275343844736699130e-02 3.299064611560652283e-02 6.469208840742414479e-02 9.616307470862124618e-02 1.083583366960199496e-01 9.255782452039935937e-02 5.993227536300808900e-02 2.941746283867445119e-02 1.094577408237290723e-02 3.087340757418247962e-03 6.601148028914266856e-04 1.069919731145660928e-04 1.314557965409649661e-05 1.224348644728773522e-06
2.327996705539784080e-07 3.173693450747976209e-06 3.279777704820638318e-05 2.569334582413087100e-04 1.525786383767203892e-03 6.868527269407897172e-03 2.343852825751194593e-02 6.063087961771295581e-02 1.188924342586148847e-01 1.767304521983703025e-01 1.991431524187111946e-01 1.701046501638229791e-01 1.101447531526577317e-01 5.406401080415528665e-02 2.011636596583925990e-02 5.673977561577170370e-03 1.213172394615425181e-03 1.966320216718063551e-04 2.415921333336782390e-05 2.250132811237771861e-06
3.243263455297117167e-07 4.421451268652067751e-06 4.569243223682582181e-05 3.579484857406312255e-04 2.125659030052069569e-03 9.568932564024898446e-03 3.265353510279621341e-02 8.446829656533065556e-02 1.656357529307039556e-01 2.462131564401017492e-01 2.774375526714988327e-01 2.369823780848127337e-01 1.534488652164597289e-01 7.531962140266387773e-02 2.802524352166621893e-02 7.904738021256015740e-03 1.690138857614571690e-03 2.739391548586799776e-04 3.365756211182906117e-05 3.134786874434310708e-06
3.425144632758912878e-07 4.669404841933001512e-06 4.825484922541605176e-05 3.780221223583534775e-04 2.244865308726938947e-03 1.010555524231974804e-02 3.448473490961009164e-02 8.920525162595090152e-02 1.749245529890536832e-01 2.600207115207013309e-01 2.929961619080057034e-01 2.502722740670104695e-01 1.620542285088442391e-01 7.954352168567006831e-02 2.959689021661755792e-02 8.348033201758503496e-03 1.784921304287165854e-03 2.893015750645406376e-04 3.554506743224780711e-05 3.310584719929308071e-06
2.742031382843674972e-07 3.738135462463466296e-06 3.863086822231544086e-05 3.026291249140182081e-04 1.797147795720422520e-03 8.090096210968259968e-03 2.760707517189723778e-02 7.141409362202574829e-02 1.400374773486674773e-01 2.081619982875887176e-01 2.345608017017852820e-01 2.003577960427982696e-01 1.297340194174065597e-01 6.367930588330453223e-02 2.369406565560835259e-02 6.683095599908927230e-03 1.428935346394222218e-03 2.316030658518796793e-04 2.845593423189568221e-05 2.650319379446730208e-06
1.664036110210802718e-07 2.268534354974374044e-06 2.344362653649202874e-05 1.836542772665750156e-04 1.090621663258704204e-03 4.909576277777514229e-03 1.675369956404329508e-02 4.333853773831907591e-02 8.498349820101061547e-02 1.263257175287898215e-01 1.423461622335555066e-01 1.215896395874601910e-01 7.873071562349130692e-02 3.864458485996076498e-02 1.437904069783059111e-02 4.055720323195659109e-03 8.671673236250957567e-04 1.405512231641115289e-04 1.726884032324646753e-05 1.608379531534441261e-06
7.655082776602458509e-08 1.043596239428684715e-06 1.078479611225899551e-05 8.448666985806165561e-05 5.017198280116408858e-04 2.258557526114598080e-03 7.707221988159442504e-03 1.993707298585691706e-02 3.909504784073282446e-02 5.811375237368387320e-02 6.548365435961060743e-02 5.593500946931705825e-02 3.621857371127753383e-02 1.777770891840575393e-02 6.614805178481653579e-03 1.865757275476346167e-03 3.989238937052864541e-04 6.465792665627298334e-05 7.944202732093083266e-06 7.399045233777705507e-07
2.669524158273219053e-08 3.639288370797245610e-07 3.760935655943941266e-06 2.946267373195540117e-05 1.749626020577407890e-04 7.876170715280865183e-04 2.687706441718948087e-03 6.952569885158468681e-03 1.363344822327366979e-02 2.026575941982311502e-02 2.283583370506410415e-02 1.950597575874361486e-02 1.263034774698634614e-02 6.199544122695521686e-03 2.306752616731974972e-03 6.506375261651586688e-04 1.391150171247828324e-04 2.254788122740409350e-05 2.770347719343017810e-06 2.580237284970601101e-07
7.056910980600021107e-09 9.620491347065207930e-08 9.942067032998386632e-07 7.788484143607146253e-06 4.625152028795588821e-05 2.082072770665566489e-04 7.104976009456528702e-04 1.837918065431578358e-03 3.604014227482969096e-03 5.357271622237583762e-03 6.036673057443426964e-03 5.156422132108959104e-03 3.338843719704681027e-03 1.638855031844467644e-03 6.097921166996841556e-04 1.719966117765102268e-04 3.677517915961718141e-05 5.960552562515810689e-06 7.323438965751086397e-07 6.820880332710973683e-08
1.414139463794551590e-09 1.927857176090120328e-08 1.992297958937605939e-07 1.560739935772365577e-06 9.268375395339269583e-06 4.172280590735033290e-05 1.423771249475462965e-04 3.683017221972584537e-04 7.222110015517518378e-04 1.073547511099349691e-03 1.209693253042880452e-03 1.033299137405147266e-03 6.690732928978397262e-04 3.284113378134868432e-04 1.221966805740427940e-04 3.446652466224438017e-05 7.369404585192573069e-06 1.194439412350167846e-06 1.467549198314926888e-07 1.366841112609098785e-08
2.148160193286181233e-10 2.928527312932376188e-09 3.026416614575749460e-08 2.370854847019037420e-07 1.407920193901993509e-06 6.337937176428054969e-06 2.162791436610986089e-05 5.594717628627298518e-05 1.097080566950507814e-04 1.630781183884783957e-04 1.837594493898593096e-04 1.569641560511008034e-04 1.016361293204707009e-04 4.988759460978342005e-05 1.856238735156331323e-05 5.235665800718094351e-06 1.119455469805854833e-06 1.814423021628887517e-07 2.229292690163668077e-08 2.076311243570829083e-09
2.473648039092960336e-11 3.372255880965517725e-10 3.484977306404412457e-09 2.730085243005619653e-08 1.621247352841658383e-07 7.298257326136492650e-07 2.490496198961586629e-06 6.442425632215902083e-06 1.263309506267621551e-05 1.877876096165461908e-05 2.116025625410475892e-05 1.807472636524931034e-05 1.170359700269745369e-05 5.744653074162770146e-06 2.137494830068357209e-06 6.028970503116957084e-07 1.289074639960169002e-07 2.089343226620109680e-08 2.567073679524699706e-09 2.390912582896657655e-10
2.159265112020433510e-12 2.943666341168173243e-11 3.042061681766684986e-10 2.383110986244202682e-09 1.415198440369114286e-08 6.370701156277892354e-08 2.173971991589043652e-07 5.623639533428064170e-07 1.102751927298304940e-06 1.639211510718413268e-06 1.847093942582650787e-06 1.577755825930256803e-06 1.021615375093458720e-06 5.014548863729618641e-07 1.865834565285623866e-07 5.262731586323103939e-08 1.125242497262033356e-08 1.823802685337267299e-09 2.240817023514832112e-10 2.087044739005176485e-11
