2.938747491935328730e-11 5.578689434057340540e-11 8.027843873845248581e-11 8.757143571640186654e-11 7.241405067479138730e-11 4.539207464837142186e-11 2.156920028286696662e-11 7.769353340194957381e-12 2.121448641745210491e-12 4.391137041986287879e-13 6.889985045233119313e-14 8.195140182888347989e-15 7.389096082247529227e-16 5.050368414912614428e-17 2.616686091915151047e-18 1.027725213437022327e-19 3.059843510750338402e-21 6.905867477503050559e-23 1.181500972794678984e-24 1.532310390303777392e-26
8.360425403151471103e-10 1.587078066039301389e-09 2.283836567776361980e-09 2.491314608563735504e-09 2.060103055699848991e-09 1.291356453841062682e-09 6.136209064079441161e-10 2.210298748350410545e-10 6.035296725765152638e-11 1.249231986595918667e-11 1.960127780885516051e-12 2.331430596042339956e-13 2.102119585363441713e-14 1.436776330977080867e-15 7.444194826182118367e-17 2.923769396811879154e-18 8.704930752692366579e-20 1.964646164672402601e-21 3.361245147433789909e-23 4.359260789763191854e-25
1.802981623561769999e-08 3.422639937853137075e-08 4.925246221761620908e-08 5.372686485616184974e-08 4.442749947472973498e-08 2.784896513598082857e-08 1.323314502237894631e-08 4.766656998524469881e-09 1.301552081930582763e-09 2.694052284168446561e-10 4.227146584475622850e-11 5.027885925146200504e-12 4.533361402292875876e-13 3.098504199252463921e-14 1.605390375083141771e-15 6.305304143969757042e-17 1.877276505040746008e-18 4.236890781144024562e-20 7.248749843309257634e-22 9.401037288477802475e-24
2.947481200953667234e-07 5.595268827269735446e-07 8.051701946929521668e-07 8.783169061750003346e-07 7.262925910939462797e-07 4.552697605545249446e-07 2.163330212201647268e-07 7.792443201273573152e-08 2.127753407699148395e-08 4.404187129919871534e-09 6.910461498106634451e-10 8.219495446454973034e-11 7.411055850913626394e-12 5.065377682735845637e-13 2.624462661689132366e-14 1.030779525857402510e-15 3.068937106895606015e-17 6.926391131622128000e-19 1.185012293767169146e-20 1.536864287197402891e-22
3.652646190497894891e-06 6.933899140773412723e-06 9.978017309817240272e-06 1.088448299636989873e-05 9.000531929390414153e-06 5.641899788878466136e-06 2.680892368653842394e-06 9.656732658581106849e-07 2.636804053724439101e-07 5.457859184016744798e-08 8.563742783999644101e-09 1.018595427193718313e-09 9.184100958013986285e-11 6.277235115288181512e-12 3.252347645244053404e-13 1.277386572354750139e-14 3.803159602426952494e-16 8.583483474850384197e-18 1.468518489319404056e-19 1.904548698097734916e-21
3.431318163372780813e-05 6.513747246208801734e-05 9.373410465730583265e-05 1.022494987374488715e-04 8.455154723081500807e-05 5.300035155846518774e-05 2.518446681898710651e-05 9.071593700047847315e-06 2.477029849301207379e-06 5.127146286428247348e-07 8.044832329403652967e-08 9.568747719257873246e-09 8.627600590898504682e-10 5.896873045870810508e-11 3.055275262564477653e-12 1.199984755920714838e-13 3.572711382767240610e-15 8.063376855081977302e-17 1.379535247284253684e-18 1.789144691268317692e-20
2.443493516152865164e-04 4.638537845853677225e-04 6.674947237984755035e-04 7.281341318382823346e-04 6.021043447516182109e-04 3.774235125420008605e-04 1.793423939430720704e-04 6.460018958268757302e-05 1.763930387071788975e-05 3.651118348914705092e-06 5.728846670433101916e-07 6.814049848040566140e-08 6.143844755886839710e-09 4.199252405961318611e-10 2.175707683953259341e-11 8.545272781386184290e-13 2.544181764332901289e-14 5.742052507402367847e-16 9.823878962975694737e-18 1.274076971130026766e-19
1.319040748372588348e-03 2.503964259001798323e-03 3.603253842065092406e-03 3.930596025021364064e-03 3.250265082552713809e-03 2.037398458992542918e-03 9.681217648330446178e-04 3.487231778962024908e-04 9.522006268727760978e-05 1.970937859058371854e-05 3.092532126451997852e-06 3.678343875926724053e-07 3.316555387242940420e-08 2.266830257395325751e-09 1.174485249381836172e-10 4.612888444391677542e-12 1.373394034499094231e-13 3.099660869361954907e-15 5.303102534786706498e-17 6.877691429808160750e-19
5.397616848525895426e-03 1.024641557826769939e-02 1.474479364753671085e-02 1.608430319956377988e-02 1.330033631895531990e-02 8.337192208039736693e-03 3.961629203445509936e-03 1.427002238411782201e-03 3.896478674465963968e-04 8.065230288432314492e-05 1.265488085257382517e-05 1.505206787877481619e-06 1.357160137724206372e-07 9.276044887287407819e-09 4.806084556697748644e-10 1.887629659549064903e-11 5.620034702812159347e-13 1.268405222039330108e-14 2.170070608246272541e-16 2.814404572891058048e-18
1.674336376666974921e-02 3.178429817193512835e-02 4.573823052531257594e-02 4.989337831144028540e-02 4.125753558593846931e-02 2.586190273397731901e-02 1.228894171694782170e-02 4.426549390979028775e-03 1.208684530349205541e-03 2.501827906107576861e-04 3.925533795463339714e-05 4.669139270301480465e-06 4.209899760066486052e-07 2.877421614433901281e-08 1.490843538628361296e-09 5.855411922247954479e-11 1.743330215003870994e-12 3.934582730144692345e-14 6.731541458551003188e-16 8.730260200548182070e-18
3.937133964399414099e-02 7.473948581134728930e-02 1.075515908166614909e-01 1.173222520194171364e-01 9.701541870945347423e-02 6.081321355546733670e-02 2.889694716938204233e-02 1.040885104999512631e-02 2.842172566396154818e-03 5.882946676358076976e-04 9.230733232519706044e-05 1.097929129522306648e-05 9.899408244996551075e-07 6.766140021777724761e-08 3.505658010741888051e-09 1.376876324011027174e-10 4.099370172150696237e-12 9.252011434780638583e-14 1.582894624912962931e-15 2.052885216651983242e-17
7.018018216427823752e-02 1.332245937408677583e-01 1.917128120054360230e-01 2.091292065014113966e-01 1.729318793654962272e-01 1.084007413491425847e-01 5.150937292650936000e-02 1.855398036782142726e-02 5.066228130807921663e-03 1.048646739335742234e-03 1.645396233975770812e-04 1.957080125037018471e-05 1.764588861426753779e-06 1.206077678766030980e-07 6.248903898728698054e-09 2.454308949365806365e-10 7.307207426563406546e-12 1.649189115102761972e-13 2.821540595969908016e-15 3.659308008559638209e-17
9.482996918980469980e-02 1.800178302501085903e-01 2.590492001461349170e-01 2.825828545556484106e-01 2.336717330510463542e-01 1.464749541149456269e-01 6.960130476967221758e-02 2.507080107757714976e-02 6.845668431416190164e-03 1.416968935039530616e-03 2.223318169903010775e-04 2.644476577800975592e-05 2.384375506037738994e-06 1.629695244309432088e-07 8.443742177804123574e-09 3.316349927759052978e-10 9.873759710433294855e-12 2.228443246375044142e-13 3.812566447281184769e-15 4.944587702770977484e-17
9.713450853978324029e-02 1.843925883255729536e-01 2.653445631038339192e-01 2.894501277765151315e-01 2.393503777705862923e-01 1.500345597799919439e-01 7.129274205497299066e-02 2.568006677820307976e-02 7.012030525719187626e-03 1.451403836752510361e-03 2.277348812893187824e-04 2.708742129985653276e-05 2.442320132886563628e-06 1.669299779152913314e-07 8.648940347497482748e-09 3.396943214587220546e-10 1.011370988630423052e-11 2.282598437970508849e-13 3.905218690841261997e-15 5.064750105309001443e-17
7.542204509857197703e-02 1.431753382150258158e-01 2.060321291159013246e-01 2.247493802061754919e-01 1.858484204836404474e-01 1.164973551025514503e-01 5.535668515035274684e-02 1.993980495496821756e-02 5.444632299001652027e-03 1.126971735147593457e-03 1.768293343460537292e-04 2.103257371241090283e-05 1.896388646803891509e-06 1.296161427272180190e-07 6.715643891651991707e-09 2.637624961297374067e-10 7.852993695297206960e-12 1.772369520560563080e-13 3.032285689691635260e-15 3.932627205285762942e-17
4.439355055059157618e-02 8.427325997776663469e-02 1.212708794490903325e-01 1.322878868950994324e-01 1.093907124727953456e-01 6.857055143487823801e-02 3.258304382125400828e-02 1.173660483589933877e-02 3.204720302654454327e-03 6.633375776005025377e-04 1.040820622519506212e-04 1.237981047969007270e-05 1.116217747018512651e-06 7.629229327861851443e-08 3.952839997830673525e-09 1.552510766577902640e-10 4.622286125098115285e-12 1.043219867646135295e-13 1.784808776707518350e-15 2.314751402011374096e-17
1.980789279326656410e-02 3.760176147831092303e-02 5.410967470004999363e-02 5.902533699078017781e-02 4.880888053256429021e-02 3.059539313147232112e-02 1.453818022854910796e-02 5.236738387966809183e-03 1.429909421528310562e-03 2.959736146331014067e-04 4.644022172633502176e-05 5.523729364768972455e-06 4.980435489539723765e-07 3.404074572708826607e-08 1.763711844060252257e-09 6.927124873628145732e-11 2.062411023452747032e-12 4.654727329050050201e-14 7.963611936201107674e-16 1.032815511384995031e-17
6.699671243901873449e-03 1.271813426726206737e-02 1.830164547982824144e-02 1.996428176515452346e-02 1.650874511307045753e-02 1.034835344163807271e-02 4.917283682441142383e-03 1.771234626311425902e-03 4.836417044853024371e-04 1.001078678891655321e-04 1.570758794525178390e-05 1.868304274991795126e-06 1.684544680225675099e-07 1.151368334072745642e-08 5.965445010988965987e-10 2.342978114993647331e-11 6.975742433152550458e-13 1.574379625340148051e-14 2.693551628303279961e-16 3.493316757163623190e-18
1.717772030055172766e-03 3.260884679778026322e-03 4.692477222348776997e-03 5.118771290089475269e-03 4.232783904487029923e-03 2.653281250979457658e-03 1.260774158318955698e-03 4.541382985788125883e-04 1.240040238226993883e-04 2.566730354194457378e-05 4.027370037976823189e-06 4.790266134527986848e-07 4.319113027678410369e-08 2.952067718787829987e-09 1.529519018718451130e-10 6.007313085146999063e-12 1.788555707333446710e-13 4.036653720224930227e-15 6.906171183877759719e-17 8.956740710285782664e-19
3.338676814649218258e-04 6.337884122650463579e-04 9.120339970270809320e-04 9.948888866914947296e-04 8.226875997554424728e-04 5.156940758375292084e-04 2.450451734711960082e-04 8.826671884165124108e-05 2.410153105396404321e-05 4.988719674711534981e-06 7.827631801278237276e-07 9.310403359422627458e-08 8.394666040112521858e-09 5.737664763161140321e-10 2.972786607310333987e-11 1.167586650894234709e-12 3.476252591905878285e-14 7.845675647687419659e-16 1.342289500945627961e-17 1.740839996288423052e-19
