1.396724256483200135e-28 2.833874112838931187e-27 4.358602382578689320e-26 5.081720436287245053e-25 4.491290081972939241e-24 3.009042087222842466e-23 1.528207187113147383e-22 5.883463084597542228e-22 1.717040928003895465e-21 3.798613270653551161e-21 6.370394597519027700e-21 8.098496654135768055e-21 7.804396027814280032e-21 5.701262149381667848e-21 3.157181444375122547e-21 1.325332634575073126e-21 4.217422025475298829e-22 1.017339837151940261e-22 1.860295174842903026e-23 2.578662399235404362e-24
1.802468922847261002e-26 3.657106974367897060e-25 5.624764734470416425e-24 6.557946651595048235e-23 5.795997856177936414e-22 3.883160777500156750e-21 1.972147293681950391e-20 7.592593398075429584e-20 2.215836731994974043e-19 4.902100281058999753e-19 8.220977215083002531e-19 1.045108830401258603e-18 1.007155223118089594e-18 7.357463577772010778e-19 4.074334222278638058e-19 1.710338225435972870e-19 5.442571860670059208e-20 1.312874342898563379e-20 2.400705954960535788e-21 3.327756939540542390e-22
1.763281760383804328e-24 3.577598449513879838e-23 5.502477705454592016e-22 6.415371477285362995e-21 5.669988077729657175e-20 3.798737656340737509e-19 1.929271183353609107e-18 7.427524149314481833e-18 2.167662612092801984e-17 4.795524573877004966e-17 8.042246383359733635e-17 1.022387301608277772e-16 9.852588370811514400e-17 7.197506245422735882e-17 3.985754832600925260e-17 1.673154060395420439e-17 5.324245855145254912e-18 1.284331370802267427e-18 2.348512625526917256e-19 3.255408756348192617e-20
1.307592629999147627e-22 2.653031109822448684e-21 4.080459207393461194e-20 4.757431654359778347e-19 4.204679472785229039e-18 2.817020781551213275e-17 1.430685008658983490e-16 5.508011286109132620e-16 1.607468369252748120e-15 3.556205667559636156e-15 5.963869380256938829e-15 7.581693014828869044e-15 7.306360350080539346e-15 5.337437460272414846e-15 2.955706660833422347e-15 1.240756847476269334e-15 3.948288241225907034e-16 9.524185372235784005e-17 1.741580880375305388e-17 2.414105671069292623e-18
7.350553323735782454e-21 1.491385481600072276e-19 2.293805601312820660e-18 2.674361590690721931e-17 2.363635276373882764e-16 1.583571289238418277e-15 8.042509726920126744e-15 3.096295416280369962e-14 9.036286755775418307e-14 1.999099627044041164e-13 3.352553302124541988e-13 4.262003127819009415e-13 4.107226526332645090e-13 3.000408366010958315e-13 1.661532722143836875e-13 6.974839992154517375e-14 2.219506487630533337e-14 5.353963523319099213e-15 9.790192170787731493e-16 1.357074983233834772e-16
3.132307715702734440e-19 6.355274283934792645e-18 9.774645073471493135e-17 1.139631681610897982e-15 1.007221182844275475e-14 6.748107726298183594e-14 3.427172644255171416e-13 1.319431285695496910e-12 3.850653070568103314e-12 8.518807918892923258e-12 1.428631031304773141e-11 1.816176918070683173e-11 1.750221618966806577e-11 1.278570722664820389e-11 7.080326522709519108e-12 2.972204154028785365e-12 9.458032599815328420e-13 2.281496441843405425e-13 4.171916469981546966e-14 5.782933955521760053e-15
1.011825516746335723e-17 2.052936451348715622e-16 3.157491600488673757e-15 3.681338233040562422e-14 3.253614224107666618e-13 2.179832956063739669e-12 1.107075372693516641e-11 4.262142687218736729e-11 1.243871735017040015e-10 2.751820065884803871e-10 4.614889285120868659e-10 5.866774006325081874e-10 5.653719413178359667e-10 4.130151311991462652e-10 2.287149186096507875e-10 9.601074597331093103e-11 3.055216661740025220e-11 7.369889952543230391e-12 1.347649056604444346e-12 1.868054057563417885e-13
2.477671093903900439e-16 5.027053794299185849e-15 7.731793217601231019e-14 9.014543689526786962e-13 7.967170011395499287e-12 5.337787015043488447e-11 2.710910729466495744e-10 1.043676756460296979e-09 3.045885868035936689e-09 6.738419737418844587e-09 1.130054302255494352e-08 1.436605040035044061e-08 1.384434068051597326e-08 1.011355846418726037e-08 5.600573747200562502e-09 2.351028374607208939e-09 7.481351164920842267e-10 1.804675114281293134e-10 3.300006826288409551e-11 4.574329727479239828e-12
4.599159805778565095e-15 9.331433784376300262e-14 1.435208760374804170e-12 1.673318428193060429e-11 1.478900414682553226e-10 9.908230173002507167e-10 5.032109263692199162e-09 1.937317749860998204e-08 5.653904544362909761e-08 1.250814496203820392e-07 2.097655470925151073e-07 2.666688154519167814e-07 2.569846149151702601e-07 1.877322284476142530e-07 1.039602622430341045e-07 4.364080135310247211e-08 1.388720627821686871e-08 3.349915680298639639e-09 6.125614812879278429e-10 8.491067871261414396e-11
6.471577637165833952e-14 1.313046311758681619e-12 2.019513413436114822e-11 2.354562697766165789e-10 2.080992889011975066e-09 1.394208584162031309e-08 7.080790221241832333e-08 2.726041876242756042e-07 7.955731863458303036e-07 1.760048240051351540e-06 2.951656565414711495e-06 3.752354811502313767e-06 3.616086322747705763e-06 2.641620954049929025e-06 1.462847425828950888e-06 6.140791927905698212e-07 1.954098952593432942e-07 4.713739099861935885e-08 8.619485625855631315e-09 1.194796599202106339e-09
6.903012351913182152e-13 1.400581962681010380e-11 2.154146456923147028e-10 2.511532163763380637e-09 2.219724528157592890e-08 1.487155005657747629e-07 7.552838751069120207e-07 2.907776403000467122e-06 8.486109323106721060e-06 1.877383757441617002e-05 3.148431939168788051e-05 4.002509598865774070e-05 3.857156624090745485e-05 2.817727468825553805e-05 1.560369729858328419e-05 6.550174455981041781e-06 2.084371070377907759e-06 5.027985609439929609e-07 9.194112947160315009e-08 1.274449005285832066e-08
5.581667407419859065e-12 1.132488585269595934e-10 1.741809004019020889e-09 2.030785475456881113e-08 1.794834402814565293e-07 1.202490188585646742e-06 6.107106831216406168e-06 2.351182346094743929e-05 6.861734763006581666e-05 1.518023030514647901e-04 2.545772634242436530e-04 3.236366420477639972e-04 3.118836287180339019e-04 2.278370191728876367e-04 1.261690465070789270e-04 5.296368224479645865e-05 1.685389721962866688e-05 4.065550222202448223e-06 7.434215377447306763e-07 1.030499456262892380e-07
3.421259989666309746e-11 6.941542020913246792e-10 1.067634636769847997e-08 1.244761571701705299e-07 1.100136336010139143e-06 7.370613957946494007e-06 3.743325914848229463e-05 1.441147510582700838e-04 4.205871989644155168e-04 9.304659483630011970e-04 1.560420824204424191e-03 1.983717433890962081e-03 1.911677823989504530e-03 1.396517601218663510e-03 7.733479608175945069e-04 3.246387033534908241e-04 1.033052670798925861e-04 2.491962221308676522e-05 4.556771618389854007e-06 6.316403865981786716e-07
1.589662837681745119e-10 3.225335525561228160e-09 4.960684401130266737e-08 5.783691441998570288e-07 5.111701113101458269e-06 3.424700588448599938e-05 1.739308358364672963e-04 6.696184002708080061e-04 1.954226928727503636e-03 4.323340360886247270e-03 7.250378523920441784e-03 9.217194526702486915e-03 8.882467873225894164e-03 6.488814470490700953e-03 3.593303395888926624e-03 1.508409427967986188e-03 4.800001885554139162e-04 1.157871587685921534e-04 2.117269813880402355e-05 2.934869762563661733e-06
5.599133006209074108e-10 1.136032255972263119e-08 1.747259299604744349e-07 2.037140007490475184e-06 1.800450620207054133e-05 1.206252901346693325e-04 6.126216582817712577e-04 2.358539432165943864e-03 6.883205821316042833e-03 1.522773077278187503e-02 2.553738612899485866e-02 3.246493336560068305e-02 3.128595439653081983e-02 2.285499441244739915e-02 1.265638421452034389e-02 5.312941093426615247e-03 1.690663475939708019e-03 4.078271737809776557e-04 7.457477785186345421e-05 1.033723992721599297e-05
1.494973058565630190e-09 3.033215346834450357e-08 4.665196515854678256e-07 5.439180359436406578e-06 4.807217773720490775e-05 3.220705040102054629e-04 1.635704801456631940e-03 6.297319432745599778e-03 1.837821542731426366e-02 4.065816479650465748e-02 6.818502830116447699e-02 8.668163566730817393e-02 8.353375224782093322e-02 6.102302063977989299e-02 3.379264860931353170e-02 1.418559585494946415e-02 4.514085207170392966e-03 1.088901865123436622e-03 1.991152623333303315e-04 2.760051453319560484e-05
3.025817759345616745e-09 6.139212216424312021e-08 9.442333684631182486e-07 1.100887299176971126e-05 9.729783977994519556e-05 6.518690388511039907e-04 3.310658081051357209e-03 1.274574204979720023e-02 3.719741322857141042e-02 8.229191583004279165e-02 1.380061455776993296e-01 1.754431834797864354e-01 1.690718836757799381e-01 1.235102790132682204e-01 6.839614648005239161e-02 2.871157283997388329e-02 9.136485175298480338e-03 2.203931758366477374e-03 4.030082639101299703e-04 5.586329904951499979e-05
4.642468742554137863e-09 9.419305154987330324e-08 1.448723699643646668e-06 1.689075576253223015e-05 1.492826785424526789e-04 1.000153306575721343e-03 5.079495158323456619e-03 1.955560901977066585e-02 5.707145702484711647e-02 1.262593048857283962e-01 2.117408476257357230e-01 2.691799573465540885e-01 2.594045635383235293e-01 1.895000476919812549e-01 1.049392254917123624e-01 4.405175395889401879e-02 1.401797802003303464e-02 3.381460852140520668e-03 6.183297928023305480e-04 8.571025762946643002e-05
5.399481140147337992e-09 1.095524027366215041e-07 1.684956157444529936e-06 1.964500403560107605e-05 1.736250801114040882e-04 1.163240770284762905e-03 5.907770160612429294e-03 2.274439483425677588e-02 6.637766949764184465e-02 1.468474583898942420e-01 2.462678322148421639e-01 3.130731047633834030e-01 3.017037111428643170e-01 2.204003926167397431e-01 1.220508742924642925e-01 5.123494155409177853e-02 1.630378407255063042e-02 3.932850194535556822e-03 7.191561730990941783e-04 9.968638352810134775e-05
4.760492532055279402e-09 9.658768714250349348e-08 1.485554073837614539e-06 1.732016328537872146e-05 1.530778376281697315e-04 1.025579839282805350e-03 5.208629310987289950e-03 2.005276413497049728e-02 5.852236385997174745e-02 1.294691491407476969e-01 2.171238579624353571e-01 2.760232212187667122e-01 2.659993111393250675e-01 1.943176382842984051e-01 1.076070571447980823e-01 4.517166563191055140e-02 1.437435196217784310e-02 3.467426497996397173e-03 6.340493655889078073e-04 8.788923824635780748e-05
