1.050977026283265482e-02 3.106506678388847378e-02 6.960624084698761871e-02 1.182281482815283197e-01 1.522265534785043062e-01 1.485787708704388865e-01 1.099309363799102768e-01 6.165664832457473654e-02 2.621420657382240657e-02 8.448708800721889053e-03 2.064147772764478393e-03 3.822856960397131199e-04 5.367006618158623205e-05 5.711800533968801789e-06 4.607981788529986054e-07 2.818027940208408613e-08 1.306401453373091582e-09 4.590974012694551335e-11 1.223009508127753278e-12 2.469742366631311008e-14
1.671425883860558001e-02 4.940446404434866573e-02 1.106985878095970155e-01 1.880246497275857298e-01 2.420941612726354442e-01 2.362928943397332449e-01 1.748291426999159792e-01 9.805591877324834615e-02 4.168987741559355975e-02 1.343644077993478257e-02 3.282726386239569107e-03 6.079697190433255112e-04 8.535442313296995624e-05 9.083786816621507664e-06 7.328323874922853397e-07 4.481662988737006680e-08 2.077641232180760534e-09 7.301275484665669817e-11 1.945018489434932227e-12 3.927765512299600243e-14
2.015012958928235481e-02 5.956030491063749044e-02 1.334543703823616867e-01 2.266759833370126376e-01 2.918603073912430235e-01 2.848665015869438766e-01 2.107679386446753012e-01 1.182128079597178499e-01 5.025986737414849664e-02 1.619850605095639329e-02 3.957540847464960897e-03 7.329471646560082980e-04 1.029003262277629642e-04 1.095109769950221121e-05 8.834772584163638892e-07 5.402937149086003596e-08 2.504732065760645400e-09 8.802163984875672013e-11 2.344846696111945536e-12 4.735177600956306770e-14
1.841473116622045075e-02 5.443076672275490302e-02 1.219608212770767891e-01 2.071538684897567539e-01 2.667242944957961548e-01 2.603328192874469482e-01 1.926158792876712100e-01 1.080319146006930020e-01 4.593131483566805645e-02 1.480343503008612130e-02 3.616703826270480614e-03 6.698232354477182343e-04 9.403819642968979818e-05 1.000795152298227092e-05 8.073891601104209644e-07 4.937617630078367076e-08 2.289015930643298245e-09 8.044091366473726757e-11 2.142900438609013666e-12 4.327367829549748354e-14
1.275703485105778544e-02 3.770759300172277922e-02 8.448988114197013288e-02 1.435084278994481488e-01 1.847765840181441743e-01 1.803488097950727287e-01 1.334370544299557371e-01 7.484045719416290710e-02 3.181949162463870717e-02 1.025526437988931970e-02 2.505516716004074339e-03 4.640284064710916041e-04 6.514613427454091102e-05 6.933133327549187400e-06 5.593289177519352433e-07 3.420596240017519351e-08 1.585744355334858851e-09 5.572644693040083766e-11 1.484521024549552906e-12 2.997838074127194047e-14
6.699323046981792672e-03 1.980204254295851729e-02 4.436963719074727558e-02 7.536307062633600118e-02 9.703493345498533096e-02 9.470969955496232051e-02 7.007411553711034857e-02 3.930226777470443439e-02 1.670992170774783514e-02 5.385524913525437628e-03 1.315765464004547448e-03 2.436832880227065060e-04 3.421131978259150822e-05 3.640916594752152129e-06 2.937300989836379826e-07 1.796317051157736200e-08 8.327494461171951529e-10 2.926459593518216076e-11 7.795922821884601514e-13 1.574306720613418019e-14
2.666913428287942360e-03 7.882935752611239591e-03 1.766297585628127248e-02 3.000105885936306394e-02 3.862834576408669812e-02 3.770270037150101616e-02 2.789559458332362477e-02 1.564572195660124745e-02 6.652002638999479807e-03 2.143907467894240731e-03 5.237891291138962058e-04 9.700714960594453682e-05 1.361908173225823407e-05 1.449401572326850354e-06 1.169301345491513371e-07 7.150904698279132664e-09 3.315067305568804129e-10 1.164985526531962434e-11 3.103455545250549795e-13 6.267110428925229979e-15
8.047921568888742085e-04 2.378826698935296476e-03 5.330140935837657939e-03 9.053393564363580032e-03 1.165684246619348371e-02 1.137751125727174892e-02 8.418029432182493402e-03 4.721395972579445557e-03 2.007369078683444909e-03 6.469651009123352338e-04 1.580633921233548175e-04 2.927376357136878807e-05 4.109818506252074488e-06 4.373846579414019684e-07 3.528590549320121438e-08 2.157922321284094012e-09 1.000384991421798012e-10 3.515566739801771285e-12 9.365270936725980660e-14 1.891220489595487810e-15
1.841006712213793162e-04 5.441698061351725587e-04 1.219299312987414709e-03 2.071014009969773199e-03 2.666567391317684315e-03 2.602668827427143117e-03 1.925670939459858634e-03 1.080045525063204684e-03 4.591968144959105900e-04 1.479968564743537975e-04 3.615787795190426445e-05 6.696535840382343637e-06 9.401437863459806879e-07 1.000541673023087860e-07 8.071846662950894878e-09 4.936367040749567530e-10 2.288436173539609907e-11 8.042053976060667406e-13 2.142357689327478239e-14 4.326271802997100562e-16
3.192447970134346829e-05 9.436325144711852925e-05 2.114359274688422028e-04 3.591298406673053235e-04 4.624034013109013506e-04 4.513228963223258629e-04 3.339262285705023835e-04 1.872882440496121434e-04 7.962827775716369515e-05 2.566379909987784636e-05 6.270055579162770319e-06 1.161231086705450647e-06 1.630282009534627760e-07 1.735016614489369732e-08 1.399720616085439377e-09 8.560042087043175793e-11 3.968325247556261689e-12 1.394554333846680417e-13 3.715013862372572229e-15 7.502089777347677203e-17
4.196518126937011005e-06 1.240418321360718514e-05 2.779355249042308405e-05 4.720812681626650561e-05 6.078358280892726194e-05 5.932703471557756330e-05 4.389507626640671575e-05 2.461930526257957355e-05 1.046725002727766144e-05 3.373542783977615201e-06 8.242076970717819696e-07 1.526454730197875068e-07 2.143028819587449944e-08 2.280703942979258860e-09 1.839952598445263003e-10 1.125229670825571098e-11 5.216419810359782442e-13 1.833161447182455686e-14 4.883438402478563120e-16 9.861603394971954826e-18
4.181683876250228229e-07 1.236033572914755268e-06 2.769530520239811629e-06 4.704125104772143374e-06 6.056871922970412596e-06 5.911731988083748764e-06 4.373991178348177067e-06 2.453227860501426906e-06 1.043024939813485309e-06 3.361617664665278151e-07 8.212942094550208443e-08 1.521058873098051718e-08 2.135453437859753838e-09 2.272641894154701326e-10 1.833448559317694341e-11 1.121252102157374172e-12 5.197980314374357780e-14 1.826681414061113207e-15 4.866175960786515926e-17 9.826743663044335897e-19
3.158712598139471354e-08 9.336609208226891536e-08 2.092016327417327077e-07 3.553348285378323412e-07 4.575170724181984861e-07 4.465536578132964880e-07 3.303975491229253886e-07 1.853091237499585293e-07 7.878682643310775207e-08 2.539260351030658984e-08 6.203798381122137752e-09 1.148960076167924383e-09 1.613054424132225491e-10 1.716682273114143892e-11 1.384929428847848429e-12 8.469586046161749181e-14 3.926390992190046006e-15 1.379817739966533630e-16 3.675756409851601731e-18 7.422813375117943675e-20
1.808697116594982313e-09 5.346196473728218616e-09 1.197900657849680111e-08 2.034667795293264898e-08 2.619769238148444074e-08 2.556992091548903267e-08 1.891875489972316762e-08 1.061090768443801643e-08 4.511379284052840362e-09 1.453995174457567066e-09 3.552330861149395461e-10 6.579011898935409242e-11 9.236442997559205174e-12 9.829822058898740958e-13 7.930186070489835590e-14 4.849733992725051456e-15 2.248274208416936495e-16 7.900916244086476248e-18 2.104759395875421463e-19 4.250345902475074666e-21
7.850881086367563395e-11 2.320584933458298422e-10 5.199640963526377639e-10 8.831735708840681415e-10 1.137144332996291907e-09 1.109895109874717288e-09 8.211927450820393189e-10 4.605800146669937742e-10 1.958221858686803059e-10 6.311251955943039323e-11 1.541934628768620571e-11 2.855704230986798902e-12 4.009196176049835717e-13 4.266759944299059640e-14 3.442198655648416891e-15 2.105089046035391110e-16 9.758921655748439311e-18 3.429493713267350518e-19 9.135977262760791035e-21 1.844916981958879731e-22
2.583257933807376547e-12 7.635664550873512826e-12 1.710892525846937422e-11 2.905998841170636094e-11 3.741665537639553526e-11 3.652004554312312647e-11 2.702056814491558653e-11 1.515494839308696813e-11 6.443343233655084919e-12 2.076657576148629514e-12 5.073589600147441071e-13 9.396423828293052213e-14 1.319187963240798782e-14 1.403936877467308481e-15 1.132622808717007411e-16 6.926595779147088436e-18 3.211080580037268237e-19 1.128442367968586664e-20 3.006106637902231971e-22 6.070524286932381594e-24
6.443383250745328166e-14 1.904552868357776882e-13 4.267454713134168993e-13 7.248391271670983659e-13 9.332782739036937230e-13 9.109142633008263877e-13 6.739701596656516944e-13 3.780077063307597783e-13 1.607153870591080219e-13 5.179777237330733359e-14 1.265498184401718981e-14 2.343736532065649173e-15 3.290431635064290296e-16 3.501819637516362765e-17 2.825084843286683778e-18 1.727690860597104066e-19 8.009352281640437661e-21 2.814657629826253904e-22 7.498088714689648949e-24 1.514162174894125880e-25
1.218307661116984539e-15 3.601107151672541685e-15 8.068855394997258679e-15 1.370517672688297210e-14 1.764632067973579691e-14 1.722346448151689985e-14 1.274335200827796113e-14 7.147327214018392598e-15 3.038788470185190325e-15 9.793864567018322834e-16 2.392789739781359631e-16 4.431510685516091663e-17 6.221511143104523927e-18 6.621201201624254024e-19 5.341638660844075758e-20 3.266698455758892612e-21 1.514399324947581129e-22 5.321923002860437402e-24 1.417730184493453634e-25 2.862960817414801743e-27
1.746211347083783769e-17 5.161499324850213092e-17 1.156516313441246083e-16 1.964375328012783733e-16 2.529263041568859992e-16 2.468654681703703820e-16 1.826516124534257512e-16 1.024432849006045680e-16 4.355522892435643636e-17 1.403763432222808346e-17 3.429607091989429425e-18 6.351724191471026716e-19 8.917347974432649856e-20 9.490227336336950928e-21 7.656218818352889922e-22 4.682188328125032125e-23 2.170602196505091079e-24 7.627960188135664605e-26 2.032045446546639372e-27 4.103507533591668901e-29
1.897288857571095996e-19 5.608058368051125293e-19 1.256574995206463208e-18 2.134327799524601165e-18 2.748088079171514228e-18 2.682236046976294061e-18 1.984541388440831022e-18 1.113064024578078083e-18 4.732351021836237994e-19 1.525213269899971897e-19 3.726327475963966299e-20 6.901258289821744858e-21 9.688852943963535792e-22 1.031129628788551752e-22 8.318614284259438066e-24 5.087278672674224642e-25 2.358396862170219252e-26 8.287910793338480201e-28 2.207852554760680372e-29 4.458531971771063161e-31
