1.011356048507707562e-16 3.558252230172056262e-15 9.489999809828452590e-14 1.918635591877704626e-12 2.940462254894953659e-11 3.416139057008094345e-10 3.008515767080516325e-09 2.008472373872229031e-08 1.016427139268311372e-07 3.899271378187088426e-07 1.133933251468683107e-06 2.499702583102583865e-06 4.177207091927311339e-06 5.291520631311823378e-06 5.081264476700804829e-06 3.698792140939367509e-06 2.041008773234754314e-06 8.537419786479631537e-07 2.707105744644748422e-07 6.506997262943708246e-08
1.030051811422643307e-15 3.624029500387623148e-14 9.665430398065995760e-13 1.954103176413171897e-11 2.994819160416940682e-10 3.479289246289605733e-09 3.064130698726168142e-08 2.045600666503213255e-07 1.035216645539722387e-06 3.971352672737252449e-06 1.154894956559685985e-05 2.545911677239600756e-05 4.254426260737827794e-05 5.389338818416613370e-05 5.175195902833715830e-05 3.767167409016973641e-05 2.078738528436200049e-05 8.695241135814324790e-06 2.757148859789224358e-06 6.627284552761794464e-07
7.952631950039638343e-15 2.797973118736970921e-13 7.462305268740024387e-12 1.508687541935787550e-10 2.312184132449464771e-09 2.686224762350220838e-08 2.365696892482677824e-07 1.579329217914544292e-06 7.992507638194982849e-06 3.066127917047737451e-05 8.916497625290520541e-05 1.965600013695541302e-04 3.284678094347710385e-04 4.160900218964141343e-04 3.995568749861910535e-04 2.908484366113494148e-04 1.604913680428161047e-04 6.713259634432389123e-05 2.128688078621162423e-05 5.116670277343197563e-06
4.654355123513187716e-14 1.637540955303568715e-12 4.367386668838165587e-11 8.829740436503321278e-10 1.353228230726606600e-08 1.572139143883105019e-07 1.384547093512996912e-06 9.243177709334308024e-06 4.677692757473282372e-05 1.794481156642336369e-04 5.218466875718690869e-04 1.150386507510362064e-03 1.922389771532501557e-03 2.435207284107537840e-03 2.338445435309783639e-03 1.702218736654957437e-03 9.392913262206198290e-04 3.929000432974754232e-04 1.245835382214871773e-04 2.994580997874698910e-05
2.064928264218225005e-13 7.265033528144087062e-12 1.937613253379473735e-10 3.917359141965055329e-09 6.003665701073946130e-08 6.974875073644265984e-07 6.142613424774861350e-06 4.100782685612831428e-05 2.075282123927104706e-04 7.961306693677489823e-04 2.315199305081035944e-03 5.103748104937019109e-03 8.528779753026564936e-03 1.080392066514281740e-02 1.037463181378058159e-02 7.551979786509082151e-03 4.167213623321369687e-03 1.743120975704856883e-03 5.527211880121405199e-04 1.328561052585688321e-04
6.944600072748896582e-13 2.443317438302092593e-11 6.516424504205573291e-10 1.317454608650703291e-08 2.019104391513718191e-07 2.345733688825398097e-06 2.065834168467345903e-05 1.379142134393519347e-04 6.979421338036163056e-04 2.677482409541275584e-03 7.786291437383695974e-03 1.716451369038548072e-02 2.868330368646073228e-02 3.633487396983729051e-02 3.489112435390127887e-02 2.539820887901150792e-02 1.401483651183117393e-02 5.862323773883297735e-03 1.858867288027644645e-03 4.468109300606129021e-04
1.770460866214679111e-12 6.229009392820893151e-11 1.661301507859416993e-09 3.358727361109181980e-08 5.147517888041963217e-07 5.980228746250714790e-06 5.266651085802330343e-05 3.515993941066508708e-04 1.779338222269367291e-03 6.825991095833726374e-03 1.985042210987050457e-02 4.375932301081329051e-02 7.312540125946895286e-02 9.263236438174871079e-02 8.895165970638875541e-02 6.475035915846043266e-02 3.572951549501122287e-02 1.494544641594026078e-02 4.739008372640321660e-03 1.139102695594352427e-03
3.421544889949468367e-12 1.203801544793323729e-10 3.210586459916979318e-09 6.490985854833960760e-08 9.947954152417740984e-07 1.155722868430909539e-05 1.017818775531675911e-04 6.794915003046823974e-04 3.438701028684187574e-03 1.319172617620481547e-02 3.836239005868639224e-02 8.456808670129695171e-02 1.413201770111882916e-01 1.790188074995143763e-01 1.719055769764829544e-01 1.251347966672080037e-01 6.904989739971034712e-02 2.888316640503102786e-02 9.158479687553341270e-03 2.201399128110366216e-03
5.012506769908311722e-12 1.763549386894565764e-10 4.703456153090977724e-09 9.509187103260524688e-08 1.457358858046957874e-06 1.693114919861058321e-05 1.491087700727981814e-04 9.954438287152463181e-04 5.037640229885971717e-03 1.932566103669621990e-02 5.620026802625678608e-02 1.238908506954312094e-01 2.070317259533853149e-01 2.622595971685420801e-01 2.518388319003885267e-01 1.833204109897694223e-01 1.011569595927864357e-01 4.231336188716345453e-02 1.341702152462683970e-02 3.225013374904592278e-03
5.566529584644080049e-12 1.958471137647779343e-10 5.223320192490448432e-09 1.056021942034879235e-07 1.618437953533153842e-06 1.880251683287253038e-05 1.655894780876883648e-04 1.105468336852968554e-03 5.594440998025101801e-03 2.146168949823494196e-02 6.241197648074342519e-02 1.375842701705627114e-01 2.299145478262414333e-01 2.912466503306548882e-01 2.796740977491709579e-01 2.035824664357167579e-01 1.123376454364750920e-01 4.699017708757226297e-02 1.489997932830877843e-02 3.581467953330589454e-03
4.686092860124634463e-12 1.648707237667225299e-10 4.397167586730674759e-09 8.889949846590115603e-08 1.362455803617427681e-06 1.582859455664438423e-05 1.393988227636618299e-04 9.306206320561164879e-04 4.709589631851417678e-03 1.806717603753128440e-02 5.254051252677898604e-02 1.158230916243222774e-01 1.935498418942151466e-01 2.451812799872079562e-01 2.354391138492413493e-01 1.713826052488272023e-01 9.456962910163661806e-02 3.955792024415221569e-02 1.254330650447027865e-02 3.015000845619460190e-03
2.990433013821765486e-12 1.052123528238368691e-10 2.806055174569601631e-09 5.673126911052229821e-08 8.694520011927909979e-07 1.010102726033684270e-05 8.895744367926500815e-05 5.938761233532760704e-04 3.005427493015275925e-03 1.152957939628324394e-02 3.352876008074173048e-02 7.391257648852141149e-02 1.235139495304515139e-01 1.564625832073935352e-01 1.502456139507627741e-01 1.093679139591878791e-01 6.034966643040270279e-02 2.524391090557576503e-02 8.004518688188251574e-03 1.924024626605704913e-03
1.446618738095673265e-12 5.089636195514765011e-11 1.357426157650308469e-09 2.744369011173613076e-08 4.205964657917055317e-07 4.886361019049862790e-06 4.303306722629201040e-05 2.872869327551074055e-04 1.453872301198093743e-03 5.577421570700739212e-03 1.621950144802877455e-02 3.575512898467403389e-02 5.974973957988943818e-02 7.568860550713517321e-02 7.268115334912378378e-02 5.290661016265328642e-02 2.919408590412496396e-02 1.221171461458463170e-02 3.872177263376169916e-03 9.307448334541540587e-04
5.304823188246482066e-13 1.866395021624536433e-11 4.977749539533092029e-10 1.006373827753921339e-08 1.542348253807007364e-07 1.791852998815856752e-06 1.578044075275252710e-05 1.053495535780008869e-04 5.331422366543994316e-04 2.045268355767877657e-03 5.947772216511276397e-03 1.311158443767500292e-02 2.191052802429023852e-02 2.775538979322529631e-02 2.665254206111569713e-02 1.940111827749590317e-02 1.070561715989742230e-02 4.478096761070205975e-03 1.419946748567570615e-03 3.413087805946604355e-04
1.474635075439251888e-13 5.188206026565991326e-12 1.383715122496561918e-10 2.797518584027571721e-09 4.287420622511094704e-08 4.980994065814098829e-07 4.386647888935950791e-06 2.928507536918285758e-05 1.482029116654856181e-04 5.685438230596784846e-04 1.653362085775720528e-03 3.644759046676200685e-03 6.090689924897061541e-03 7.715444958139669289e-03 7.408875277883270744e-03 5.393124049474306604e-03 2.975948115139253128e-03 1.244821612474489867e-03 3.947168843125587064e-04 9.487703577669221648e-05
3.107384718539634380e-14 1.093270626211314729e-12 2.915796116661097592e-11 5.894995068694237885e-10 9.034550680529703842e-09 1.049606448472476850e-07 9.243644643155821823e-07 6.171017982626928985e-06 3.122965611103705759e-05 1.198048532156000261e-04 3.484002357682927588e-04 7.680319526529047697e-04 1.283444094963691546e-03 1.625816187270296906e-03 1.561215123897884702e-03 1.136451420127327586e-03 6.270985852819219728e-04 2.623116539364078346e-04 8.317564358063780016e-05 1.999270572246583194e-05
4.963663261145112151e-15 1.746364783683606737e-13 4.657624134826187607e-12 9.416526467588686408e-11 1.443157875699861338e-09 1.676616653181038307e-08 1.476558053483523212e-07 9.857438978018314965e-07 4.988551812451504223e-06 1.913734546176924418e-05 5.565263419555263586e-05 1.226836176423106459e-04 2.050143409631897018e-04 2.597040537008626915e-04 2.493848317847799519e-04 1.815340768237172421e-04 1.001712530253675854e-04 4.190104662116844394e-05 1.328628166960091700e-05 3.193587787614755831e-06
6.010442069809943413e-16 2.114652790258978033e-14 5.639862853803497617e-13 1.140236229869003592e-11 1.747503074469823665e-10 2.030195590846438080e-09 1.787946960996436817e-08 1.193625812569671615e-07 6.040579326903832429e-07 2.317318887610605974e-06 6.738912699479231317e-06 1.485561646628922271e-05 2.482494792677055403e-05 3.144726158767948147e-05 3.019771901661837566e-05 2.198175007129040610e-05 1.212962043743372598e-05 5.073748965856286648e-06 1.608820383191973971e-06 3.867078281189200996e-07
5.517055334199940534e-17 1.941064620700685570e-15 5.176896321490788117e-14 1.046636220960318190e-12 1.604053586500900587e-11 1.863540365892367698e-10 1.641177504726178054e-09 1.095643145677046010e-08 5.544718676276396191e-08 2.127094210615790513e-07 6.185727076901202911e-07 1.363614474879395478e-06 2.278711112924104857e-06 2.886581057984866622e-06 2.771884078512928993e-06 2.017730644057219150e-06 1.113392099265007635e-06 4.657253737969043987e-07 1.476755116140651689e-07 3.549636551056247907e-08
3.838884832442571859e-18 1.350634184327851218e-16 3.602194932594558947e-15 7.282718171816632115e-14 1.116134715102760860e-12 1.296691153507552656e-11 1.141966329607769617e-10 7.623718811802026083e-10 3.858133576179780923e-09 1.480077542759237870e-08 4.304160900098899069e-08 9.488320503989990307e-08 1.585575818806111050e-07 2.008544698187463750e-07 1.928736092300851395e-07 1.403980039389821012e-07 7.747219818395505272e-08 3.240616534095101276e-08 1.027557722947224146e-08 2.469912859503646268e-09
