3.164524946397367828e-14 3.357148444012213476e-14 2.699786278806289835e-14 1.645830271565300361e-14 7.605670833471041861e-15 2.664322697972853660e-15 7.075105873177143860e-16 1.424216067379414441e-16 2.173279774431591317e-17 2.513924410168164112e-18 2.204375680634693688e-19 1.465263821419307956e-20 7.383169886013613499e-22 2.820114334021820685e-23 8.165586613400624758e-25 1.792275974068080023e-26 2.982079351626140654e-28 3.761233778104042539e-30 3.596153980617457053e-32 2.606411901268326767e-34
1.613114121249864145e-12 1.711303798800293228e-12 1.376213948212682323e-12 8.389606962223355035e-13 3.876984770500138008e-13 1.358136415565122108e-13 3.606529696140616575e-14 7.259930286269903123e-15 1.107827668590013016e-15 1.281471005755115271e-16 1.123678782504082925e-17 7.469170892076235762e-19 3.763565086214285176e-20 1.437551080432701155e-21 4.162401402258197677e-23 9.136112787600139930e-25 1.520112621729260272e-26 1.917285982431235332e-28 1.833136684521013781e-30 1.328616432149206649e-32
6.233306494447345748e-11 6.612725623385697555e-11 5.317889929880778587e-11 3.241865586234443062e-11 1.498123042287141691e-11 5.248035726652874761e-12 1.393615286186460996e-12 2.805342164358342304e-13 4.280806491235807482e-14 4.951789484323816081e-15 4.342057490159733639e-16 2.886195763610461342e-17 1.454296034306496946e-18 5.554905488532977301e-20 1.608412160764527657e-21 3.530326244297416731e-23 5.873935236506881380e-25 7.408670600900574799e-27 7.083505531512630309e-29 5.133966237136636796e-31
1.825865111008640832e-09 1.937004864940995853e-09 1.557720560637117138e-09 9.496098537361994080e-10 4.388313966827870113e-10 1.537258811701017983e-10 4.082189013941285227e-11 8.217430647612503131e-12 1.253937252450117491e-12 1.450482126065893214e-13 1.271878943918241217e-14 8.454267655555919788e-16 4.259935545418557264e-17 1.627147347158006743e-18 4.711373732509440244e-20 1.034105979817108842e-21 1.720597795442289272e-23 2.170153702724211754e-25 2.074906091196842112e-27 1.503845485832348587e-29
4.054298472654893870e-08 4.301082165438358148e-08 3.458888639547646331e-08 2.108590473857019987e-08 9.744167028533672719e-09 3.413453718337257845e-09 9.064422439819771329e-10 1.824664720460021990e-10 2.784343627994065430e-11 3.220767751607662004e-12 2.824182809912534611e-13 1.877253923998876868e-14 9.459105205125425792e-16 3.613049487934462262e-17 1.046151504437668897e-18 2.296212501820434770e-20 3.820554416674013622e-22 4.818784689697429346e-24 4.607289194432656471e-26 3.339260068861786801e-28
6.824322854681840488e-07 7.239716937328684609e-07 5.822110274778869792e-07 3.549245882847890183e-07 1.640168877579326971e-07 5.745632784700620960e-08 1.525752127964219307e-08 3.071333114212712553e-09 4.686694870633195029e-10 5.421297698027022917e-11 4.753753436131440561e-12 3.159852917586911235e-13 1.592186373834150086e-14 6.081598669143278026e-16 1.760915154457959446e-17 3.865057188332267275e-19 6.430877499305267171e-21 8.111130128058651981e-23 7.755134250662691236e-25 5.620747697625087282e-27
8.707635301422637583e-06 9.237665936707750001e-06 7.428841518343360868e-06 4.528733385131748165e-06 2.092807260563046700e-06 7.331258489733762502e-07 1.946814852343525036e-07 3.918930744813624359e-08 5.980084848202075156e-09 6.917416455828308588e-10 6.065649605999941042e-11 4.031879411098859486e-12 2.031582996653037539e-13 7.759941079602664403e-15 2.246875959458558095e-16 4.931699324871470772e-18 8.205610596757994098e-20 1.034956354520378823e-21 9.895323273284751080e-24 7.171908790723829552e-26
8.422435955502316409e-05 8.935106608970511176e-05 7.185526235992123218e-05 4.380404733944889199e-05 2.024261984929791363e-05 7.091139323775667233e-06 1.883051235322767249e-06 3.790574831131148800e-07 5.784220388079749165e-08 6.690851770885833234e-09 5.866982661378326091e-10 3.899824113527174738e-11 1.965042986446861335e-12 7.505781363023673567e-14 2.173284504164495783e-15 4.770172415091560545e-17 7.936853960304667391e-19 1.001058646916909223e-20 9.571223833250748672e-23 6.937008771911513005e-25
6.175498529058102200e-04 6.551398907892769805e-04 5.268571578972756995e-04 3.211800378664018659e-04 1.484229381666651187e-04 5.199365206774187869e-05 1.380690835206625461e-05 2.779325294678236508e-06 4.241106098883237813e-07 4.905866365449495793e-08 4.301789053282303953e-09 2.859429054006510432e-10 1.440808827333469728e-11 5.503389044650801800e-13 1.593495673888111626e-14 3.497585839582035619e-16 5.819460096362025061e-18 7.339962255809791547e-20 7.017812781931773566e-22 5.086353602845269327e-24
3.432441525149460427e-03 3.641373008747160814e-03 2.928356922246172674e-03 1.785170369378840651e-03 8.249585905506720421e-04 2.889890906163170969e-04 7.674101991696732938e-05 1.544793753648079172e-05 2.357275063361045816e-06 2.726759524007401387e-07 2.391003626580358620e-08 1.589316712976003808e-09 8.008247472606210239e-11 3.058872250884195447e-12 8.856905552585074899e-14 1.944014530497702780e-15 3.234549631048158513e-17 4.079669215582164560e-19 3.900613350498408414e-21 2.827077236898397589e-23
1.446209105341900343e-02 1.534239334482782185e-02 1.233820420133447011e-02 7.521554624793866557e-03 3.475842534950254054e-03 1.217613326058321170e-03 3.233370792888006612e-04 6.508762861747108752e-05 9.932034196211689527e-06 1.148880300743226338e-06 1.007414457123328726e-07 6.696353848235992188e-09 3.374158111028586701e-10 1.288811147660783529e-11 3.731727798259884859e-13 8.190821298260346942e-15 1.362830246000607990e-16 1.718909039856426282e-18 1.643466466238883484e-20 1.191147703915877274e-22
4.619083946451046224e-02 4.900245928300777515e-02 3.940730337259600036e-02 2.402328410975285850e-02 1.110158164146311105e-02 3.888966088379883050e-03 1.032714499389204366e-03 2.078850280703029919e-04 3.172217595772808924e-05 3.669437935327001345e-06 3.217606588931665920e-07 2.138765441725665023e-08 1.077680918054730426e-09 4.116366616817609341e-11 1.191886007479688597e-12 2.616087191492213380e-14 4.352778092592030534e-16 5.490067184671301470e-18 5.249109235099161482e-20 3.804436866485583322e-22
1.118349217252267019e-01 1.186422732686930742e-01 9.541096761106988844e-02 5.816395911274366975e-02 2.687858736261222042e-02 9.415767782704757144e-03 2.500356056365564579e-03 5.033207040965663416e-04 7.680412623615834550e-05 8.884257333928093921e-06 7.790306155665791366e-07 5.178270595142230325e-08 2.609226472448541763e-09 9.966338428160316737e-11 2.885734052404430650e-12 6.333937847388315642e-14 1.053872592305501839e-15 1.329227268830402095e-17 1.270887750125235929e-19 9.211109910632346879e-22
2.052559902424503091e-01 2.177498486940674383e-01 1.751123203279624785e-01 1.067511009972354347e-01 4.933155923322572051e-02 1.728120975378729177e-02 4.589023271004410987e-03 9.237686040742714485e-04 1.409622928340891813e-04 1.630570316063291068e-05 1.429792214816161116e-06 9.503928132222486759e-08 4.788838362001855988e-09 1.829169843914675586e-10 5.296325971934943642e-12 1.162497961230799675e-13 1.934222863360312355e-15 2.439594494386896217e-17 2.332521180458017108e-19 1.690559135530223730e-21
2.855690010751199548e-01 3.029514836686260093e-01 2.436306503548779645e-01 1.485209042593145234e-01 6.863411915564564258e-02 2.404303913824591687e-02 6.384626289655438540e-03 1.285222795098184701e-03 1.961183257372436917e-04 2.268583420103440520e-05 1.989244426180893579e-06 1.322264582779128097e-07 6.662625464580737033e-09 2.544891403687842713e-10 7.368683931646220027e-12 1.617362694985969572e-13 2.691049797348264037e-15 3.394164340672896699e-17 3.245195147304385880e-19 2.352044795484559597e-21
3.011779019649398204e-01 3.195104927529612837e-01 2.569472451561158888e-01 1.566389004911262484e-01 7.238558783581500178e-02 2.535720633981910707e-02 6.733603239529475579e-03 1.355471719717099089e-03 2.068379469061561583e-04 2.392581800989916201e-05 2.097974431808207251e-06 1.394538172507059471e-07 7.026797556618381907e-09 2.683992488000098013e-10 7.771448436002259322e-12 1.705766036783863786e-13 2.838139745550768141e-15 3.579685789422124050e-17 3.422574096811147274e-19 2.480605087263144193e-21
2.407864059143617341e-01 2.554429880146656950e-01 2.054247780700051706e-01 1.252300305884534448e-01 5.787099724538624645e-02 2.027263799488407403e-02 5.383396697837239744e-03 1.083675666706892691e-03 1.653632803645620198e-04 1.912826834099991331e-05 1.677293452937760322e-06 1.114908604773554732e-07 5.617800368842874383e-09 2.145804524403395434e-10 6.213135576831292441e-12 1.363729777810142171e-13 2.269042530528750021e-15 2.861895477437789291e-17 2.736287457911434360e-19 1.983199894673886569e-21
1.459276687111605575e-01 1.548102335264340823e-01 1.244968911157098151e-01 7.589517500792743177e-02 3.507249373958742922e-02 1.228615373855820349e-02 3.262586718214277592e-03 6.567574406081422029e-04 1.002177755940800012e-04 1.159261294209601322e-05 1.016517200803904842e-06 6.756860417547075697e-08 3.404646155155067578e-09 1.300456521068790021e-10 3.765446752155225162e-12 8.264831499607239450e-14 1.375144437366194485e-15 1.734440669653274360e-17 1.658316415913526109e-19 1.201910615007514780e-21
6.704094754345005236e-02 7.112170595678929397e-02 5.719538741574222568e-02 3.486716735383772747e-02 1.611273059989502474e-02 5.644408600316719142e-03 1.498872057393678186e-03 3.017223636439386194e-04 4.604126616880656770e-05 5.325787515189300460e-06 4.670003772279637015e-07 3.104183934492905383e-08 1.564135892169589727e-09 5.974455576623787855e-11 1.729892078852801103e-12 3.796964207777037246e-14 6.317580956673202008e-16 7.968231588870630323e-18 7.618507499750002584e-20 5.521723687104461099e-22
2.334745047390420283e-02 2.476860140393329773e-02 1.991866946927231541e-02 1.214272012536001324e-02 5.611364299954083035e-03 1.965702381592440099e-03 5.219920423117116286e-04 1.050767956028751204e-04 1.603417345698115553e-05 1.854740495200056946e-06 1.626359497911023310e-07 1.081052451197685293e-08 5.447206015878173797e-10 2.080643409661840505e-11 6.024462826996678465e-13 1.322317733274972311e-14 2.200139077766048922e-16 2.774989006012825550e-18 2.653195294117820096e-20 1.922976554466238214e-22
