2.206230055082022483e-11 3.031945125661125714e-10 3.158556838869128592e-09 2.494324058278128695e-08 1.493185878750257708e-07 6.775973393225645076e-07 2.330914423970581500e-06 6.078239186043331820e-06 1.201506327459256046e-05 1.800408927834435996e-05 2.045093050100296603e-05 1.760969391389075126e-05 1.149442791686399018e-05 5.687478060252385115e-06 2.133285232622454207e-06 6.065616369277529688e-07 1.307367758987588595e-07 2.136079546420065656e-08 2.645659151125665304e-09 2.483974777388370516e-10
1.923907718360200260e-10 2.643959371085243100e-09 2.754369095454005517e-08 2.175135497206531995e-07 1.302108921259925673e-06 5.908879484531141316e-06 2.032636732866645142e-05 5.300431501751720148e-05 1.047754422406116159e-04 1.570017879362316791e-04 1.783390764163298218e-04 1.535625260876771834e-04 1.002353246727363058e-04 4.959674496736488655e-05 1.860297349794548646e-05 5.289423975792561065e-06 1.140069194714142324e-06 1.862734086557498931e-07 2.307104850319750554e-08 2.166110571933023416e-09
1.271787337712339113e-09 1.747773044144804137e-08 1.820758711842100293e-07 1.437859912279837330e-06 8.607510758323197727e-06 3.906028359250007131e-05 1.343661982515519961e-04 3.503817570878604262e-04 6.926116022778625514e-04 1.037850641119544923e-03 1.178899471326605962e-03 1.015115612675473750e-03 6.625994349610724119e-04 3.278562253235552375e-04 1.229738095684264462e-04 3.496541113696801848e-05 7.536357134577956944e-06 1.231348885500681126e-06 1.525097439659028524e-07 1.431894041059969079e-08
6.372965623905162371e-09 8.758144697963860057e-08 9.123878132697774398e-07 7.205160423623702724e-06 4.313250222231339857e-05 1.957322873199531237e-04 6.733131688606668053e-04 1.755773805061651644e-03 3.470698127860330322e-03 5.200701612975816221e-03 5.907501656934862309e-03 5.086775683352082363e-03 3.320306230616847099e-03 1.642897669769785357e-03 6.162255573561189158e-04 1.752127549897098855e-04 3.776491833495604578e-05 6.170327291074763393e-06 7.642310367341575030e-07 7.175265258706225908e-08
2.420836587498971106e-08 3.326871408800900473e-07 3.465799018382606010e-06 2.736954347734201954e-05 1.638432492064403651e-04 7.435092395942518272e-04 2.557649374270394137e-03 6.669487515705433203e-03 1.318380406850521575e-02 1.975540037142390834e-02 2.244025308747145050e-02 1.932264100165193357e-02 1.261252496738350659e-02 6.240715897755618954e-03 2.340796206092697618e-03 6.655636840163427909e-04 1.434539293390247184e-04 2.343862331070293274e-05 2.903010253324807718e-06 2.725598361637235683e-07
6.970857301110492479e-08 9.579806406451778473e-07 9.979851806698717299e-06 7.881126010830834727e-05 4.717905850672649611e-04 2.140952775595355087e-03 7.364813018103415036e-03 1.920495005057432439e-02 3.796308157350540557e-02 5.688615151746995863e-02 6.461724962409681750e-02 5.564001048177304870e-02 3.631806963276125455e-02 1.797029184236278304e-02 6.740379093704513234e-03 1.916506669651983066e-03 4.130790470822533591e-04 6.749208074477760090e-05 8.359287993286107100e-06 7.848426175160736655e-07
1.521611317811864130e-07 2.091097439074169492e-06 2.178420071335964266e-05 1.720306415291454985e-04 1.029833007428037966e-03 4.673310374217021917e-03 1.607604683017835670e-02 4.192091172245071551e-02 8.286649989529772109e-02 1.241721186315972308e-01 1.410476991664093294e-01 1.214520194793679009e-01 7.927573812977829759e-02 3.922587749338293100e-02 1.471302118562861291e-02 4.183385361711271580e-03 9.016764022571026457e-04 1.473229324427077053e-04 1.824680476159893801e-05 1.713168636120695746e-06
2.517781781825609088e-07 3.460099812936658218e-06 3.604590938939828928e-05 2.846558842508611496e-04 1.704045411645381146e-03 7.732839249605962667e-03 2.660073394498960186e-02 6.936574838578861424e-02 1.371176471400504526e-01 2.054652817323347203e-01 2.333889891409925144e-01 2.009643845517782301e-01 1.311760808213260632e-01 6.490632566468192144e-02 2.434536090994702390e-02 6.922169496753761107e-03 1.491987074576746645e-03 2.437725002484744630e-04 3.019264648435199475e-05 2.834748092845765902e-06
3.158124617713164080e-07 4.340100670303779321e-06 4.521339960128505406e-05 3.570518946950666708e-04 2.137432164719348278e-03 9.699518113635598182e-03 3.336604996005514828e-02 8.700741231212456850e-02 1.719905275674500078e-01 2.577208910669614439e-01 2.927463839121590139e-01 2.520752889380094008e-01 1.645378535532098785e-01 8.141383276604302610e-02 3.053707202578405389e-02 8.682672205146409194e-03 1.871441418610216316e-03 3.057707144095621289e-04 3.787148704642873809e-05 3.555704390926336559e-06
3.002875030375732093e-07 4.126746569490785785e-06 4.299076354986011190e-05 3.394996553063638566e-04 2.032358584128751613e-03 9.222701532026388038e-03 3.172581529093380925e-02 8.273023313401590972e-02 1.635356812067232102e-01 2.450516437035202832e-01 2.783553256739954573e-01 2.396835725484491586e-01 1.564493716350962293e-01 7.741162719454809660e-02 2.903590649105307689e-02 8.255842538807510109e-03 1.779443621456855071e-03 2.907393958334350765e-04 3.600977053820862423e-05 3.380910262699397919e-06
2.164422668673023784e-07 2.974490690595565770e-06 3.098703150468314635e-05 2.447057378407876092e-04 1.464890461928437283e-03 6.647570764816554921e-03 2.286744306813138713e-02 5.963058407977203657e-02 1.178738149141117103e-01 1.766291727968176128e-01 2.006339160771779540e-01 1.727599558705202321e-01 1.127661201486239023e-01 5.579702086296287750e-02 2.092860128343134243e-02 5.950674789737807682e-03 1.282593538840982308e-03 2.095601490746842573e-04 2.595524717419243099e-05 2.436904213233349795e-06
1.182615885313884006e-07 1.625227822795452706e-06 1.693096095626602638e-05 1.337044270449230842e-04 8.003994578302366450e-04 3.632156925264508774e-03 1.249451034693835512e-02 3.258147172636959715e-02 6.440490944656422634e-02 9.650816755094850097e-02 1.096240857757563858e-01 9.439407150723536088e-02 6.161412322240048672e-02 3.048685646329206064e-02 1.143514928641945448e-02 3.251380904726564828e-03 7.007944960973043220e-04 1.145012777824986976e-04 1.418165132888161195e-05 1.331496696680300610e-06
4.898263704433535489e-08 6.731513211258436751e-07 7.012616062674289497e-06 5.537888931217956539e-05 3.315165694986038896e-04 1.504399074692625146e-03 5.175087473210595798e-03 1.349488387363792334e-02 2.667579847751692240e-02 3.997261157799635728e-02 4.540507929542796778e-02 3.909697646712025770e-02 2.551988580642793047e-02 1.262731748582790470e-02 4.736311882837678823e-03 1.346685874313567535e-03 2.902613001506515575e-04 4.742515807864498947e-05 5.873882537503310647e-06 5.514911496551750177e-07
1.537933069849491126e-08 2.113527854442114615e-07 2.201787163721467040e-06 1.738759494872580482e-05 1.040879638581896542e-04 4.723439216076932238e-04 1.624848853525504098e-03 4.237058156803849562e-03 8.375537765776215615e-03 1.255040662233161686e-02 1.425606647603972800e-02 1.227547895910295617e-02 8.012609914195507888e-03 3.964663872091244920e-03 1.487084222751040114e-03 4.228258962316376146e-04 9.113483457314611766e-05 1.489032101027372479e-05 1.844253137016944270e-06 1.731545151430539968e-07
3.660408273850276899e-09 5.030371605293627079e-08 5.240436082262100861e-07 4.138391823442737911e-06 2.477379878124558323e-05 1.124217713144624544e-04 3.867275048440795850e-04 1.008454986631338469e-03 1.993447461194980831e-03 2.987100878522875452e-03 3.393062071716960136e-03 2.921665814219913653e-03 1.907067622125214763e-03 9.436228874289248050e-04 3.539383799974354125e-04 1.006360705356255345e-04 2.169084656851594584e-05 3.544019911843538289e-06 4.389475442173700231e-07 4.121221087639372920e-08
6.604172987825038218e-10 9.075884925660922077e-09 9.454886949672174250e-08 7.466559314889826975e-07 4.469732348867680841e-06 2.028333371068066291e-05 6.977405660964034210e-05 1.819472223830016734e-04 3.596612970723167221e-04 5.389379942882335274e-04 6.121822267786571200e-04 5.271320848979222772e-04 3.440764945804029623e-04 1.702501010166408712e-04 6.385818503450441249e-05 1.815693684718783983e-05 3.913500688276224060e-06 6.394183058025872061e-07 7.919568795923529173e-08 7.435579571350350873e-09
9.032421006784603087e-11 1.241294160659124482e-09 1.293129656937069673e-08 1.021189289386323140e-07 6.113180929246534167e-07 2.774118876560651651e-06 9.542885321316311057e-06 2.488462850091942058e-05 4.919029621108181462e-05 7.370968128693052512e-05 8.372717697324799310e-05 7.209500607812196712e-05 4.705878788030280416e-05 2.328483205489661386e-05 8.733781096045337608e-06 2.483295003019168131e-06 5.352431847563323710e-07 8.745221162590960210e-08 1.083146666340331059e-08 1.016952239768653443e-09
9.364545910168296377e-12 1.286936929399641129e-10 1.340678432846675286e-09 1.058738734193992994e-08 6.337964475536945849e-08 2.876124082380943631e-07 9.893780154823647049e-07 2.579964395805976397e-06 5.099903855870369745e-06 7.642000897841834736e-06 8.680585106759565280e-06 7.474596166468700855e-06 4.878915400986645952e-06 2.414102250380606003e-06 9.054924917897702647e-07 2.574606525404079335e-07 5.549242415727108326e-08 9.066785639214987289e-09 1.122974302988184200e-09 1.054345886956411142e-10
7.359801370662964809e-13 1.011431869501299081e-11 1.053668492026846121e-10 8.320859187239419597e-10 4.981144850133120576e-09 2.260408797902257728e-08 7.775738134343808971e-08 2.027650425195382954e-07 4.008125941048375195e-07 6.006015584959959762e-07 6.822261621624883842e-07 5.874448546554216573e-07 3.834446282818722929e-07 1.897295738812001703e-07 7.116463463501331949e-08 2.023439557705813060e-08 4.361270939262797432e-09 7.125785063699073505e-10 8.825700566407027365e-11 8.286334840377965580e-12
4.384724220960762071e-14 6.025773784781481061e-13 6.277405496661061864e-12 4.957290418587214221e-11 2.967599989797718902e-10 1.346676181363034716e-09 4.632525474044744255e-09 1.208006504962882391e-08 2.387907772135009234e-08 3.578183796075680179e-08 4.064475964434230759e-08 3.499800542109442764e-08 2.284435223655188610e-08 1.130345529901886279e-08 4.239751610740264094e-09 1.205497810537189276e-09 2.598299785342626674e-10 4.245305109280059453e-11 5.258058076774712786e-12 4.936721964049899697e-13
