2.607934521105272409e-10 2.800405674685786053e-09 2.279512795494006512e-08 1.406565429357151459e-07 6.579223854103182978e-07 2.332846733307865919e-06 6.270390235409287564e-06 1.277614265106683109e-05 1.973339249630813165e-05 2.310471284614953462e-05 2.050672068017559432e-05 1.379712744956810621e-05 7.036844523610482004e-06 2.720595995518533903e-06 7.973462807998763285e-07 1.771441074895304948e-07 2.983343549062931227e-08 3.808698933585550726e-09 3.685927938537125538e-10 2.704044632657220807e-11
2.240867153291591807e-09 2.406247948907549810e-08 1.958670859100224003e-07 1.208591030217312261e-06 5.653196623419807809e-06 2.004498033224259252e-05 5.387831405711034988e-05 1.097789771209813677e-04 1.695591308375587580e-04 1.985271933945177312e-04 1.762039515258050006e-04 1.185517867159167741e-04 6.046407081223636006e-05 2.337671499954046127e-05 6.851196132356908016e-06 1.522110346943096701e-06 2.563437276502695210e-07 3.272623705840360741e-08 3.167132755835866392e-09 2.323449745121632335e-10
1.459594969174609504e-08 1.567316204199440342e-07 1.275785638614159579e-06 7.872190838727529939e-06 3.682225132881294607e-05 1.305635294228361541e-04 3.509378770171793158e-04 7.150483797825974352e-04 1.104428051366580007e-03 1.293112321707040688e-03 1.147709273251532958e-03 7.721903158027032879e-04 3.938343843530549954e-04 1.522648746001681850e-04 4.462545400305335970e-05 9.914307511105165837e-06 1.669701904051753502e-06 2.131632430788996854e-07 2.062920611039282310e-08 1.513385366967483636e-09
7.206849026180704253e-08 7.738729920629590934e-07 6.299278006186298150e-06 3.886947549022771390e-05 1.818123600966526374e-04 6.446662702652255746e-04 1.732779538601316154e-03 3.530599809084314887e-03 5.453188312219859647e-03 6.384829677582840382e-03 5.666892276936784031e-03 3.812741988701073836e-03 1.944583949173470019e-03 7.518181320221274059e-04 2.203412018518016680e-04 4.895256488316705875e-05 8.244266248760905320e-06 1.052507951345857976e-06 1.018581024923909566e-07 7.472442758783568237e-09
2.697461843468232697e-07 2.896540305197292307e-06 2.357765786595244996e-05 1.454851164907471637e-04 6.805080864744186874e-04 2.412930615715967123e-03 6.485645351442295356e-03 1.321473258974074395e-02 2.041081663293211820e-02 2.389787044207108274e-02 2.121069226308290590e-02 1.427076659459416974e-02 7.278411113179702845e-03 2.813990853686570807e-03 8.247182400796733729e-04 1.832252561869262956e-04 3.085758221469350233e-05 3.939447084833622766e-06 3.812461506036435484e-07 2.796871302020496015e-08
7.653533993094294496e-07 8.218381194853878799e-06 6.689711159087230517e-05 4.127862965874537623e-04 1.930812027988139433e-03 6.846230850337361312e-03 1.840178287771291818e-02 3.749428572275667615e-02 5.791180301779874640e-02 6.780565376071780170e-02 6.018129770608525442e-02 4.049058098957585700e-02 2.065110466912604970e-02 7.984162855573772796e-03 2.339980860325755700e-03 5.198667517821246300e-04 8.755250977756426887e-05 1.117743046144611211e-05 1.081713307807053040e-06 7.935589389765488698e-08
1.646135345768992623e-06 1.767623660136463112e-05 1.438834661464223565e-04 8.878279154111011918e-04 4.152823947963129800e-03 1.472499187722049740e-02 3.957887329892559314e-02 8.064335906560478329e-02 1.245577088581900915e-01 1.458375743796303803e-01 1.294389773372930097e-01 8.708784281588508036e-02 4.441675356207525766e-02 1.717247574100369892e-02 5.032871358617751339e-03 1.118138412883284060e-03 1.883094542804342089e-04 2.404061100932354400e-05 2.326567715746142195e-06 1.706800308953880134e-07
2.683897243655548970e-06 2.881974608864479353e-05 2.345909400405897375e-04 1.447535223113237098e-03 6.770860473880568539e-03 2.400796824738641103e-02 6.453031290957134125e-02 1.314828028397579951e-01 2.030817771696519225e-01 2.377769634221979234e-01 2.110403105006321001e-01 1.419900386017604321e-01 7.241810508703493132e-02 2.799840269907515403e-02 8.205710181599316921e-03 1.823038799377052965e-03 3.070241013878712228e-04 3.919636972109179744e-05 3.793289959734171589e-06 2.782806806527685938e-07
3.317134245126640317e-06 3.561945857371554594e-05 2.899401766012469511e-04 1.789065759118232089e-03 8.368372969559969426e-03 2.967239294185849974e-02 7.975555372214113148e-02 1.625047713641044611e-01 2.509967619673465489e-01 2.938779083046084151e-01 2.608330265693472039e-01 1.754910776208542245e-01 8.950438654804664107e-02 3.460432794940034029e-02 1.014176020088373813e-02 2.253165409332740995e-03 3.794631717739662216e-04 4.844433615848417902e-05 4.688276370071102604e-06 3.439380467089592188e-07
3.107828398503071094e-06 3.337192790955936626e-05 2.716454168329718853e-04 1.676178581299723374e-03 7.840342067033552464e-03 2.780011257359571789e-02 7.472310629579143049e-02 1.522509811231145538e-01 2.351592691554318937e-01 2.753346839861996465e-01 2.443748812489729139e-01 1.644178722990381203e-01 8.385680341797448201e-02 3.242085039827934112e-02 9.501831410477456358e-03 2.110994288499697807e-03 3.555196547012703522e-04 4.538757630359888860e-05 4.392453656147280714e-06 3.222361080074318364e-07
2.207231234578094297e-06 2.370129627348377938e-05 1.929270770073791158e-04 1.190449807704172533e-03 5.568340873797416983e-03 1.974410068032815199e-02 5.306958847541621421e-02 1.081311700452839697e-01 1.670140102427902229e-01 1.955472556817322849e-01 1.735590906817284507e-01 1.167722978000037132e-01 5.955649154412133439e-02 2.302582526278921723e-02 6.748358141332021047e-03 1.499263129147280355e-03 2.524959507870612658e-04 3.223500889796668576e-05 3.119593382618821185e-06 2.288574243177221366e-07
1.188325605026344358e-06 1.276026579946431187e-05 1.038677696832159523e-04 6.409124544053313886e-04 2.997874411247657220e-03 1.062979719527972107e-02 2.857151975995962309e-02 5.821548556095441224e-02 8.991673444109091196e-02 1.052784172672572016e-01 9.344046432978748984e-02 6.286768203514941922e-02 3.206392820956175532e-02 1.239660680221620938e-02 3.633170211441707261e-03 8.071708741373361494e-04 1.359383642208605554e-04 1.735463228845973905e-05 1.679521672112115634e-06 1.232118923276798147e-07
4.849756080902439972e-07 5.207678467343262696e-06 4.239017871030247584e-05 2.615671209920161409e-04 1.223482822740980074e-03 4.338198501194851821e-03 1.166051636945216949e-02 2.375871595358478028e-02 3.669652726374629526e-02 4.296588764645410674e-02 3.813462052563346832e-02 2.565735535383398963e-02 1.308582682677228437e-02 5.059263131864588300e-03 1.482757692955913049e-03 3.294199703025081118e-04 5.547872617736230818e-05 7.082716480801366469e-06 6.854409606155537357e-07 5.028483956991017871e-08
1.500379621724609417e-07 1.611110851464089982e-06 1.311434209003915914e-05 8.092159100433963094e-05 3.785115507147496228e-04 1.342117936986598646e-03 3.607439394406978042e-03 7.350285800037342603e-03 1.135288471752195390e-02 1.329245041990920716e-02 1.179779076811109627e-02 7.937672014439959428e-03 4.048390800852999169e-03 1.565195275260060966e-03 4.587239830941100441e-04 1.019133750617491938e-04 1.716357458131481366e-05 2.191195453332982843e-06 2.120563657320162263e-07 1.555673054764134833e-08
3.518675660956911106e-08 3.778361461370730617e-07 3.075562721162670577e-06 1.897765262804547562e-05 8.876815984478267493e-05 3.147521900877459566e-04 8.460131697127791549e-04 1.723781859682957602e-03 2.662467455488166674e-03 3.117332513037544741e-03 2.766806388712347159e-03 1.861535102014015607e-03 9.494246636480866081e-04 3.670680699709743438e-04 1.075795012834903790e-04 2.390062535930456732e-05 4.025184777228066334e-06 5.138770214154094549e-07 4.973125214767665206e-08 3.648349281039342326e-09
6.255386326119219119e-09 6.717047235370003791e-08 5.467634657140004173e-07 3.373784917676453662e-06 1.578091267260507818e-05 5.595561329615475547e-05 1.504014499619694164e-04 3.064482922913308051e-04 4.733247425899106886e-04 5.541891624850371059e-04 4.918737763475406009e-04 3.309376124641922701e-04 1.687856066009067843e-04 6.525615904669553209e-05 1.912513133183924735e-05 4.248974883284165943e-06 7.155841640922445580e-07 9.135537352125945965e-08 8.841059098375736769e-09 6.485915840084566967e-10
8.429966627077606338e-10 9.052116220262642334e-09 7.368366282396835064e-08 4.546624745492677765e-07 2.126688268946911801e-06 7.540764520244815304e-06 2.026859953556317602e-05 4.129799091950763678e-05 6.378681628570916757e-05 7.468437441393462170e-05 6.628654575706810015e-05 4.459825314176296549e-05 2.274610961813160071e-05 8.794136993233366096e-06 2.577366296190098983e-06 5.726059846346534454e-07 9.643450152670645370e-08 1.231135392506130163e-08 1.191450523785089247e-09 8.740635866029271337e-11
8.611809089779022774e-11 9.247379046198957513e-10 7.527309007813233143e-09 4.644699800504633606e-08 2.172562973952426085e-07 7.703426040945062428e-07 2.070581266084612811e-06 4.218882817968162250e-06 6.516275907106005045e-06 7.629538797656514474e-06 6.771641010382816538e-06 4.556028022232459179e-06 2.323676501130382166e-06 8.983834959895134188e-07 2.632962558348175171e-07 5.849576447312760433e-08 9.851468618493194720e-09 1.257692163320982438e-09 1.217151253932235857e-10 8.929179762080979291e-12
6.668985165318577421e-12 7.161170554787711474e-11 5.829148275877960760e-10 3.596855636719459946e-09 1.682432819046723085e-08 5.965533310552020549e-08 1.603458182032129451e-07 3.267102955247823363e-07 5.046204218482959463e-07 5.908315027580277306e-07 5.243958960574763200e-07 3.528188209502406957e-07 1.799455138111466452e-07 6.957082008043958591e-08 2.038966268226202757e-08 4.529912140856195776e-09 7.628977534036167429e-10 9.739568413888645287e-11 9.425619601875395911e-12 6.914757021548061417e-13
3.914911316194827860e-13 4.203840156660531068e-12 3.421899731864522490e-11 2.111471308729399597e-10 9.876428150232571563e-10 3.501962185501682442e-09 9.412821330789241249e-09 1.917895753793035432e-08 2.962286091368940930e-08 3.468373191382416697e-08 3.078374560372066290e-08 2.071161294356593308e-08 1.056338724490322265e-08 4.084033538210105708e-09 1.196939552112046737e-09 2.659205840467497914e-10 4.478458076997022957e-11 5.717443606963667625e-12 5.533145437693748173e-13 4.059187393784371569e-14
