1.465982028168107236e-13 6.453479166523983268e-12 2.153555149765448760e-10 5.447721570461052737e-09 1.044649564086118588e-07 1.518529283113837813e-06 1.673295081405280511e-05 1.397715293437293185e-04 8.850375949663703097e-04 4.248166606087086170e-03 1.545746179076186444e-02 4.263552763751284752e-02 8.914601245402067886e-02 1.412957245904201964e-01 1.697668691705291055e-01 1.546228512836724245e-01 1.067557399100707433e-01 5.587346586856675734e-02 2.216750463960805856e-02 6.666913550828006477e-03
2.237961410507065122e-13 9.851851564810455163e-12 3.287607370327983991e-10 8.316466652127826683e-09 1.594757211893780499e-07 2.318179807825054783e-06 2.554444562499694346e-05 2.133745727767900619e-04 1.351094315158678184e-03 6.485231569794832132e-03 2.359728995814510885e-02 6.508720007201861113e-02 1.360898919217874425e-01 2.157014022185090585e-01 2.591653203695878926e-01 2.360465324311264157e-01 1.629728207291981645e-01 8.529617558913013542e-02 3.384081045841459690e-02 1.017767951260911859e-02
2.589842541931610892e-13 1.140088661920253299e-11 3.804527365337448993e-10 9.624088705513545080e-09 1.845505490856058359e-07 2.682673909373568494e-06 2.956087253295695247e-05 2.469240726624535105e-04 1.563530773645952898e-03 7.504923246164062374e-03 2.730755996103307465e-02 7.532104838373210320e-02 1.574876983897875449e-01 2.496167562126213602e-01 2.999146316532855794e-01 2.731608099654679322e-01 1.885975076788478366e-01 9.870753944535023972e-02 3.916169875278984608e-02 1.177794543558671053e-02
2.271909077476894178e-13 1.000129443473134311e-11 3.337477131089481418e-10 8.442619247497269226e-09 1.618948105656706056e-07 2.353344308751098616e-06 2.593192966691785305e-05 2.166112545633695871e-04 1.371589083138365431e-03 6.583606135379382711e-03 2.395523756936335583e-02 6.607450869211804745e-02 1.381542413369429845e-01 2.189733797124284453e-01 2.630966026270610270e-01 2.396271254810036500e-01 1.654449576558107704e-01 8.659003443276579171e-02 3.435414217094448497e-02 1.033206487108651560e-02
1.510794351637148714e-13 6.650749931345277504e-12 2.219385295105158752e-10 5.614248210279301063e-09 1.076582543671221898e-07 1.564947877697253775e-06 1.724444576423844825e-05 1.440440830751968870e-04 9.120915357554377004e-04 4.378025098513659702e-03 1.592996743166905094e-02 4.393881582185233531e-02 9.187103900230435272e-02 1.456148701143600843e-01 1.749563242316548584e-01 1.593493820966647156e-01 1.100190628274772403e-01 5.758141301780124455e-02 2.284512371632547306e-02 6.870708604818660976e-03
7.615818362837413979e-14 3.352600795660373550e-12 1.118778030005019410e-10 2.830106861800160011e-09 5.426984219471494610e-08 7.888802847942210039e-07 8.692815575192364865e-06 7.261170732822753765e-05 4.597795496830882215e-04 2.206934643493502646e-03 8.030195397145908562e-03 2.214927796193944670e-02 4.631160720772549422e-02 7.340353109722710934e-02 8.819437174451283390e-02 8.032701134760651673e-02 5.545991074402022158e-02 2.902642455234815885e-02 1.151608175603437839e-02 3.463480565808342571e-03
2.910211966170242861e-14 1.281120227463989318e-12 4.275156070287290211e-11 1.081461041001349060e-09 2.073798725661679330e-08 3.014526785311340373e-07 3.321761982938194501e-06 2.774691431479069624e-05 1.756943093361239923e-04 8.433299354132153943e-04 3.068556735740278225e-03 8.463843371239706051e-03 1.769692855677368684e-02 2.804949177893890574e-02 3.370147550421923738e-02 3.069514246442750505e-02 2.119274491597101726e-02 1.109178870120917752e-02 4.400609013122486375e-03 1.323490412586237177e-03
8.430037102380034118e-15 3.711032452506657848e-13 1.238388293015451622e-11 3.132677896454842689e-10 6.007191367301838499e-09 8.732206774524139563e-08 9.622177726901132786e-07 8.037473554136367342e-06 5.089352815525869278e-05 2.442881387240260845e-04 8.888715816494411302e-04 2.451729100068931154e-03 5.126285166372101382e-03 8.125121439540061372e-03 9.762336634172870398e-03 8.891489446333607910e-03 6.138921426332301368e-03 3.212968380650358963e-03 1.274728359477869276e-03 3.833766547743476939e-04
1.851105492416139196e-15 8.148852101054402500e-14 2.719308756419998481e-12 6.878875133848463175e-11 1.319086120139112883e-09 1.917457269158571276e-08 2.112881096839086994e-07 1.764904621476786338e-06 1.117542999544295105e-05 5.364188909637074878e-05 1.951824229076475569e-04 5.383617115721539602e-04 1.125652771383851532e-03 1.784150738676393028e-03 2.143657820584289088e-03 1.952433275201293558e-03 1.348011999447371739e-03 7.055180593098589210e-04 2.799105910105543745e-04 8.418357151910534672e-05
3.081269408477113569e-16 1.356422353888126222e-14 4.526442667740328998e-13 1.145027530926707128e-11 2.195693182146154008e-10 3.191715680022506348e-09 3.517009654021535344e-08 2.937783201074196278e-07 1.860213300247443694e-06 8.928994731134004027e-06 3.248921421505767293e-05 8.961334075009816554e-05 1.873712472488748898e-04 2.969819447739806013e-04 3.568239245072810963e-04 3.249935213102432747e-04 2.243841938330496798e-04 1.174374568162595776e-04 4.659269526902151123e-05 1.401282988359539893e-05
3.887988703185799440e-17 1.711552639362426141e-15 5.711528472445560374e-14 1.444811704173583959e-12 2.770556272801065035e-11 4.027351348625382336e-10 4.437811820742204186e-09 3.706935805990003349e-08 2.347243080069584652e-07 1.126673005286232085e-06 4.099534350875164367e-06 1.130753628788729980e-05 2.364276523828884790e-05 3.747359588728921075e-05 4.502454033048667399e-05 4.100813567247602514e-05 2.831311044714925092e-05 1.481842204957186849e-05 5.879131255402490307e-06 1.768158413451101887e-06
3.718922568217462551e-18 1.637127117165111946e-16 5.463167142895741644e-15 1.381985202033422604e-13 2.650080809389633297e-12 3.852225138481396619e-11 4.244837059361121604e-10 3.545742614049684419e-09 2.245175058356111019e-08 1.077680514587684652e-07 3.921269319573909534e-07 1.081583695382269342e-06 2.261467816192320530e-06 3.584408600346738235e-06 4.306668355838147861e-06 3.922492910227142938e-06 2.708193707766170001e-06 1.417405460575762262e-06 5.623481850478056761e-07 1.691271433628101440e-07
2.696535219725269888e-19 1.187056425517089383e-17 3.961260914105397057e-16 1.002056832876859577e-14 1.921534021361031944e-13 2.793190922822872608e-12 3.077867963798107991e-11 2.570965021046017767e-10 1.627942907724443922e-09 7.814100481770009968e-09 2.843253827499667659e-08 7.842401862851489828e-08 1.639756543132524519e-07 2.599001150312730237e-07 3.122700913549872620e-07 2.844141034810512905e-07 1.963670816176786102e-07 1.027739533416921439e-07 4.077502714601622940e-08 1.226315660849963547e-08
1.482149041430845347e-20 6.524648854331370074e-19 2.177304796077137475e-17 5.507799651357723833e-16 1.056170075956646678e-14 1.535275793363101760e-13 1.691748366134394120e-12 1.413129453537720762e-11 8.947978882448106137e-11 4.295015861086991204e-10 1.562792840288791265e-09 4.310571699013453591e-09 9.012912461908937898e-09 1.428539495955900458e-08 1.716390771326434676e-08 1.563280493279822821e-08 1.079330541129987365e-08 5.648964468002250212e-09 2.241197035243681412e-09 6.740437016823317394e-10
6.175533434456087824e-22 2.718565138976207517e-20 9.071974672800356150e-19 2.294883979036867126e-17 4.400646246915662834e-16 6.396891761891863753e-15 7.048851570057729176e-14 5.887955896197909290e-13 3.728271665987065475e-12 1.789564565386482319e-11 6.511544498261103938e-11 1.796046072612173390e-10 3.755326940441255996e-10 5.952163495784508853e-10 7.151526802382507668e-10 6.513576356911175945e-10 4.497146816721665503e-10 2.353701818578541289e-10 9.338188560976068714e-11 2.808475598381979195e-11
1.950535669250485868e-23 8.586559086811955070e-22 2.865373554793588601e-20 7.248366647855696092e-19 1.389939438182037085e-17 2.020451461615907666e-16 2.226372273840808649e-15 1.859704609553180924e-14 1.177570641685664171e-13 5.652320652556755561e-13 2.056664406495716830e-12 5.672792424215665052e-12 1.186116021355996939e-11 1.879984511615057879e-11 2.258802136803035276e-11 2.057306166890004759e-11 1.420419040552809863e-11 7.434142168678174940e-12 2.949456928326871630e-12 8.870540316888675265e-13
4.670142531497598565e-25 2.055868827353807165e-23 6.860527145351854854e-22 1.735467128322095491e-20 3.327914166755088593e-19 4.837541016281308585e-18 5.330574575447943743e-17 4.452666890441323501e-16 2.819442281561737418e-15 1.353327883068703464e-14 4.924245205668915444e-14 1.358229413095894242e-13 2.839902374486647394e-13 4.501222799798351481e-13 5.408220980329496726e-13 4.925781764348485376e-13 3.400891087720384042e-13 1.779947122960571165e-13 7.061846887984644753e-14 2.123862088981158867e-14
8.476238993256084260e-27 3.731371238009710513e-25 1.245175437612939501e-23 3.149846936230571767e-22 6.040114543873061611e-21 8.780064744732808774e-20 9.674913296143423059e-19 8.081523950541164091e-18 5.117245661139328725e-17 2.456269909485855754e-16 8.937431554419859735e-16 2.465166113330359812e-15 5.154380424433208047e-15 8.169652201332088801e-15 9.815840362138619766e-15 8.940220385490325845e-15 6.172566566251775392e-15 3.230577462639927153e-15 1.281714670433075784e-15 3.854777993070683338e-16
1.166200090991427830e-28 5.133792806870994264e-27 1.713169850212881430e-25 4.333704826590899617e-24 8.310268429509581350e-23 1.208001840481927204e-21 1.331119235226103242e-20 1.111893373224739254e-19 7.040542816683553185e-19 3.379449534423207861e-18 1.229653092637766504e-17 3.391689342363018265e-17 7.091634538338291812e-17 1.124018464809937327e-16 1.350508631551227650e-16 1.230036792890985991e-16 8.492502036505502605e-17 4.444777611725065919e-17 1.763442213549384387e-17 5.303581517519157622e-18
1.216297370710480261e-30 5.354328764852905085e-29 1.786763695604686664e-27 4.519870840977783219e-26 8.667258490880225800e-25 1.259894827432643816e-23 1.388301062925868078e-22 1.159657760971301779e-21 7.342988379486971207e-21 3.524622931278684298e-20 1.282476167695916350e-19 3.537388533279741337e-19 7.396274884258979486e-19 1.172303718666402487e-18 1.408523383222432807e-18 1.282876350831500799e-18 8.857320435443951328e-19 4.635715058072058427e-19 1.839195644305378736e-19 5.531411208880256199e-20
