9.857266521046814712e-08 7.488668265701004839e-07 4.312702547673373663e-06 1.882743849696186968e-05 6.230598830104281760e-05 1.563022249693572525e-04 2.972332230155867294e-04 4.284758614692959567e-04 4.682224034461618585e-04 3.878598620413181578e-04 2.435534617409381591e-04 1.159339396753920388e-04 4.183345183397455658e-05 1.144283479005300832e-05 2.372686577987291515e-06 3.729442698275844659e-07 4.443695824457854930e-08 4.013668753180668140e-09 2.748119102235744954e-10 1.426350943782948098e-11
5.681150070982777662e-07 4.316029008489835802e-06 2.485588710879280477e-05 1.085103089432137743e-04 3.590951600054043016e-04 9.008343180976813216e-04 1.713077902913509500e-03 2.469483467453400388e-03 2.698559215066656004e-03 2.235396677225485931e-03 1.403699254253998503e-03 6.681752067978189054e-04 2.411034715847371610e-04 6.594978591778022457e-05 1.367477331790851357e-05 2.149431955075715953e-06 2.561085549897831227e-07 2.313243176832776747e-08 1.583854611154181163e-09 8.220649962357209010e-11
2.482063244492844844e-06 1.885649354494933514e-05 1.085940047898184009e-04 4.740755764438432510e-04 1.568867019509141095e-03 3.935695629214802128e-03 7.484343213343345666e-03 1.078903755553934501e-02 1.178985690769778286e-02 9.766325233586016161e-03 6.132684899667080643e-03 2.919220758038126775e-03 1.053367817190187196e-03 2.881309903161508013e-04 5.974433311049754200e-05 9.390750086819865569e-06 1.118924201962418537e-06 1.010643231221184784e-07 6.919773753285555537e-09 3.591556790873263075e-10
8.220273069595373871e-06 6.245027253776454603e-05 3.596493260491651772e-04 1.570077113321302230e-03 5.195885052027549716e-03 1.303451588622562933e-02 2.478717860907135237e-02 3.573189968524549676e-02 3.904648418921888298e-02 3.234480849135688146e-02 2.031066075246130281e-02 9.668082324150393744e-03 3.488618236960451448e-03 9.542526466506932219e-04 1.978655191880522547e-04 3.110095208623860080e-05 3.705732521005749306e-06 3.347119923317612959e-07 2.291739743458830614e-08 1.189477247666604828e-09
2.063747049062323634e-05 1.567850174462552938e-04 9.029204127981024309e-04 3.941769308615704522e-03 1.304456962999247550e-02 3.272390523819689034e-02 6.222964404705558228e-02 8.970699867084351575e-02 9.802845457751387104e-02 8.120351052986297946e-02 5.099108732462236115e-02 2.427227927543663608e-02 8.758377648622958644e-03 2.395706404047980454e-03 4.967528181586640173e-04 7.808073715751010716e-05 9.303455603107282592e-06 8.403137956759442436e-07 5.753545037664792700e-08 2.986251355661536908e-09
3.927566122593975780e-05 2.983812979076105420e-04 1.718369325502207409e-03 7.501674978352538582e-03 2.482543090048507095e-02 6.227764282978087707e-02 1.184307165412287755e-01 1.707235240381185515e-01 1.865602848100105515e-01 1.545403333890661701e-01 9.704235178502723658e-02 4.619315232632748708e-02 1.666827693696534135e-02 4.559325871111702226e-03 9.453821100747386401e-04 1.485973090676677400e-04 1.770562776403407853e-05 1.599221182530459090e-06 1.094970848535832297e-07 5.683206022451053941e-09
5.666140833515977794e-05 4.304626334120628174e-04 2.479021943457143662e-03 1.082236316025036310e-02 3.581464534121336224e-02 8.984543710746949186e-02 1.708552059955181501e-01 2.462959249060953371e-01 2.691429793106119850e-01 2.229490901257279445e-01 1.399990770025306974e-01 6.664099303620700521e-02 2.404664915342418288e-02 6.577555077430447157e-03 1.363864543579507149e-03 2.143753292440616135e-04 2.554319324624616634e-05 2.307131735359530686e-06 1.579670167920913523e-07 8.198931527555291200e-09
6.196522681826407497e-05 4.707562960381632389e-04 2.711071989335906828e-03 1.183539568885739850e-02 3.916709250953904348e-02 9.825546262491656468e-02 1.868481900409096064e-01 2.693505738675758265e-01 2.943362378300898863e-01 2.438183473458377104e-01 1.531037581963231586e-01 7.287895536335470270e-02 2.629754735705238516e-02 7.193250296069484025e-03 1.491529742649381129e-03 2.344420354374670504e-04 2.793417618220821714e-05 2.523091915321440144e-06 1.727535956647320542e-07 8.966396471602055458e-09
5.136952406694384192e-05 3.902596362621566276e-04 2.247494037451982542e-03 9.811610073883625036e-03 3.246974157299385016e-02 8.145433513577757245e-02 1.548982080437141529e-01 2.232931516141458128e-01 2.440064085834986463e-01 2.021267911869052414e-01 1.269238828814780451e-01 6.041706685737676524e-02 2.180081573527826305e-02 5.963245245389453379e-03 1.236486606210673639e-03 1.943537754978179809e-04 2.315759030287682286e-05 2.091657491182038691e-06 1.432137094596235073e-07 7.433193469824624891e-09
3.228195737893021372e-05 2.452493997825210079e-04 1.412384250083264462e-03 6.165873326196800140e-03 2.040483793850782213e-02 5.118804238395403827e-02 9.734210002847973331e-02 1.403232779424056498e-01 1.533400323470616999e-01 1.270217814308007842e-01 7.976229976763284102e-02 3.796767076736221047e-02 1.370020488169248866e-02 3.747459848000563292e-03 7.770406412427131176e-04 1.221370143293212037e-04 1.455283763544264509e-05 1.314452473681947012e-06 8.999925439895382079e-08 4.671213898526914211e-09
1.537839447633755182e-05 1.168312680259664589e-04 6.728279173097156821e-04 2.937282618533838992e-03 9.720403362186408325e-03 2.438482583356962885e-02 4.637157517499571752e-02 6.684683636375525484e-02 7.304772380334580151e-02 6.051030422352648985e-02 3.799695587749994663e-02 1.808693975877973675e-02 6.526467791411675982e-03 1.785205127134035282e-03 3.701645896161184367e-04 5.818331163971808860e-05 6.932642753998482325e-06 6.261754336455467480e-07 4.287360956701799148e-08 2.225260667179471392e-09
5.553399969012604960e-06 4.218975922573832757e-05 2.429696117424904559e-04 1.060702742919354029e-03 3.510203084815912474e-03 8.805775611809778247e-03 1.674556498964363538e-02 2.413953027165936099e-02 2.637877625847930355e-02 2.185130067491315720e-02 1.372134743437374363e-02 6.531501767007708535e-03 2.356818592887281044e-03 6.446679536645862378e-04 1.336727331105169443e-04 2.101098405000815315e-05 2.503495284535031838e-06 2.261226059166481391e-07 1.548239007701925784e-08 8.035794984433597998e-10
1.520210505786913259e-06 1.154919789128593416e-05 6.651149897700857035e-05 2.903611233299478104e-04 9.608974028088169538e-04 2.410529166163328119e-03 4.583999705520937738e-03 6.608054116127804779e-03 7.221034505294716098e-03 5.981664752488177056e-03 3.756137976677385772e-03 1.787960107353176592e-03 6.451651970204132832e-04 1.764740521794801696e-04 3.659212272585309181e-05 5.751633029850491782e-06 6.853170767411573553e-07 6.189973044054344228e-08 4.238213019250705266e-09 2.199751508238248226e-10
3.154607452088828740e-07 2.396588208988867403e-06 1.380188266847037197e-05 6.025319256555173463e-05 1.993969977219974812e-04 5.002118615882129643e-04 9.512313969915619930e-04 1.371245408395104512e-03 1.498445720213057537e-03 1.241262583850427561e-03 7.794407950211351384e-04 3.710217931808236177e-04 1.338790207409756925e-04 3.662034685239404734e-05 7.593276233739265234e-06 1.193528419161569579e-06 1.422109865115232804e-07 1.284488892733640799e-08 8.794767779313217636e-10 4.564731314654337408e-11
4.962308265315419958e-08 3.769917385489033905e-07 2.171084595559229762e-06 9.478038710702312028e-06 3.136584772916096618e-05 7.868508183242906712e-05 1.496320380652496488e-04 2.157017165273352681e-04 2.357107721157563457e-04 1.952549619189292325e-04 1.226087733006626425e-04 5.836303054740595752e-05 2.105963994776524693e-05 5.760509116404483412e-06 1.194449007928308461e-06 1.877462102415499340e-07 2.237028741301912149e-08 2.020546120531549261e-09 1.383447845909254797e-10 7.180482603835397799e-12
5.917237133284869007e-09 4.495386813985846482e-08 2.588880355970644485e-07 1.130195860698192542e-06 3.740177936893108365e-06 9.382695777059181559e-06 1.784266927061838994e-05 2.572105839675614331e-05 2.810701107038033740e-05 2.328291289762048210e-05 1.462031674477345139e-05 6.959420356449759631e-06 2.511228179505389864e-06 6.869040903497365721e-07 1.424304506217411655e-07 2.238754199612777361e-08 2.667514557444729145e-09 2.409372794812457027e-10 1.649673605123535465e-11 8.562269014059353254e-13
5.348734335912354544e-10 4.063489304817803649e-09 2.340151820797845345e-08 1.021611483578754220e-07 3.380837661710614502e-07 8.481246557431202673e-07 1.612842203589452060e-06 2.324988928175061638e-06 2.540660984268427292e-06 2.104599035841346530e-06 1.321565933783568539e-06 6.290789059171247820e-07 2.269960132825479275e-07 6.209092876919534440e-08 1.287463430246311428e-08 2.023664285782876799e-09 2.411231185022687146e-10 2.177890577197878151e-11 1.491180031494570338e-12 7.739642883535067736e-14
3.665049973716583078e-11 2.784376720643336851e-10 1.603514557027434469e-09 7.000267550959205986e-09 2.316611408421892793e-08 5.811504277505836214e-08 1.105148789347416487e-07 1.593124667435147880e-07 1.740907079847964136e-07 1.442109507889501749e-07 9.055609956840359885e-08 4.310562990793841443e-08 1.555417936780105080e-08 4.254583281986084366e-09 8.821933404887269681e-10 1.386651546258667768e-10 1.652219429175400284e-11 1.492330204011739010e-12 1.021783657965813014e-13 5.303343962406278182e-15
1.903731049420411557e-12 1.446284349295479387e-11 8.329110032066414397e-11 3.636137784363485734e-10 1.203313760871344047e-09 3.018660377421345952e-09 5.740456691171863244e-09 8.275141994635171495e-09 9.042765817191761299e-09 7.490726365320616116e-09 4.703741004872522743e-09 2.239028844055626501e-09 8.079282526319790883e-10 2.209951393390816034e-10 4.582362767013611112e-11 7.202661961693606995e-12 8.582096970937837812e-13 7.751586924431764364e-14 5.307434521792704074e-15 2.754707477221919736e-16
7.495974579907327625e-14 5.694770130968524183e-13 3.279601763738062476e-12 1.431735665020928919e-11 4.738069154196129302e-11 1.188602847099272175e-10 2.260314945600310694e-10 3.258351753825409924e-10 3.560604987682540487e-10 2.949486716444521906e-10 1.852106315843657069e-10 8.816215559351221518e-11 3.181231742772733123e-11 8.701722584569783042e-12 1.804313420632889223e-12 2.836060849506982200e-13 3.379215817068027733e-14 3.052201021629211541e-15 2.089811702760895402e-16 1.084670927157634719e-17
