4.857036137461161612e-21 1.870202337011686321e-20 5.458869037825155830e-20 1.207851588636979825e-19 2.025915343939441367e-19 2.575881215352034492e-19 2.482716838317579480e-19 1.813950229394471392e-19 1.004662896254786016e-19 4.218054427614485299e-20 1.342458332105518697e-20 3.238815951291101833e-21 5.923365666708987924e-22 8.211975355594460731e-23 8.630253456325362868e-24 6.875373293948587893e-25 4.152081167279963182e-26 1.900781542273093027e-27 6.596224021670993933e-29 1.735223445061935937e-30
5.140836181743738192e-19 1.979479577501548859e-18 5.777834602589796383e-18 1.278427208138368773e-17 2.144291005155604130e-17 2.726391769997750147e-17 2.627783732759902507e-17 1.919940619595198251e-17 1.063366057272485797e-17 4.464518320298025659e-18 1.420899118485627405e-18 3.428062249730214211e-19 6.269472096831744381e-20 8.691806862630217797e-21 9.134525247548900474e-22 7.277106200614077654e-23 4.394690195870566398e-24 2.011845547275654366e-25 6.981646039639868408e-27 1.836613773775079399e-28
4.124706151084120697e-17 1.588218589470127314e-16 4.635796411852437856e-16 1.025735188343040323e-15 1.720453635556162239e-15 2.187497229324359028e-15 2.108379910008550239e-15 1.540448013395835550e-15 8.531827045689219269e-16 3.582068271841882497e-16 1.140046312874286229e-16 2.750476566044820610e-17 5.030257570487435191e-18 6.973797250657686790e-19 7.329008578331761087e-20 5.838724216569820052e-21 3.526042270591845741e-22 1.614187149815843723e-23 5.601664271400070803e-25 1.473591427938933500e-26
2.508702041713447644e-15 9.659760167506054680e-15 2.819554047583560697e-14 6.238660081463442327e-14 1.046403159424736401e-13 1.330465386972146837e-13 1.282345163801748345e-13 9.369213065866121555e-14 5.189172548313742489e-14 2.178662347805008412e-14 6.933915794229097946e-15 1.672877030308700226e-15 3.059470656863524317e-16 4.241557764453645905e-17 4.457602095936865874e-18 3.551191000420851696e-19 2.144586576446589778e-20 9.817704462137893381e-22 3.407007937028682660e-23 8.962582274982632000e-25
1.156650025115894788e-13 4.453682284536368143e-13 1.299969946899600175e-12 2.876366431696973537e-12 4.824495777120350551e-12 6.134179339233538769e-12 5.912318566558402513e-12 4.319724043652708744e-12 2.392494787558903473e-12 1.004483520723962921e-12 3.196917666662732045e-13 7.712885894575213603e-14 1.410584737949026561e-14 1.955592100301798765e-15 2.055200454455158044e-16 1.637294940383866594e-17 9.887727104554664190e-19 4.526503316813286721e-20 1.570818594799225020e-21 4.132244818671855027e-23
4.042515365958527539e-12 1.556571017973355117e-11 4.543421407957316703e-11 1.005295918884126741e-10 1.686171087927557266e-10 2.143908156999540897e-10 2.066367365647999300e-10 1.509752340291252170e-10 8.361817949827529324e-11 3.510690337789834606e-11 1.117329227558997369e-11 2.695669309442235151e-12 4.930022352763239420e-13 6.834834170539214739e-14 7.182967394504165147e-15 5.722379121934278332e-16 3.455780736317507866e-17 1.582022116884192191e-18 5.490042941876913262e-20 1.444227969796634130e-21
1.071021543104671209e-10 4.123969713660042423e-10 1.203731282829999377e-09 2.663424845300022818e-09 4.467331344583394841e-09 5.680057129578505738e-09 5.474621032275770424e-09 3.999928595994888077e-09 2.215374922059478275e-09 9.301201461359890703e-10 2.960245206569399674e-10 7.141889744713823204e-11 1.306157100170976801e-11 1.810816775574513396e-12 1.903050978535553925e-13 1.516083616901916935e-14 9.155724299800086493e-16 4.191399699106074886e-17 1.454528611773307225e-18 3.826328730453083366e-20
2.151005659951593495e-09 8.282449828074813164e-09 2.417535687398469596e-08 5.349137889877294939e-08 8.972046425156669526e-08 1.140764638510890908e-07 1.099505505032065891e-07 8.033329585926338187e-08 4.449288650582311195e-08 1.868023768199765856e-08 5.945262478770751797e-09 1.434354459304122656e-09 2.623244446707785286e-10 3.636786914766481635e-11 3.822027159360639953e-12 3.044854197295262676e-13 1.838806596993131286e-14 8.417874069798674129e-16 2.921229079497749082e-17 7.684677128138413413e-19
3.274776906883922025e-08 1.260953233847580448e-07 3.680552863277179748e-07 8.143741115912345982e-07 1.365940173363128801e-06 1.736745636675507699e-06 1.673931084380216225e-06 1.223026173439775008e-06 6.773774702812997234e-07 2.843953975345906145e-07 9.051304993442028127e-08 2.183718502963316808e-08 3.993732092449942737e-09 5.536789616817127939e-10 5.818806761874858243e-11 4.635607611723114342e-12 2.799472587252248062e-13 1.281570761159877077e-14 4.447395796007461377e-16 1.169945931088483345e-17
3.779363849251893855e-07 1.455244495459528079e-06 4.247662919415897267e-06 9.398551915535508053e-06 1.576408121297546560e-05 2.004348345317688297e-05 1.931855148100885283e-05 1.411473525683743663e-05 7.817497180028764865e-06 3.282158494755592875e-06 1.044595581728290873e-06 2.520192062455671676e-07 4.609097695196796593e-08 6.389913912829978599e-09 6.715385061921026084e-10 5.349875220579186016e-11 3.230823287837422683e-12 1.479038830035801106e-13 5.132663192846082628e-15 1.350214528580676703e-16
3.306378052333112454e-06 1.273121258626206934e-05 3.716069690735368086e-05 8.222327094384180028e-05 1.379121307626839554e-04 1.753504992513593632e-04 1.690084288452899054e-04 1.234828207316887550e-04 6.839140694363024498e-05 2.871397738930768969e-05 9.138648838148324334e-06 2.204791085308436251e-06 4.032271056271649773e-07 5.590218872909291375e-08 5.874957444517126947e-09 4.680340585769512280e-10 2.826487111577497277e-11 1.293937742233216670e-12 4.490312551992996377e-14 1.181235747948468823e-15
2.192719777094518803e-05 8.443070085283474132e-05 2.464418579777105460e-04 5.452872886351925550e-04 9.146039921575077874e-04 1.162887309152500510e-03 1.120828043735766239e-03 8.189118693149140737e-04 4.535573011162400640e-04 1.904250061669494453e-04 6.060558026384727995e-05 1.462170671531679373e-05 2.674116616959052286e-06 3.707314555958194614e-07 3.896147135712823668e-08 3.103902579656078897e-09 1.874466286420392657e-10 8.581120588196898483e-12 2.977880019238293379e-13 7.833704872647433153e-15
1.102327336058058746e-04 4.244512706313239973e-04 1.238916160813456147e-03 2.741276338849036459e-03 4.597910744249157286e-03 5.846084315125612760e-03 5.634643352683887246e-03 4.116845886091178783e-03 2.280129986110832410e-03 9.573074131934754347e-04 3.046772713065183723e-04 7.350646070002853842e-05 1.344335868848229206e-05 1.863746667991357438e-06 1.958676862344650095e-07 1.560398504978928202e-08 9.423344695592453408e-10 4.313913659735412544e-11 1.497044256634150152e-12 3.938171723508030229e-14
4.200827424308370851e-04 1.617529094694144815e-03 4.721349833684875159e-03 1.044665086781278000e-02 1.752204532823693761e-02 2.227867395869898362e-02 2.147289969855619221e-02 1.568876914709121592e-02 8.689281543987549539e-03 3.648175186526489595e-03 1.161085818160689223e-03 2.801236491846028449e-04 5.123090755903762881e-05 7.102498376624746313e-06 7.464265113953694535e-07 5.946477618894892813e-08 3.591115227851947971e-09 1.643976903695380208e-10 5.705042742712914493e-12 1.500786493865646762e-13
1.213545105578946962e-03 4.672756858896206893e-03 1.363914868113768816e-02 3.017853567839314660e-02 5.061810495896595929e-02 6.435916787469445066e-02 6.203142785866944814e-02 4.532209274020612688e-02 2.510180501033001596e-02 1.053893601123755651e-02 3.354172569986056934e-03 8.092279189042317139e-04 1.479970749640435442e-04 2.051786772401021597e-05 2.156294815484721741e-06 1.717832722212516277e-07 1.037409983355184970e-08 4.749159924113816950e-10 1.648086435894901562e-11 4.335508032562176988e-13
2.657503376271458297e-03 1.023271988154744912e-02 2.986793280526632913e-02 6.608700417278483286e-02 1.108469592193201958e-01 1.409380707274383027e-01 1.358406277702459419e-01 9.924939248082242926e-02 5.496963504593870009e-02 2.307887684060265510e-02 7.345194577734781224e-03 1.772102179617929480e-03 3.240940320941862809e-04 4.493141828826826726e-05 4.722000629431489928e-06 3.761826600562535079e-07 2.271790739932057264e-08 1.040003249550786880e-09 3.609091452508000906e-11 9.494189529024043128e-13
4.411522984677887158e-03 1.698657445039716482e-02 4.958152574771658438e-02 1.097061025396654371e-01 1.840087627898963074e-01 2.339607708429646549e-01 2.254988862901446400e-01 1.647565079517475939e-01 9.125098791210070615e-02 3.831152071223889455e-02 1.219320923387546586e-02 2.941734549195816097e-03 5.380043105670132084e-04 7.458729357889792280e-05 7.838640769528257797e-06 6.244727536729611784e-07 3.771230228745686733e-08 1.726431763172420028e-09 5.991183318412914551e-11 1.576059534002992367e-12
5.551368887415307138e-03 2.137555244191569406e-02 6.239236208956357166e-02 1.380518806121012465e-01 2.315528048502733804e-01 2.944113741772038662e-01 2.837631144268684680e-01 2.073261672713028192e-01 1.148283477158702631e-01 4.821042185435184951e-02 1.534368122160508462e-02 3.701817650765962860e-03 6.770134489495610846e-04 9.385910090654074275e-05 9.863982719510117563e-06 7.858235416247673846e-07 4.745637783561850593e-08 2.172505869199437629e-09 7.539180638558440678e-11 1.983280579556432654e-12
5.295517983888764317e-03 2.039039823642935581e-02 5.951682948895441888e-02 1.316893601050934948e-01 2.208810236127935756e-01 2.808425738291513429e-01 2.706850699506306301e-01 1.977709407502716565e-01 1.095361509425363533e-01 4.598850501888556569e-02 1.463652326046322935e-02 3.531208669477395486e-03 6.458113245499315673e-04 8.953333256757020110e-05 9.409372524738522024e-06 7.496065891550976237e-07 4.526921330132413426e-08 2.072379647933282751e-09 7.191715676790590504e-11 1.891875353473103144e-12
3.829249169790255054e-03 1.474452844010583873e-02 4.303729504885279999e-02 9.522607125249105131e-02 1.597215756541708609e-01 2.030804533095560138e-01 1.957354469452486923e-01 1.430104123866050569e-01 7.920683421996628504e-02 3.325481004865597778e-02 1.058383612599622658e-02 2.553457075793494607e-03 4.669935001444264363e-04 6.474256917755846265e-05 6.804024089470281188e-06 5.420490342823014200e-07 3.273468204216271221e-08 1.498561249434407634e-09 5.200411247493240186e-11 1.368036544994137721e-12
