2.954160179655339520e-09 2.506751624975053757e-08 1.612446782062780483e-07 7.862420986983324142e-07 2.906190090841159265e-06 8.143077359745752098e-06 1.729616911770060910e-05 2.784890379498371302e-05 3.399093461741291988e-05 3.144958556648624003e-05 2.205786969823867372e-05 1.172759680237882384e-05 4.726626715478362084e-06 1.444077175190213074e-06 3.344462428081072903e-07 5.871635108322488858e-08 7.814273638590864972e-09 7.883425924605720312e-10 6.028901474860920012e-11 3.495088696105887991e-12
2.419543218396400672e-08 2.053102582650129846e-07 1.320640872297003354e-06 6.439551758311392029e-06 2.380254318669316869e-05 6.669417500898272425e-05 1.416606620763950872e-04 2.280906322580924454e-04 2.783956533802854432e-04 2.575812645597537693e-04 1.806603765367640029e-04 9.605243313039830890e-05 3.871244929129465725e-05 1.182741260996942914e-05 2.739212126266362333e-06 4.809040147883037861e-07 6.400117677827532074e-08 6.456755413931392550e-09 4.937845882000101125e-10 2.862579426327362449e-11
1.502206191219114668e-07 1.274696557356425909e-06 8.199377798493795582e-06 3.998082963123357161e-05 1.477813145470864163e-04 4.140798224019606906e-04 8.795194150919081588e-04 1.416131595964132371e-03 1.728457135779251207e-03 1.599228182500343895e-03 1.121654426662284420e-03 5.963545459038167287e-04 2.403514868446185774e-04 7.343209376757763019e-05 1.700676964087051476e-05 2.985757736850488698e-06 3.973599779935108596e-07 4.008764085819365099e-08 3.065728522155753800e-09 1.777271223919473542e-10
7.070050738774481505e-07 5.999289171972636173e-06 3.858992021240886924e-05 1.881675736149923000e-04 6.955246211858361581e-04 1.948843888007628818e-03 4.139409707392190108e-03 6.664945394828107952e-03 8.134888353667855260e-03 7.526679399436937180e-03 5.279004809211742220e-03 2.806709839490875366e-03 1.131201040885258802e-03 3.456041066971563252e-04 8.004142504966269109e-05 1.405230441507503837e-05 1.870152860768402666e-06 1.886702747744551899e-07 1.442868251352304254e-08 8.364629172162485575e-10
2.522390563309563385e-06 2.140373662519441008e-05 1.376777256332980539e-04 6.713277309373117535e-04 2.481431613223069634e-03 6.952913938105697959e-03 1.476822213783422245e-02 2.377860639201303042e-02 2.902293968603888996e-02 2.685302523513019221e-02 1.883396938213434055e-02 1.001353268124784666e-02 4.035799651459820621e-03 1.233015956438589852e-03 2.855647613840397244e-04 5.013457662325443919e-05 6.672167007342140012e-06 6.731212239512162769e-07 5.147738532270959889e-08 2.984258878615034715e-09
6.821799561724578296e-06 5.788635719340821429e-05 3.723490969424489232e-04 1.815604326822748077e-03 6.711026174045026799e-03 1.880413998752227325e-02 3.994062330107308462e-02 6.430918709536422029e-02 7.849247460329987491e-02 7.262394588871154411e-02 5.093642750867293650e-02 2.708157644176371198e-02 1.091481101063650205e-02 3.334688859680726061e-03 7.723092499591417042e-04 1.355888488525839165e-04 1.804486054955708145e-05 1.820454824614078983e-06 1.392204719369186673e-07 8.070921373689860996e-09
1.398564164399566600e-05 1.186751150423237419e-04 7.633676406326427846e-04 3.722242386701203783e-03 1.375854073172757749e-02 3.855111263669715183e-02 8.188385476183877854e-02 1.318428131748069776e-01 1.609205330088387953e-01 1.488892297087192895e-01 1.044267887550730106e-01 5.552101316404435549e-02 2.237688663020603874e-02 6.836577792081730866e-03 1.583341801608288907e-03 2.779760727087003712e-04 3.699448376905699126e-05 3.732186584458814520e-06 2.854214071228836152e-07 1.654651577607411548e-08
2.173515075127382419e-05 1.844335484583982865e-04 1.186353202101239190e-03 5.784754212007535250e-03 2.138221216686372189e-02 5.991246351916100499e-02 1.272560796742610578e-01 2.048975293927062791e-01 2.500873490794791598e-01 2.313894446415613038e-01 1.622901582808237708e-01 8.628546488619981414e-02 3.477602362709605877e-02 1.062475735587731923e-02 2.460678860846142197e-03 4.320039079626029205e-04 5.749329935328462621e-05 5.800208536010965277e-06 4.435747368173091533e-07 2.571501715516234518e-08
2.560588182447169576e-05 2.172786239367102430e-04 1.397626372262803169e-03 6.814939285737366820e-03 2.519008973785959865e-02 7.058204832532395667e-02 1.499186352500324060e-01 2.413869581028038891e-01 2.946244624481959562e-01 2.725967186850415946e-01 1.911918008652431500e-01 1.016517181007429299e-01 4.096915459711134716e-02 1.251688034656659072e-02 2.898891884387292794e-03 5.089378556232042284e-04 6.773206433145637561e-05 6.833145812052145480e-06 5.225692897758941061e-07 3.029450763532251417e-08
2.286723402133228748e-05 1.940398372316674207e-04 1.248144842189146840e-03 6.086055249196351859e-03 2.249591250177070123e-02 6.303302607675249913e-02 1.338842590902247498e-01 2.155696920915643466e-01 2.631132400514827330e-01 2.434414484277086510e-01 1.707431004843231737e-01 9.077967485808885462e-02 3.658734552671926571e-02 1.117815172560878562e-02 2.588844218576050356e-03 4.545049893860057919e-04 6.048785886120531868e-05 6.102314517313326846e-06 4.666784890902043158e-07 2.705439322132194169e-08
1.548047759779161772e-05 1.313595404910694359e-04 8.449591345539791227e-04 4.120089113366978521e-03 1.522910331877786773e-02 4.267159496386395412e-02 9.063589726722878770e-02 1.459346498169904194e-01 1.781203014977513766e-01 1.648030489933089149e-01 1.155883015654312757e-01 6.145529982613849584e-02 2.476860919255330362e-02 7.567295948936134456e-03 1.752575099045754594e-03 3.076871605770469496e-04 4.094858797376818593e-05 4.131096182941135820e-06 3.159282792572408899e-07 1.831506721774121473e-08
7.944231541865068037e-06 6.741074997860042916e-05 4.336139480133561954e-04 2.114336698137409508e-03 7.815231938103526024e-03 2.189809897738416097e-02 4.651229584791869570e-02 7.489036696726696085e-02 9.140731663258347406e-02 8.457320336130649818e-02 5.931730628890330426e-02 3.153747216192034214e-02 1.271069094300303348e-02 3.883365405518381629e-03 8.993819663104426739e-04 1.578981029908133179e-04 2.101389069691574576e-05 2.119985277694604167e-06 1.621272590065676218e-07 9.398878927567148602e-09
3.090411073793707907e-06 2.622367275283327248e-05 1.686815571311106479e-04 8.225049221209179782e-04 3.040228522859890654e-03 8.518649943434396243e-03 1.809389786771377698e-02 2.913334262432392546e-02 3.555865435925904122e-02 3.290009396586995177e-02 2.307521618130014759e-02 1.226849352200248301e-02 4.944626782190169115e-03 1.510680471680193090e-03 3.498714726035814034e-04 6.142444910401843264e-05 8.174681235183716855e-06 8.247022942295696222e-07 6.306964669361689189e-08 3.656288133840137748e-09
9.113336963555745932e-07 7.733119009478995804e-06 4.974263400454359324e-05 2.425491085323318557e-04 8.965353253482746419e-04 2.512071227915712180e-03 5.335723446338055606e-03 8.591153793798118193e-03 1.048591890879852807e-02 9.701933991440073526e-03 6.804668231690388924e-03 3.617865482340448888e-03 1.458124791463563403e-03 4.454857251655038389e-04 1.031738674123305037e-04 1.811350299746779179e-05 2.410638031219347066e-06 2.431970932820072290e-07 1.859865657890493532e-08 1.078205617436892024e-09
2.037208244597002372e-07 1.728672369469118502e-06 1.111953881517504179e-05 5.421977104519666791e-05 2.004127756579018860e-04 5.615519580796968268e-04 1.192755171814505969e-03 1.920478679688545232e-03 2.344037155501512044e-03 2.168784057358721928e-03 1.521125168396959913e-03 8.087427709455835122e-04 3.259512798330523433e-04 9.958450958048882236e-05 2.306363236209688617e-05 4.049118099390046413e-06 5.388774377133343408e-07 5.436462247334980026e-08 4.157570017710631070e-09 2.410236099024068160e-10
3.452154634567621428e-08 2.929324651880308437e-07 1.884263307733399975e-06 9.187820361285517018e-06 3.396098038327186568e-05 9.515788087824230757e-05 2.021185269205737342e-04 3.254350355324917205e-04 3.972092078178281432e-04 3.675116647914572878e-04 2.577625195541944562e-04 1.370456413720798491e-04 5.523412858274145281e-05 1.687510970914187714e-05 3.908251675298241632e-06 6.861439840425409339e-07 9.131556624119257468e-08 9.212366184244387434e-09 7.045217219812670081e-10 4.084269608526960017e-11
4.434471586470146675e-09 3.762869370403157470e-08 2.420433898268458497e-07 1.180223154714377922e-06 4.362463982646942749e-06 1.222352309360351411e-05 2.596317255761479870e-05 4.180381735685174261e-05 5.102358186145079501e-05 4.720877850879302081e-05 3.311093186772033094e-05 1.760422307357572416e-05 7.095110148050589060e-06 2.167695322058739392e-06 5.020351879183755399e-07 8.813875169427840616e-08 1.172995786006324817e-08 1.183376192918048446e-09 9.049946740199397744e-11 5.246456039117978584e-12
4.318076492584177499e-10 3.664102352708186552e-09 2.356902849452336783e-08 1.149244901224488642e-07 4.247958929466848047e-07 1.190268258524659524e-06 2.528169656921481461e-06 4.070655939698822711e-06 4.968432542799379970e-06 4.596965224546584692e-06 3.224184296992378060e-06 1.714215106398380548e-06 6.908879162980491082e-07 2.110798103166407486e-07 4.888578720437828366e-08 8.582530395233122593e-09 1.142207234996857454e-09 1.152315179132914351e-10 8.812405608195660973e-12 5.108748145103054381e-13
3.187392934758404182e-11 2.704661200724676200e-10 1.739750442855286864e-09 8.483163938297585445e-09 3.135635578058841088e-08 8.785978303543754330e-08 1.866171226049677676e-07 3.004759180230160197e-07 3.667453971910794662e-07 3.393254960446773636e-07 2.379935201759782013e-07 1.265349775107952089e-07 5.099796788918111863e-08 1.558087952422464796e-08 3.608509784690916680e-09 6.335204295499640671e-10 8.431215327267486703e-11 8.505827228607194833e-12 6.504886937975108241e-13 3.771028088809184263e-14
1.783518831773061470e-12 1.513404303703783075e-11 9.734845188307848894e-11 4.746789287251361589e-10 1.754557789866427771e-09 4.916230311311645848e-09 1.044223788249348652e-08 1.681325362945779537e-08 2.052138960413305826e-08 1.898709775305098003e-08 1.331702534836648873e-08 7.080316731818013865e-09 2.853612277314248213e-09 8.718345248245420388e-10 2.019156497917451270e-10 3.544889630938970561e-11 4.717721228197137599e-12 4.759470624596501329e-13 3.639836251727333660e-14 2.110094283699029089e-15
