6.311310150087460085e-26 2.886544666458386916e-24 1.000769038873040453e-22 2.630184773252964946e-21 5.240050553283745085e-20 7.913735192455602617e-19 9.059920157770073397e-18 7.862561333883811188e-17 5.172500503394773809e-16 2.579490046136012187e-15 9.751333067219180972e-15 2.794415258581215264e-14 6.070363767704429368e-14 9.996208578542428094e-14 1.247822238385197212e-13 1.180774464468214499e-13 8.469894544845467858e-14 4.605596360088276927e-14 1.898412403367027534e-14 5.931876104526487399e-15
2.919042996629750505e-24 1.335055288475640827e-22 4.628655199468772145e-21 1.216486317361520407e-19 2.423574900583328932e-18 3.660180333618971374e-17 4.190302149260871725e-16 3.636511920892900663e-15 2.392332338363872681e-14 1.193039507644092360e-13 4.510087417788493965e-13 1.292444531524690490e-12 2.807602925815180783e-12 4.623344749368743541e-12 5.771300537253257600e-12 5.461197990812451471e-12 3.917409502206301609e-12 2.130133598335815995e-12 8.780344015714048256e-13 2.743551019997561878e-13
1.023430323755096878e-22 4.680767181891856364e-21 1.622828473171643915e-19 4.265058743767657813e-18 8.497168585774449392e-17 1.283276590362891243e-15 1.469139814042170847e-14 1.274978332568477511e-13 8.387630680357798332e-13 4.182853116485576591e-12 1.581258046380372502e-11 4.531371846392821823e-11 9.843589062101253070e-11 1.620966604171621227e-10 2.023445349776821598e-10 1.914721925741060590e-10 1.373462357270242145e-10 7.468349458036260493e-11 3.078430269461064845e-11 9.619020041419671229e-12
2.720024957373075216e-21 1.244032276441064123e-19 4.313077154452967368e-18 1.133547243855781517e-16 2.258337483641311326e-15 3.410632137801437611e-14 3.904610667976840625e-13 3.388577418706647750e-12 2.229225014565876524e-11 1.111699019052034578e-10 4.202593230206863475e-10 1.204326687145882838e-09 2.616182782311915563e-09 4.308128766634191119e-09 5.377817838227813762e-09 5.088857837762659701e-09 3.650323625432731868e-09 1.984902776938171129e-09 8.181707115872513769e-10 2.556497884695680459e-10
5.480047418527059684e-20 2.506357835649881593e-18 8.689577373949863546e-17 2.283763106890627917e-15 4.549883435387191728e-14 6.871417040362386135e-13 7.866637970875400932e-12 6.826983291284412873e-11 4.491230403336405014e-10 2.239745382858115336e-09 8.466984878166968880e-09 2.426362793130742325e-08 5.270836086904700284e-08 8.679607833112202396e-08 1.083471557193035457e-07 1.025254646340279199e-07 7.354324638131388206e-08 3.998993211184469295e-08 1.648372484154825533e-08 5.150588635417064376e-09
8.369366058073654501e-19 3.827818374008379352e-17 1.327109938623274618e-15 3.487862051498209468e-14 6.948779286759576008e-13 1.049432608083807550e-11 1.201427064335408521e-10 1.042646493239091204e-09 6.859201832741686559e-09 3.420636274541274190e-08 1.293114647402087796e-07 3.705646476113788256e-07 8.049849440037677483e-07 1.325587347113952624e-06 1.654724746541866452e-06 1.565813355729865378e-06 1.123184350528402744e-06 6.107435847179249619e-07 2.517465938945479919e-07 7.866202317633583241e-08
9.689416617771767680e-18 4.431557504543614114e-16 1.536427132435185338e-14 4.037981883906384213e-13 8.044769105230622225e-12 1.214953400465701832e-10 1.390921042458465020e-09 1.207096951901945769e-08 7.941063129710354976e-08 3.960152983142646935e-07 1.497069965189904393e-06 4.290116156480871155e-06 9.319504535187527508e-06 1.534664391581199957e-05 1.915714684449027540e-05 1.812779826340873792e-05 1.300337568618191556e-05 7.070725545878965810e-06 2.914530937496976356e-06 9.106891839401352735e-07
8.503535234287035446e-17 3.889182070418767051e-15 1.348384817266909652e-13 3.543775913426139500e-12 7.060175058688296050e-11 1.066256045789969125e-09 1.220687122789518553e-08 1.059361142844445227e-07 6.969161589907820708e-07 3.475472441091551443e-06 1.313844548064519779e-05 3.765051636742237250e-05 8.178896450350928323e-05 1.346837817116943153e-04 1.681251613040821592e-04 1.590914885115057278e-04 1.141190101262746251e-04 6.205344055603426385e-05 2.557823395989396726e-05 7.992305283803459361e-06
5.657156858086714096e-16 2.587360717140852702e-14 8.970415487413519721e-13 2.357571957993075193e-11 4.696930941322766730e-10 7.093494100660225518e-09 8.120879537751266533e-08 7.047624298972509788e-07 4.636382304208449259e-06 2.312131626848125718e-05 8.740629033409535748e-05 2.504780317951228459e-04 5.441184033567789775e-04 8.960123741372935874e-04 1.118488232345246289e-03 1.058389811413001967e-03 7.592008770315270688e-04 4.128236517372150735e-04 1.701646170412943269e-04 5.317050309368442923e-05
2.852947273641445088e-15 1.304825708225186790e-13 4.523848825521662264e-12 1.188941487516867908e-10 2.368698033248626550e-09 3.577303080458452149e-08 4.095421378263467312e-07 3.554170590242923581e-06 2.338162894571838745e-05 1.166025582565773105e-04 4.407965767314915833e-04 1.263179784197557493e-03 2.744030533952476151e-03 4.518658619638378851e-03 5.640621310522799491e-03 5.337540398237842001e-03 3.828707823749176713e-03 2.081901105561217470e-03 8.581531190252179126e-04 2.681428951761020496e-04
1.090651722058632253e-14 4.988211379896077596e-13 1.729419802978179060e-11 4.545198198255219378e-10 9.055283330568075724e-09 1.367565324839578939e-07 1.565636498096791022e-06 1.358722017246001006e-05 8.938550708522011265e-05 4.457593104994794254e-04 1.685118929226209206e-03 4.829003394606247099e-03 1.049013998571661846e-02 1.727435641883881198e-02 2.156350172553337871e-02 2.040485529010601859e-02 1.463674712747670657e-02 7.958888854745370736e-03 3.280629073316929534e-03 1.025082072436357336e-03
3.160641606833661466e-14 1.445552976455405644e-12 5.011752216058076763e-11 1.317170481296737318e-09 2.624165412056465789e-08 3.963120195319875640e-07 4.537118272478230928e-06 3.937492833846934246e-05 2.590337016185300777e-04 1.291783064110359506e-03 4.883371008778388672e-03 1.399415481573226643e-02 3.039978045217172492e-02 5.006002239248376340e-02 6.248970167498287681e-02 5.913201557101838146e-02 4.241639289991330775e-02 2.306437036654733833e-02 9.507061269881923044e-03 2.970624795279474921e-03
6.943224946585078196e-14 3.175557603884856654e-12 1.100970225077114397e-10 2.893529884840969812e-09 5.764706353786538900e-08 8.706091493247940642e-07 9.967037296151020267e-06 8.649793893700633322e-05 5.690392910083288958e-04 2.837759389395765226e-03 1.072767736091023369e-02 3.074203813962493592e-02 6.678154003600579591e-02 1.099707083367496840e-01 1.372759425289797330e-01 1.298998547531804992e-01 9.317935848533909216e-02 5.066727950427719895e-02 2.088489401488502484e-02 6.525800375763419515e-03
1.156229479488441656e-13 5.288138211957554806e-12 1.833404851587413613e-10 4.818487919334084258e-09 9.599751524859583004e-08 1.449793102349038180e-06 1.659773726708735716e-05 1.440418072053777879e-04 9.476000105320357952e-04 4.725615383278434882e-03 1.786440293458405396e-02 5.119357507504426058e-02 1.112088199205535088e-01 1.831301388581868250e-01 2.286005318819933352e-01 2.163174066840001519e-01 1.551681271878698753e-01 8.437433996307286410e-02 3.477883882745073235e-02 1.086717315046153813e-02
1.459565736739001130e-13 6.675478771505107634e-12 2.314397747523261338e-10 6.082615946673875927e-09 1.211824179841203958e-07 1.830145637253101824e-06 2.095214579129652790e-05 1.818311072192622512e-04 1.196202425246936782e-03 5.965378344696406314e-03 2.255112059775086358e-02 6.462418529042297799e-02 1.403844012444938338e-01 2.311742441992780117e-01 2.885737733333798016e-01 2.730681760474514275e-01 1.958764119883680821e-01 1.065099081581585699e-01 4.390305074955717229e-02 1.371817088822310099e-02
1.396690248241315691e-13 6.387911053142473072e-12 2.214697620772828291e-10 5.820587701310016429e-09 1.159620955715747791e-07 1.751306227648096991e-06 2.004956472314552905e-05 1.739981474540997354e-04 1.144672158444731084e-03 5.708400486107929710e-03 2.157965854704409561e-02 6.184029065887414189e-02 1.343368916438480998e-01 2.212156701068306308e-01 2.761425299099112829e-01 2.613048860975820675e-01 1.874384055464938803e-01 1.019216512974226024e-01 4.201178563354772411e-02 1.312721655558793388e-02
1.013149096419182248e-13 4.633744897729971239e-12 1.606525782042994306e-10 4.222212604144968594e-09 8.411807306247965093e-08 1.270384986455774564e-06 1.454381056102509343e-05 1.262170091712953705e-04 8.303369802178937106e-04 4.140832802249094086e-03 1.565372965516310944e-02 4.485850365335470463e-02 9.744701844672062907e-02 1.604682617099335018e-01 2.003118121669560381e-01 1.895486916823819479e-01 1.359664760692677887e-01 7.393323540961206641e-02 3.047504821285982463e-02 9.522388810646969376e-03
5.571131908089809526e-14 2.548016293448971651e-12 8.834007824851873313e-11 2.321721792461506731e-09 4.625507563908620024e-08 6.985627642186403769e-07 7.997390252640263392e-06 6.940455354726351588e-05 4.565879653161051513e-04 2.276972444846382324e-03 8.607715593955280950e-03 2.466691644256953017e-02 5.358443251200666751e-02 8.823872579145412842e-02 1.101480060807260852e-01 1.042295520077613918e-01 7.476561701898055967e-02 4.065460930820279789e-02 1.675770270133997500e-02 5.236197153186180481e-03
2.322257321547309488e-14 1.062109027483526433e-12 3.682346727435944641e-11 9.677809680489726412e-10 1.928085527926809199e-08 2.911872345746135200e-07 3.333613056351548821e-06 2.893042837305885643e-05 1.903230371993231578e-04 9.491277568437609703e-04 3.588019614260645838e-03 1.028209854905293673e-02 2.233600689677998213e-02 3.678121975817094658e-02 4.591383183790161138e-02 4.344679757450069235e-02 3.116512126920018000e-02 1.694637026696968821e-02 6.985240779165643663e-03 2.182643918086845432e-03
7.337938365060852508e-15 3.356083974129077210e-13 1.163558967991740044e-11 3.058023341569477339e-10 6.092422504266636383e-09 9.201021610203623984e-08 1.053365056210526255e-06 9.141523564445749381e-06 6.013884436756939989e-05 2.999082365104779120e-04 1.133753203737621756e-03 3.248968351455583034e-03 7.057798479495805584e-03 1.162224018298650165e-02 1.450799035077680529e-02 1.372844946177370976e-02 9.847648531070833655e-03 5.354764925347245581e-03 2.207217340948022018e-03 6.896783743639903208e-04
