3.230037271877929661e-01 3.852421130447176156e-01 3.483026656594773729e-01 2.387133236729104269e-01 1.240204607371200168e-01 4.884350717720480073e-02 1.458200222824184746e-02 3.300078717398768121e-03 5.661457582339045856e-04 7.362563197865842500e-05 7.258161593186522729e-06 5.424017095406502695e-07 3.072644286401713105e-08 1.319472494295839181e-09 4.295218053034943715e-11 1.059904926311262391e-12 1.982647124628716173e-14 2.811387811967717991e-16 3.021989217028723798e-18 2.462418596937575752e-20
2.847029440261120703e-01 3.395612945447659681e-01 3.070020126044644693e-01 2.104074359130312655e-01 1.093144980051713872e-01 4.305179513246273210e-02 1.285291349521206980e-02 2.908765587757751979e-03 4.990139448867002151e-04 6.489533220748333207e-05 6.397511235516033161e-06 4.780853920649599908e-07 2.708299628304221398e-08 1.163013526060942252e-09 3.785904378193705364e-11 9.342246776401875509e-13 1.747550959430638924e-14 2.478022138738307989e-16 2.663651080419356063e-18 2.170432614126414175e-20
1.902274568315584224e-01 2.268816773940989240e-01 2.051268289468795303e-01 1.405860819918815785e-01 7.303970466998403743e-02 2.876553850925587727e-02 8.587817928731927494e-03 1.943524265866254219e-03 3.334217494097080955e-04 4.336054215490102914e-05 4.274568696669032853e-06 3.194381027282055580e-07 1.809580692579404421e-08 7.770804972883785190e-10 2.529594360658238687e-11 6.242126689089522146e-13 1.167645722221793857e-14 1.655718211966411909e-16 1.779748265856830841e-18 1.450198830299666627e-20
9.634989927698113521e-02 1.149152027200282533e-01 1.038964071602915956e-01 7.120662319350332115e-02 3.699449230614916539e-02 1.456969873948884935e-02 4.349715893931374762e-03 9.843918978762078876e-04 1.688775769148100081e-04 2.196204448508888200e-05 2.165062132651463301e-06 1.617948824829507069e-07 9.165496946005041999e-09 3.935900152948932458e-10 1.281235453180948027e-11 3.161627074163541835e-13 5.914106701583354252e-15 8.386185969740710084e-17 9.014396187061864995e-19 7.345233624959466444e-21
3.699356177120305400e-02 4.412171348568618562e-02 3.989104487843045388e-02 2.733979623637214015e-02 1.420404221064698082e-02 5.594038544427085841e-03 1.670074227548021999e-03 3.779574525186395846e-04 6.484057710750177022e-05 8.432331070170071490e-06 8.312760090437328319e-07 6.212117526133765972e-08 3.519094259362821996e-09 1.511189596730483953e-10 4.919305908608085765e-12 1.213907303933422114e-13 2.270722369491655187e-15 3.219877664890483129e-17 3.461079094826209044e-19 2.820203818249071528e-21
1.076707776045354031e-02 1.284174589521784940e-02 1.161039817707270987e-02 7.957322786396861872e-03 4.134125498395525150e-03 1.628160283006510178e-03 4.860796909730531810e-04 1.100055546578632869e-04 1.887202805901788271e-05 2.454253118311104539e-06 2.419451656244853668e-07 1.808053868255123223e-08 1.024242049772568969e-09 4.398358827792429411e-11 1.431777496122923846e-12 3.533110549416721843e-14 6.608999824328902756e-16 9.371542381196336485e-18 1.007356576789065711e-19 8.208280673058381313e-22
2.375562007583716540e-03 2.833300208137314643e-03 2.561625486134817397e-03 1.755640120188778569e-03 9.121204180992021661e-04 3.592242757615316125e-04 1.072447392155714097e-04 2.427074662989953124e-05 4.163773482506011553e-06 5.414867984206086014e-07 5.338084818957105368e-08 3.989145590521609778e-09 2.259805821172872746e-10 9.704187486599893638e-12 3.158959467716969653e-13 7.795172818956253697e-15 1.458156915005114901e-16 2.067662231900972545e-18 2.222551062739696806e-20 1.811009463135878301e-22
3.973120270590931188e-04 4.738686026162659262e-04 4.284310875545910237e-04 2.936302789452200235e-04 1.525518639715871543e-04 6.008015144038245185e-05 1.793665018767604026e-05 4.059275030910006128e-06 6.963898552292641390e-07 9.056350321289144769e-08 8.927930709712179053e-09 6.671833931272905891e-10 3.779518399030849345e-11 1.623022421201365768e-12 5.283350152550864218e-14 1.303740295596686013e-15 2.438763028796666801e-17 3.458158827290274341e-19 3.717209928262968103e-21 3.028907848015237617e-23
5.037254251197203028e-05 6.007864022406353215e-05 5.431792068072534491e-05 3.722742505041362946e-05 1.934103357018796381e-05 7.617161768189471858e-06 2.274068270192837061e-06 5.146484126741243822e-07 8.829062600268265873e-08 1.148194266705646317e-08 1.131912800495287974e-09 8.458773343044977753e-11 4.791799348214692477e-12 2.057721899712077762e-13 6.698407348374042106e-15 1.652925383372486042e-16 3.091945019988398432e-18 4.384368976449891877e-20 4.712802593048650724e-22 3.840150283603188237e-24
4.841198072782798323e-06 5.774030508764187439e-06 5.220379988852020132e-06 3.577848752937067995e-06 1.858825657318517315e-06 7.320692391786524395e-07 2.185558714733828620e-07 4.946176586195822133e-08 8.485424541502686293e-09 1.103505122822518531e-09 1.087857351455625203e-10 8.129547401091194149e-12 4.605296578830684542e-13 1.977632813122636826e-14 6.437697032655292207e-16 1.588591478886491930e-17 2.971602687785845349e-19 4.213723902086773477e-21 4.529374475280910767e-23 3.690686875247072750e-25
3.527025916090948846e-07 4.206635411016115976e-07 3.803276634360036032e-07 2.606620321198512630e-07 1.354236320904886595e-07 5.333446680217939219e-08 1.592275736731766565e-08 3.603507384494816328e-09 6.182005325328665115e-10 8.039520606718146386e-11 7.925519703821037012e-12 5.922733162053146123e-13 3.355161292849988748e-14 1.440792564057594636e-15 4.690145689714629429e-17 1.157358825620866981e-18 2.164943374465485269e-20 3.069883359961156305e-22 3.299848698157850722e-24 2.688827860680916467e-26
1.947875832623912456e-08 2.323204776124750270e-08 2.100441226432459494e-08 1.439562069936901028e-08 7.479061010347657157e-09 2.945510506625058529e-09 8.793684821830698286e-10 1.990114366587574065e-10 3.414145247820046227e-11 4.439997966633718485e-12 4.377038518947903719e-13 3.270956625753940342e-14 1.852959902302333601e-15 7.957086457880324669e-17 2.590233714700271755e-18 6.391762747803863372e-20 1.195636487637260410e-21 1.695409035290022370e-23 1.822412333613088378e-25 1.484962949665819337e-27
8.154751047987031902e-10 9.726059672536446151e-10 8.793463631309592541e-10 6.026703602891762409e-10 3.131096941119407072e-10 1.233133266939364265e-10 3.681462099146905236e-11 8.331581995492325166e-12 1.429326452504736721e-12 1.858798054016275804e-13 1.832440181846115068e-14 1.369380764679220794e-15 7.757387022366436641e-17 3.331221530887542849e-18 1.084397205700212762e-19 2.675901260909680228e-21 5.005513050304351365e-23 7.097802835139615494e-25 7.629500114171412124e-27 6.216773660411930241e-29
2.587956454767853805e-11 3.086620150741607521e-11 2.790655512412182641e-11 1.912608539279250866e-11 9.936713569292935641e-12 3.913418299326802540e-12 1.168332858526964243e-12 2.644074757988413842e-13 4.536048491196016606e-14 5.899000955018481861e-15 5.815352754092019143e-16 4.345807454001080865e-17 2.461850729535288487e-18 1.057182029517648434e-19 3.441395980710928128e-21 8.492124284041828104e-23 1.588527930740151374e-24 2.252527950120987546e-26 2.421265094536005949e-28 1.972928349083718285e-30
6.225869902835251163e-13 7.425509599507842988e-13 6.713504831929950927e-13 4.601179404957386758e-13 2.390484037325309528e-13 9.414545272620904820e-14 2.810668768014100060e-14 6.360874204926727828e-15 1.091241227305414771e-15 1.419127915965670694e-16 1.399004593735304202e-17 1.045474771475999882e-18 5.922496235997043003e-20 2.543272228273495142e-21 8.278996974842186348e-23 2.042957905792700878e-24 3.821535797322921364e-26 5.418926560420556946e-28 5.824859012247019436e-30 4.746291308874702516e-32
1.135376595512963966e-14 1.354148085426374738e-14 1.224303812799758603e-14 8.390910008842056029e-15 4.359390206162978965e-15 1.716877243943567639e-15 5.125657276406005967e-16 1.159996564654693191e-16 1.990034756391529421e-17 2.587983120387306470e-18 2.551285358563039252e-19 1.906573065705316068e-20 1.080052059922164440e-21 4.638021367399332496e-23 1.509793739068945755e-24 3.725626503693728502e-26 6.969118164868009924e-28 9.882189132643553040e-30 1.062246512998326863e-31 8.655542360640762166e-34
1.569555413205996043e-16 1.871987203332512065e-16 1.692489244875108778e-16 1.159967386869742607e-16 6.026462517724326259e-17 2.373427444859689536e-17 7.085757409669905505e-18 1.603590292903247869e-18 2.751042990234641492e-19 3.577652500450258245e-20 3.526921165181011400e-21 2.635664754564136041e-22 1.493074248574969635e-23 6.411644887287579455e-25 2.087153236507891058e-26 5.150341542679326818e-28 9.634175289652503259e-30 1.366123232482027850e-31 1.468459691017735516e-33 1.196550415084061596e-35
1.644788981968076527e-18 1.961717248413224954e-18 1.773615406405973539e-18 1.215568154722582999e-18 6.315329211059611079e-19 2.487193047126594575e-19 7.425399331724083799e-20 1.680455257053136016e-20 2.882908855072440435e-21 3.749140275354403864e-22 3.695977232756918136e-23 2.762000189348985144e-24 1.564641842303700231e-25 6.718974544110905214e-27 2.187196844535132235e-28 5.397213090723557526e-30 1.009597063820887739e-31 1.431605677564024688e-33 1.538847434074773285e-35 1.253904718839827354e-37
1.306593647940379488e-20 1.558356314355191859e-20 1.408931266749097234e-20 9.656275954005398247e-21 5.016794933748510936e-21 1.975785752582429925e-21 5.898616604692006542e-22 1.334926357474992082e-22 2.290135962074332427e-23 2.978256130554859182e-24 2.936024273140576431e-25 2.194088082165638548e-26 1.242926062168518512e-27 5.337444229170345932e-29 1.737473642634293231e-30 4.287458402403673191e-32 8.020075067558074351e-34 1.137244294050637148e-35 1.222435403297503890e-37 9.960815391638929946e-40
7.868060965095198687e-23 9.384128344734762016e-23 8.484318839208488531e-23 5.814827587877888494e-23 3.021019461585134209e-23 1.189780983536084938e-23 3.552035870417556528e-24 8.038675207921244237e-25 1.379076761651301839e-25 1.793449772376623719e-26 1.768018542909943903e-27 1.321238536593266503e-28 7.484666749806401194e-30 3.214108430659086166e-31 1.046273917452600778e-32 2.581826733093153986e-34 4.829538217613186624e-36 6.848271038131788631e-38 7.361275859711189274e-40 5.998215503880198534e-42
