2.795648004440836034e-40 3.432152515828109605e-38 3.194092486873156065e-36 2.253332161625819607e-34 1.205035282662848436e-32 4.885073809566606309e-31 1.501202629155161367e-29 3.497069972680428351e-28 6.175414986559984008e-27 8.266559425018442017e-26 8.388421720917740458e-25 6.452567251164692679e-24 3.762544477950583751e-23 1.663135236103190581e-22 5.572759573222154454e-22 1.415499980630981480e-21 2.725500388913893574e-21 3.978134370620364633e-21 4.401588797684349920e-21 3.691784198095015283e-21
3.749123360429329441e-38 4.602712198820232012e-36 4.283460127628959367e-34 3.021846896511403116e-32 1.616021015949158386e-30 6.551162488186957607e-29 2.013198312793019446e-27 4.689770209556233117e-26 8.281583571923190035e-25 1.108592748496329362e-23 1.124935177142062326e-22 8.653260559861170344e-22 5.045786656450024559e-21 2.230359170869462529e-20 7.473388303833303854e-20 1.898266175012344566e-19 3.655051408726946390e-19 5.334904993807512270e-19 5.902781522634079979e-19 4.950893086953571596e-19
3.811305761789932385e-36 4.679052097452324309e-34 4.354504958983310671e-32 3.071966798820417840e-30 1.642824099699770244e-28 6.659819092959842797e-27 2.046588920001592922e-25 4.767554039380980907e-24 8.418940682923060737e-23 1.126979702620068195e-21 1.143593184351965862e-20 8.796782249995562862e-20 5.129475322009275587e-19 2.267351575708716101e-18 7.597340808554134528e-18 1.929750534910909614e-17 3.715673546715243208e-17 5.423388933025675659e-17 6.000684177334230745e-17 5.033007861910223381e-17
2.937072531695855965e-34 3.605776143068406397e-32 3.355673279321737583e-30 2.367322347514817069e-28 1.265994868742882922e-26 5.132196928437974094e-25 1.577144547381281062e-23 3.673977604427499220e-22 6.487813093793261195e-21 8.684743065037383685e-20 8.812770056048653428e-19 6.778985767239540817e-18 3.952881771209566542e-17 1.747268901769767525e-16 5.854670917889617581e-16 1.487106425817297046e-15 2.863376331601682935e-15 4.179377793192963509e-15 4.624253673196119145e-15 3.878541913699333003e-15
1.715743535757640658e-32 2.106378729873116602e-30 1.960276661532280103e-28 1.382913758843367327e-26 7.395535823195188110e-25 2.998064776806286315e-23 9.213172412063046591e-22 2.146219835325313010e-20 3.789972245068228846e-19 5.073348244808317389e-18 5.148137505154998252e-17 3.960065978492709475e-16 2.309146700797016410e-15 1.020698430525603197e-14 3.420110900549448985e-14 8.687198595012001780e-14 1.672692580237489521e-13 2.441458409615602192e-13 2.701340624675909723e-13 2.265719741266422388e-13
7.597783085076661632e-31 9.327622894133909625e-29 8.680642852886343176e-27 6.123921522117342831e-25 3.274946156666624090e-23 1.327625334116401567e-21 4.079845504494761792e-20 9.504050239355864146e-19 1.678303686790456005e-17 2.246617788484728770e-16 2.279736524785635014e-15 1.753625858417901131e-14 1.022553509812805914e-13 4.519932675711489767e-13 1.514518936410056343e-12 3.846929868381409624e-12 7.407141643141720761e-12 1.081144764407018432e-11 1.196227739021027172e-11 1.003322860727941805e-11
2.550458309821002503e-29 3.131138788095613544e-27 2.913957591421382138e-25 2.055705770997049803e-23 1.099348789766412447e-21 4.456632978081258991e-20 1.369541056017060765e-18 3.190362720085039073e-17 5.633805988467125587e-16 7.541548558930338443e-15 7.652723036095058687e-14 5.886650872810198326e-13 3.432554032058654730e-12 1.517271515061092420e-11 5.084005904742549326e-11 1.291354878159560998e-10 2.486462925333872238e-10 3.629235814743608277e-10 4.015551567163190519e-10 3.367999716395075800e-10
6.490025254884893843e-28 7.967654179266470587e-26 7.415003917988211840e-24 5.231052912729171068e-22 2.797458551679637758e-20 1.134057375810631239e-18 3.485003462682067910e-17 8.118358393024793798e-16 1.433606775906856971e-14 1.919060602556319941e-13 1.947350622499766763e-12 1.497946964438311930e-11 8.734650659073551941e-11 3.860925863146160665e-10 1.293701864904380945e-09 3.286046958698395265e-09 6.327179361690624932e-09 9.235137074352661602e-09 1.021817568349538998e-08 8.570382481328729806e-09
1.251904971598604776e-26 1.536934832648660809e-24 1.430330376968189002e-22 1.009053261112026217e-20 5.396207458596222112e-19 2.187560157469027744e-17 6.722459450656504523e-16 1.566005190164280262e-14 2.765381303754375819e-13 3.701806102111818484e-12 3.756376639548725188e-11 2.889491455460632156e-10 1.684885983616276516e-09 7.447601655183425892e-09 2.495509235840253998e-08 6.338678761541981348e-08 1.220492523220087045e-07 1.781428201388674961e-07 1.971053183376665933e-07 1.653199181128193831e-07
1.830598747413359202e-25 2.247383821720861364e-23 2.091501396565091420e-21 1.475488697441881053e-19 7.890607385219430604e-18 3.198761068134923121e-16 9.829920105033837571e-15 2.289891968315246083e-13 4.043680363621266948e-12 5.412968050633969106e-11 5.492763849631486023e-10 4.225160502616659796e-09 2.463725475268117873e-08 1.089025970062513279e-07 3.649059780834850214e-07 9.268736576960334609e-07 1.784665877140097799e-06 2.604894387394885390e-06 2.882173623743184001e-06 2.417391430544145369e-06
2.029138901627217476e-24 2.491126985629737574e-22 2.318338113458538477e-20 1.635514893212442833e-18 8.746394274244721678e-17 3.545687185427511679e-15 1.089603787460016679e-13 2.538245412872544489e-12 4.482243387942840542e-11 6.000039091213483236e-10 6.088489255489578450e-09 4.683406209904024150e-08 2.730932276590090751e-07 1.207137808795395898e-06 4.044823676470758597e-06 1.027399040003736191e-05 1.978224317496437518e-05 2.887411861043851974e-05 3.194763805801176476e-05 2.679573008070981933e-05
1.705011107493060309e-23 2.093202775457269779e-21 1.948014614081604329e-19 1.374263268601926079e-17 7.349274796388796457e-16 2.979311091025729655e-14 9.155541589075235513e-13 2.132794664288618968e-11 3.766264969244509675e-10 5.041613113674847814e-09 5.115934547475852173e-08 3.935294721512052224e-07 2.294702379252324419e-06 1.014313692680415004e-05 3.398717204969615031e-05 8.632857876951270735e-05 1.662229447052393516e-04 2.426186443441132490e-04 2.684443026714255272e-04 2.251547066805464979e-04
1.086024111980864454e-22 1.333286730755867117e-20 1.240807659308654802e-18 8.753509225554425459e-17 4.681195095665367606e-15 1.897702406586296536e-13 5.831715042958885635e-12 1.358505185768118367e-10 2.398960658222606205e-09 3.211306589539091382e-08 3.258646380341708679e-07 2.506625872717658936e-06 1.461633946392350545e-05 6.460773906528705134e-05 2.164847383210510216e-04 5.498786353045010192e-04 1.058773899601040411e-03 1.545384054190912515e-03 1.709883203363491777e-03 1.434145732578738291e-03
5.243829253536538842e-22 6.437728117599012361e-20 5.991196171535431644e-18 4.226601163057147093e-16 2.260298598655271258e-14 9.162989370478406163e-13 2.815823111402127310e-11 6.559494541256987815e-10 1.158329722046961393e-08 1.550568099780494413e-07 1.573425951381442287e-06 1.210315492448292480e-05 7.057448137200565707e-05 3.119561972684603622e-04 1.045288950059820648e-03 2.655069663642323739e-03 5.112252560840659793e-03 7.461832589088931121e-03 8.256110949115106484e-03 6.924722262946836522e-03
1.919351143785403663e-21 2.356343089844090462e-19 2.192903061579279614e-17 1.547024394657270740e-15 8.273165450037685464e-14 3.353845687645191833e-12 1.030650131470644890e-10 2.400912146772283758e-09 4.239728964081108508e-08 5.675403435044589275e-07 5.759067950980471600e-06 4.430007752836609804e-05 2.583173574007316094e-04 1.141824905214743058e-03 3.825976104257194921e-03 9.718110085878526802e-03 1.871191323278090582e-02 2.731186738192155697e-02 3.021909224583580605e-02 2.534593129022955429e-02
5.325460270725289459e-21 6.537944632900271200e-19 6.084461496170087794e-17 4.292396927089475458e-15 2.295484807976274721e-13 9.305630197751226218e-12 2.859657205476095471e-10 6.661606602073183311e-09 1.176361513106311624e-07 1.574705890140502136e-06 1.597919571343579110e-05 1.229156549239232782e-04 7.167311872715620468e-04 3.168124388564541247e-03 1.061561028368245875e-02 2.696401298764497176e-02 5.191835315444243149e-02 7.577991402598883985e-02 8.384634343416133562e-02 7.032519846495689786e-02
1.120099702162392814e-20 1.375120546166134005e-18 1.279739808996918788e-16 9.028163342097167535e-15 4.828074418030251258e-13 1.957245586871113324e-11 6.014693606387708254e-10 1.401130266978590405e-08 2.474231547100107377e-07 3.312066016595253236e-06 3.360891162366402271e-05 2.585274914700115383e-04 1.507494842852403604e-03 6.663490109111745892e-03 2.232772626694544404e-02 5.671318793342654263e-02 1.091994474632193707e-01 1.593872732409691850e-01 1.763533282264426461e-01 1.479144146246371416e-01
1.785883125982121966e-20 2.192487485576863586e-18 2.040412765152072466e-16 1.439447268857869362e-14 7.697865303865691578e-13 3.120625655241295732e-11 9.589806870641456552e-10 2.233957295291836489e-08 3.944906298259238665e-07 5.280746704741762121e-06 5.358593349810925949e-05 4.121953462959162791e-04 2.403544610500090665e-03 1.062424579083240395e-02 3.559925023165892016e-02 9.042331245640775061e-02 1.741072247538736351e-01 2.541265221549717790e-01 2.811771420725985848e-01 2.358342357003544720e-01
2.158470936578308750e-20 2.649904939230994105e-18 2.466102953843699359e-16 1.739758357847789281e-14 9.303866692256869451e-13 3.771680062811907570e-11 1.159052298357724456e-09 2.700026572451519870e-08 4.767929921301316543e-07 6.382465974277239717e-06 6.476553721928426997e-05 4.981914338225703568e-04 2.904994795603335969e-03 1.284077632457889320e-02 4.302630215331552238e-02 1.092882782119132673e-01 2.104311189305149710e-01 3.071447981701359020e-01 3.398389739866604642e-01 2.850362020915749861e-01
1.977589721856343266e-20 2.427841247669007877e-18 2.259441983634944072e-16 1.593965519150105718e-14 8.524196843389484118e-13 3.455610914164705200e-11 1.061922990707385081e-09 2.473762656671944981e-08 4.368374411306198069e-07 5.847611333065817062e-06 5.933814468607015886e-05 4.564426800233853583e-04 2.661554414505272123e-03 1.176471123600056519e-02 3.942067111766052456e-02 1.001298521322087770e-01 1.927968595284435538e-01 2.814058719483087945e-01 3.113602553794879713e-01 2.611499900512169736e-01
