1.122978472965929834e-30 9.376485174203878861e-29 5.934792386203955848e-27 2.847526732152718411e-25 1.035683144551520211e-23 2.855504350210336704e-22 5.968092743213848934e-21 9.455513522520743290e-20 1.135615982648271032e-18 1.033890849653061383e-17 7.135340566033913835e-17 3.732944567797719494e-16 1.480420855802383704e-15 4.450570325156849213e-15 1.014245198669453101e-14 1.752133012944632323e-14 2.294499693003569997e-14 2.277748423770567726e-14 1.714037522817077389e-14 9.777587580259861068e-15
5.829718653003164158e-29 4.867615171223535664e-27 3.080929039020327371e-25 1.478236680843256751e-23 5.376542375248318704e-22 1.482378102065179193e-20 3.098216254856220000e-19 4.908641161248264494e-18 5.895323762714727967e-17 5.367238033933892924e-16 3.704169669742199131e-15 1.937883681780731668e-14 7.685309456175038155e-14 2.310424773552753303e-13 5.265251557125440518e-13 9.095848900049091263e-13 1.191143729076521189e-12 1.182447641924360819e-12 8.898083764974551937e-13 5.075839481363089698e-13
2.294143501328701490e-27 1.915531156255523976e-25 1.212424433086879105e-23 5.817239693094373910e-22 2.115807037006870949e-20 5.833537245597473909e-19 1.219227394983779393e-17 1.931675933388506814e-16 2.319960791159884464e-15 2.112145540555477580e-14 1.457685573090269017e-13 7.626068288214907261e-13 3.024365976135293744e-12 9.092112836053234998e-12 2.072011251592323091e-11 3.579449349989787478e-11 4.687455446587678126e-11 4.653234117884551570e-11 3.501623707548719542e-11 1.997472751786757482e-11
6.843690861083602793e-26 5.714247195345150410e-24 3.616799911455213776e-22 1.735348730421839209e-20 6.311692914847761242e-19 1.740210475602932670e-17 3.637093920149540896e-16 5.762408900859749418e-15 6.920706771541377124e-14 6.300770254696870017e-13 4.348441773199238523e-12 2.274942862982574377e-11 9.022027514609141508e-11 2.712280617494080981e-10 6.181045108282030038e-10 1.067790432030472540e-09 1.398321246381018823e-09 1.388112635003218280e-09 1.044574158173870962e-09 5.958688289877782471e-10
1.547593890777071071e-24 1.292187831012871365e-22 8.178828589351098958e-21 3.924220348467573796e-19 1.427290857192912951e-17 3.935214426507507957e-16 8.224720323084063545e-15 1.303078849139893701e-13 1.565009837075120496e-12 1.424820868050556388e-11 9.833322485196879658e-11 5.144428274279588403e-10 2.040190731499675461e-09 6.133399358489286938e-09 1.397746894528810109e-08 2.414641430748266061e-08 3.162085287266186950e-08 3.139000105713874042e-08 2.362141450377447311e-08 1.347464369978810823e-08
2.652897369333670299e-23 2.215078334186062908e-21 1.402021097280620204e-19 6.726928751255267433e-18 2.446672982419074932e-16 6.745774884523284125e-15 1.409887893629443736e-13 2.233747801357477087e-12 2.682751918640111389e-11 2.442438908003878557e-10 1.685635715432408480e-09 8.818618577454694713e-09 3.497310668380020785e-08 1.051392042846519979e-07 2.396028494030744581e-07 4.139196941582452810e-07 5.420470958298389298e-07 5.380898162246606566e-07 4.049201070801461183e-07 2.309833803099804154e-07
3.447312950866104028e-22 2.878388103849070895e-20 1.821859202663745957e-18 8.741321421559719418e-17 3.179334246520799144e-15 8.765811068253057259e-14 1.832081727382805827e-12 2.902648181419270392e-11 3.486107506455043289e-10 3.173832269800869470e-09 2.190402802394171162e-08 1.145937207455700506e-07 4.544587551585855231e-07 1.366233555673788032e-06 3.113524161769983657e-06 5.378687991419194926e-06 7.043642151535273055e-06 6.992219200196013512e-06 5.261742671764516109e-06 3.001518293100904654e-06
3.395766285702482622e-21 2.835348405998957877e-19 1.794617473341962643e-17 8.610614991703524807e-16 3.131794588768673951e-14 8.634738451852132450e-13 1.804687143630244184e-11 2.859245729704574026e-10 3.433980757615927997e-09 3.126374881502014465e-08 2.157650348109423997e-07 1.128802342599170694e-06 4.476633659332033385e-06 1.345804663770624022e-05 3.066968543021973085e-05 5.298262038549549356e-05 6.938320624684529573e-05 6.887666585739412022e-05 5.183065368153179267e-05 2.956637465441179789e-05
2.535663930378183716e-20 2.117192432652810197e-18 1.340064778644881034e-16 6.429660941262199798e-15 2.338552747145704081e-13 6.447674250373691928e-12 1.347583935616402085e-10 2.135036882669300111e-09 2.564199185721685683e-08 2.334505779518061761e-07 1.611146263246793764e-06 8.428917492662478254e-06 3.342761999634171854e-05 1.004930273801798849e-04 2.290146275051010896e-04 3.956282857688734364e-04 5.180936455929290117e-04 5.143112410139715190e-04 3.870263969035061050e-04 2.207760589381392558e-04
1.435299101491286236e-19 1.198425532604986684e-17 7.585365511912499051e-16 3.639475429423671082e-14 1.323725363032468039e-12 3.649671767381880818e-11 7.627927300625484729e-10 1.208526288769253000e-08 1.451451331234619869e-07 1.321434598499314591e-06 9.119807859018073292e-06 4.771143982774669683e-05 1.892152677290543229e-04 5.688354445433108650e-04 1.296325136578363717e-03 2.239432900731092545e-03 2.932641566175402288e-03 2.911231465930593822e-03 2.190742365634240196e-03 1.249691156735573128e-03
6.158712806293851975e-19 5.142314007843522030e-17 3.254798088433033424e-15 1.561659441721559585e-13 5.679961993185664209e-12 1.566034579774337375e-10 3.273060890446455331e-09 5.185655257257995405e-08 6.228020272638041094e-07 5.670132570975413837e-06 3.913210660685062324e-05 2.047246146594522019e-04 8.119021960638489466e-04 2.440811210250734987e-03 5.562390592644185852e-03 9.609163741716502879e-03 1.258364695630915034e-02 1.249177853778598440e-02 9.400237935426576999e-03 5.362289241944643257e-03
2.003246125476307777e-18 1.672641822438565107e-16 1.058689025602551079e-14 5.079613751018190212e-13 1.847522723266757072e-11 5.093844774006783489e-10 1.064629371990568536e-08 1.686739441972653186e-07 2.025789783183270445e-06 1.844325504533288518e-05 1.272851055204067691e-04 6.659082896138052632e-04 2.640876396880341859e-03 7.939233008165425334e-03 1.809280243058743881e-02 3.125575203797312240e-02 4.093086137062078994e-02 4.063204072538448286e-02 3.057617852135354614e-02 1.744193224374939247e-02
4.939414698831004425e-18 4.124241898467727811e-16 2.610415199634519876e-14 1.252483082686490507e-12 4.555446672114895685e-11 1.255992033645401987e-09 2.625062343533597158e-08 4.159002474444695884e-07 4.995000716358776988e-06 4.547563272762889766e-05 3.138475662845792522e-04 1.641933635593466898e-03 6.511623073497801832e-03 1.957580934227562755e-02 4.461151983880162764e-02 7.706747517241470391e-02 1.009234440634635133e-01 1.001866403983405485e-01 7.539184711341678780e-02 4.300666573375034468e-02
9.232376089375174587e-18 7.708717451730503681e-16 4.879188394153446504e-14 2.341045563086309767e-12 8.514692427426829462e-11 2.347604225783635491e-09 4.906565715021751855e-08 7.773689261159384822e-07 9.336273221002624141e-06 8.499957380438851579e-05 5.866198615313861914e-04 3.068976743576840895e-03 1.217102770921676611e-02 3.658960527136252000e-02 8.338444009730829054e-02 1.440486289233232353e-01 1.886383809906526099e-01 1.872612039453530886e-01 1.409166731411452822e-01 8.038476957563339687e-02
1.308122165840593262e-17 1.092237152298822813e-15 6.913252263466067837e-14 3.316993981473764131e-12 1.206434594064061098e-10 3.326286856860975896e-09 6.952042797909713989e-08 1.101442915067358900e-06 1.322843201848380166e-05 1.204346806327396960e-04 8.311732931619333605e-04 4.348389261722381861e-03 1.724495511595219507e-02 5.184328847901865933e-02 1.181462207795287156e-01 2.041004424314978860e-01 2.672790245039246559e-01 2.653277220420194871e-01 1.996628190705794503e-01 1.138960305125428507e-01
1.405011701882992323e-17 1.173136592502483522e-15 7.425300619378505784e-14 3.562675934056462053e-12 1.295792370529268661e-10 3.572657110894622814e-09 7.466964277589356629e-08 1.183024204494931375e-06 1.420823090448135194e-05 1.293549945259166254e-04 8.927363465588173275e-04 4.670464239963647950e-03 1.852224843295895498e-02 5.568319907667797913e-02 1.268970338269748421e-01 2.192176827700779984e-01 2.870757540100019600e-01 2.849799231583566295e-01 2.144513750708019195e-01 1.223320419506182116e-01
1.143953568436771460e-17 9.551620028917964049e-16 6.045642985656212934e-14 2.900713099033749080e-12 1.055027729828506740e-10 2.908839723777094913e-09 6.079565329805058766e-08 9.632124476012033293e-07 1.156827122690301449e-05 1.053201958280662343e-04 7.268615115094703922e-04 3.802668850659643354e-03 1.508072293060542211e-02 4.533698488088867828e-02 1.033189364016404849e-01 1.784859514929186264e-01 2.337356569851311849e-01 2.320292418866900797e-01 1.746052473724140075e-01 9.960214262700903265e-02
7.060470987974204353e-18 5.895251167797385655e-16 3.731365335238667124e-14 1.790317478370322915e-12 6.511621523364460514e-11 1.795333223747904397e-09 3.752302175099598242e-08 5.944938439098728285e-07 7.139926447380104274e-06 6.500352878027884163e-05 4.486182617796828035e-04 2.347003745409411996e-03 9.307808434455892149e-03 2.798194570704138143e-02 6.376835328806047809e-02 1.101613664266809095e-01 1.442614342515444459e-01 1.432082364095683680e-01 1.077661993839156285e-01 6.147435156123085692e-02
3.303358950435836264e-18 2.758191449746093968e-16 1.745781421452064276e-14 8.376298516585491809e-13 3.046570586819782512e-11 8.399765516753555499e-10 1.755577070703541252e-08 2.781438467212150997e-07 3.340533510523473392e-06 3.041298363409294890e-05 2.098935259280886002e-04 1.098084793820405065e-03 4.354813206267983509e-03 1.309181936437445008e-02 2.983508620706174647e-02 5.154083012275489928e-02 6.749511482296752241e-02 6.700235867060924666e-02 5.042021132806202843e-02 2.876179929043183245e-02
1.171587371929644148e-18 9.782352812310976431e-17 6.191683974436930549e-15 2.970783893845344395e-13 1.080513404920600995e-11 2.979106828611590480e-10 6.226425760404116304e-09 9.864801957277986561e-08 1.184771904948676066e-06 1.078643529299332262e-05 7.444198711577891515e-05 3.894527652159096641e-04 1.544501895230880519e-03 4.643216336166404098e-03 1.058147502741543615e-02 1.827975300795696076e-02 2.393818697271679966e-02 2.376342337778037522e-02 1.788230821061333881e-02 1.020081721309736879e-02
