3.533519559494563520e-07 2.260415950664075988e-06 1.096140050651838048e-05 4.029401545423254982e-05 1.122824474522441545e-04 2.371810633304585443e-04 3.797912654048417498e-04 4.610061854959580821e-04 4.241948113547693651e-04 2.958835161025292430e-04 1.564490784440288800e-04 6.270787255935485584e-05 1.905320078952430171e-05 4.388444808797933099e-06 7.662141302772536596e-07 1.014113332192251078e-07 1.017465394419024385e-08 7.738372321352654771e-10 4.461453954063770486e-11 1.949844726194861184e-12
2.040840619276182793e-06 1.305539310283286054e-05 6.330931814923101313e-05 2.327245174907218404e-04 6.485051964027073153e-04 1.369877087187129291e-03 2.193545070952915288e-03 2.662614804465096314e-03 2.450004837734201003e-03 1.708922472535215906e-03 9.035966230297895431e-04 3.621793266253529203e-04 1.100448021972977574e-04 2.534616342275917888e-05 4.425392003085069971e-06 5.857173410364564793e-07 5.876533780770209931e-08 4.469420444571701054e-09 2.576783939406313597e-10 1.126163942635460088e-11
8.935266267493544449e-06 5.715949226940777891e-05 2.771826518611092026e-04 1.018921081397856010e-03 2.839303839300554456e-03 5.997634706083348859e-03 9.603841227770025177e-03 1.165753563553816735e-02 1.072668065062648037e-02 7.482052825869963883e-03 3.956152356494496355e-03 1.585703797451269020e-03 4.818012733082753345e-04 1.109712913897614733e-04 1.937537675020695277e-05 2.564404270582002682e-06 2.572880682849467829e-07 1.956814332115325946e-08 1.128174850839762380e-09 4.930602906103964529e-11
2.965532770582975059e-05 1.897071026204149376e-04 9.199437520084028123e-04 3.381705443424685899e-03 9.423388547154952846e-03 1.990559848404521368e-02 3.187426656555253368e-02 3.869028959684808061e-02 3.560086743552005883e-02 2.483224582469488115e-02 1.313010615171573796e-02 5.262805197968334174e-03 1.599054154773489524e-03 3.683035192890384197e-04 6.430509508615691336e-05 8.511022138310738233e-06 8.539154571753252821e-07 6.494486962236058620e-08 3.744308665186958552e-09 1.636421798640433874e-10
7.460961100503618831e-05 4.772826411430686373e-04 2.314479413773855819e-03 8.508006728852624337e-03 2.370823080516258272e-02 5.008034220525899027e-02 8.019222222451465043e-02 9.734060217198553522e-02 8.956794870568413058e-02 6.247525637687370570e-02 3.303393313174429746e-02 1.324065114068896654e-02 4.023048055550019000e-03 9.266119929114486264e-04 1.617846943932731824e-04 2.141281517080602720e-05 2.148359334384096958e-06 1.633942982307548924e-07 9.420277387036511530e-09 4.117061023497744638e-10
1.422930352021239725e-04 9.102580048694949421e-04 4.414100224654487516e-03 1.622619505262954190e-02 4.521557042176994889e-02 9.551160769175313925e-02 1.529400106262337466e-01 1.856448458164368098e-01 1.708210927047943972e-01 1.191507868107787999e-01 6.300124805184428856e-02 2.525214129227830451e-02 7.672627036610258668e-03 1.767204401014220612e-03 3.085505326239127940e-04 4.083782802017833785e-05 4.097281386089694606e-06 3.116203169643351672e-07 1.796604812424068070e-08 7.851925526140495965e-10
2.057165963791978368e-04 1.315982741689922849e-03 6.381574987157345551e-03 2.345861562142083703e-02 6.536927993206238796e-02 1.380835177290489768e-01 2.211091947791801737e-01 2.683913921890135335e-01 2.469603219236214675e-01 1.722592696388766664e-01 9.108247848151546089e-02 3.650765162578072098e-02 1.109250861798269025e-02 2.554891558582468580e-03 4.460792145744638787e-04 5.904026835815731448e-05 5.923542076089136528e-06 4.505172784982026634e-07 2.597396467967461908e-08 1.135172492431628361e-09
2.254508290161706034e-04 1.442223939667356802e-03 6.993754498210075221e-03 2.570898232086353888e-02 7.164010396957870563e-02 1.513297618831845326e-01 2.423200273748301881e-01 2.941379691032842136e-01 2.706510329830197348e-01 1.887839670175095741e-01 9.981994960024359598e-02 4.000980217120732318e-02 1.215660431783275111e-02 2.799980313047213242e-03 4.888712456982138247e-04 6.470395525185605767e-05 6.491782847237051035e-06 4.937350496325805231e-07 2.846562685236767142e-08 1.244068704225084119e-09
1.872971471607962773e-04 1.198152300639025464e-03 5.810181631063236589e-03 2.135817848227877791e-02 5.951624642215225247e-02 1.257197979928922627e-01 2.013115233387605396e-01 2.443601681356607491e-01 2.248479926867167633e-01 1.568355219911001519e-01 8.292713702338661008e-02 3.323883011580086588e-02 1.009930776404188713e-02 2.326131720289755737e-03 4.061381812069214908e-04 5.375392178231120505e-05 5.393160063242346248e-06 4.101788698361521847e-07 2.364830825798298863e-08 1.033531436500833329e-09
1.179525427657076886e-04 7.545502567619292002e-04 3.659029022615906384e-03 1.345055970695488608e-02 3.748104393355495417e-02 7.917349556062355798e-02 1.267782581090754757e-01 1.538886396252065747e-01 1.416006216602682388e-01 9.876898231106345794e-02 5.222432281785497482e-02 2.093253736187568673e-02 6.360155768520624892e-03 1.464908330827883760e-03 2.557702128077222895e-04 3.385215340418014699e-05 3.396404871323381284e-06 2.583148831647840855e-07 1.489279539715397000e-08 6.508783652690075995e-10
5.630931864047123960e-05 3.602144544069078576e-04 1.746782445872904896e-03 6.421157481412114419e-03 1.789306102560463477e-02 3.779660433653001667e-02 6.052262346499664297e-02 7.346483798163344625e-02 6.759866585152563001e-02 4.715128615578831339e-02 2.493134921368040172e-02 9.992975892047574124e-03 3.036272295409810345e-03 6.993320198574800185e-04 1.221020426862585984e-04 1.616066638333022156e-05 1.621408404151833454e-06 1.233168418810107184e-07 7.109665818153884565e-09 3.107225703384918819e-10
2.037746032973186412e-05 1.303559682854536024e-04 6.321332037902484572e-04 2.323716305002356680e-03 6.475218490118070727e-03 1.367799902506093047e-02 2.190218934424927738e-02 2.658577403785088167e-02 2.446289823763234464e-02 1.706331183423052608e-02 9.022264730500953456e-03 3.616301435226563707e-03 1.098779380461342367e-03 2.530773029406664112e-04 4.418681651797081057e-05 5.848292007064966469e-06 5.867623020774890957e-07 4.462643331670542816e-08 2.572876686576596248e-09 1.124456307321417552e-10
5.590062451687273547e-06 3.576000109310186956e-05 1.734104265101590403e-04 6.374552596240089112e-04 1.776319284266592632e-03 3.752227585134713158e-03 6.008334909350505210e-03 7.293162876690439597e-03 6.710803342755655883e-03 4.680906120906103141e-03 2.475039699896666723e-03 9.920446679779558029e-04 3.014234972374487970e-04 6.942562545337171845e-05 1.212158236992401131e-05 1.604337195420606248e-06 1.609640190599806007e-07 1.224218058579452066e-08 7.058063726159479614e-10 3.084673399142426685e-11
1.162465526966868604e-06 7.436369248876867044e-06 3.606107169229147972e-05 1.325601942198268172e-04 3.693894210829642023e-04 7.802838080523944158e-04 1.249446185432761137e-03 1.516628928563793898e-03 1.395526009168797247e-03 9.734045097974101035e-04 5.146898364500161619e-04 2.062978254183165218e-04 6.268166547058277838e-05 1.443720834519454877e-05 2.520709161857918113e-06 3.336253752843582861e-07 3.347281445537123703e-08 2.545787820598271161e-09 1.467739553843307465e-10 6.414644772658042213e-12
1.832484563927318161e-07 1.172252556666054656e-06 5.684586398636826223e-06 2.089649147126609353e-05 5.822971920541712573e-05 1.230021880708374535e-04 1.969598921558952714e-04 2.390779800628005565e-04 2.199875876778407372e-04 1.534453020138317142e-04 8.113455054154148608e-05 3.252032614138861534e-05 9.880997049074008359e-06 2.275849117676733652e-06 3.973589342737088537e-07 5.259195530195448156e-08 5.276579337429177196e-09 4.013122777458037447e-10 2.313711687692985849e-11 1.011190203604888824e-12
2.189764378709124854e-08 1.400806829137273753e-07 6.792911137407568391e-07 2.497068382704938154e-06 6.958277707124763363e-06 1.469839447725266393e-05 2.353611945047071388e-05 2.856910528911912566e-05 2.628786035843480562e-05 1.833625576141440582e-05 9.695336711468731120e-06 3.886081944166408607e-06 1.180749665788204217e-06 2.719571791930665941e-07 4.748320706012231147e-08 6.284581741854725588e-09 6.305354872824615129e-10 4.795561980958883909e-11 2.764816433408189430e-12 1.208342122788787131e-13
1.983587066372964128e-09 1.268913831908083137e-08 6.153324442662485709e-08 2.261956855240409854e-07 6.303120919439067809e-07 1.331446682803081052e-06 2.132007561566251145e-06 2.587918056405266399e-06 2.381272629905003983e-06 1.660980520447112398e-06 8.782472074158682417e-07 3.520187814845221391e-07 1.069576155523349684e-07 2.463510451168495231e-08 4.301242467460877260e-09 5.692856812318535953e-10 5.711674048693617615e-11 4.344035739145381892e-12 2.504495082451237672e-13 1.094570644139547125e-14
1.362077968937184602e-10 8.713303309050146383e-10 4.225328850524671949e-09 1.553227307961336527e-08 4.328190219355263201e-08 9.142700233353838314e-08 1.463994486779370039e-07 1.777056439720493112e-07 1.635158366482747411e-07 1.140552392223275980e-07 6.030696573804130443e-08 2.417221986574641637e-08 7.344503007890466088e-09 1.691628952753110150e-09 2.953552028698259197e-10 3.909137630420039131e-11 3.922058940271930845e-12 2.982937062291358060e-13 1.719772039730041272e-14 7.516133700921906087e-16
7.090053110523986933e-12 4.535554104694499765e-11 2.199419316871034455e-10 8.085046786825975313e-10 2.252961961613997384e-09 4.759068989175323713e-09 7.620561305223412301e-09 9.250149275851050696e-09 8.511524249618754213e-09 5.936941365043924691e-09 3.139171176455475148e-09 1.258241646630055947e-09 3.823049603906195858e-10 8.805471780501827070e-11 1.537418651922433735e-11 2.034831635787514656e-12 2.041557592391822204e-13 1.552714505286253561e-14 8.951965583287753544e-16 3.912388889669556087e-17
2.797652877459368755e-13 1.789677142620649129e-12 8.678654002535697397e-12 3.190265863309682522e-11 8.889927080179630385e-11 1.877873528455135989e-10 3.006985269513470868e-10 3.650001817348985865e-10 3.358548932893855534e-10 2.342648332008780899e-10 1.238680604749252309e-10 4.964875873791072976e-11 1.508531115114258111e-11 3.474537225615731629e-12 6.066476016979545854e-13 8.029210066926528013e-14 8.055749913038226005e-15 6.126831683586545355e-16 3.532341984269185464e-17 1.543783363015622287e-18
