1.381270642613888672e-11 2.902586125359809203e-10 4.623685307135503502e-09 5.583264985129504336e-08 5.110754644377294791e-07 3.546325894142552628e-06 1.865387549451478477e-05 7.438002564149603642e-05 2.248228211415812818e-04 5.151352653380470055e-04 8.947444027670258372e-04 1.178076568006637508e-03 1.175830889387914982e-03 8.896373986820981655e-04 5.102441303625406162e-04 2.218399827595737405e-04 7.311364699758517616e-05 1.826643903624020147e-05 3.459442809423688036e-06 4.966554875701223547e-07
6.885741335811037973e-11 1.446961706673188250e-09 2.304943003992067096e-08 2.783300919517131872e-07 2.547750848116307774e-06 1.767870976635266121e-05 9.299101682388952194e-05 3.707901994855472951e-04 1.120759208954660033e-03 2.567989270632536902e-03 4.460370277225000728e-03 5.872803106654643675e-03 5.861608224482513230e-03 4.434911465573725120e-03 2.543606583242509316e-03 1.105889528161210387e-03 3.644772036785384858e-04 9.105961601550552949e-05 1.724559084716729244e-05 2.475866144485151557e-06
2.602072821831822941e-10 5.467965680883684366e-09 8.710216161282399271e-08 1.051789680217785168e-06 9.627769785955201959e-06 6.680659055378370108e-05 3.514064582901569797e-04 1.401189869949278797e-03 4.235269574056926833e-03 9.704249349473429223e-03 1.685542297865975231e-02 2.219290648099205704e-02 2.215060181512810977e-02 1.675921593479449620e-02 9.612108902880056593e-03 4.179078104794608020e-03 1.377333506469105703e-03 3.441078315970184237e-04 6.516986487201556987e-05 9.356122588504915780e-06
7.453924822251324246e-10 1.566359126231691461e-08 2.495137565214297584e-07 3.012967638485951187e-06 2.757980929216706203e-05 1.913748529406119529e-04 1.006642589005034066e-03 4.013863049747135557e-03 1.213239719584952199e-02 2.779889344389427711e-02 4.828421967134990250e-02 6.357403033021663541e-02 6.345284394514136284e-02 4.800862397459388503e-02 2.753494696390600127e-02 1.197143052957524122e-02 3.945523863225704718e-03 9.857348671996036225e-04 1.866862715588045582e-04 2.680164590988929455e-05
1.618629269419098640e-09 3.401368793755269698e-08 5.418223004110145278e-07 6.542697603962347102e-06 5.988990716948947989e-05 4.155729307542060328e-04 2.185937203905480384e-03 8.716154738193676588e-03 2.634565504443739381e-02 6.036565119549969910e-02 1.048497980256036799e-01 1.380518166218188680e-01 1.377886588430439208e-01 1.042513384597604925e-01 5.979248805224688518e-02 2.599611387834648707e-02 8.567755324207544307e-03 2.140535819697636424e-03 4.053916165638722321e-04 5.820011547319420351e-05
2.664443957398428687e-09 5.599031662548201223e-08 8.918998201681766659e-07 1.077000856546906043e-05 9.858545392804320346e-05 6.840793040915301489e-04 3.598295968222929402e-03 1.434776094977228966e-02 4.336788090582781308e-02 9.936858155295408279e-02 1.725944390490513347e-01 2.272486575866071168e-01 2.268154705889748879e-01 1.716093079853269754e-01 9.842509121671945416e-02 4.279249723678841405e-02 1.410347899506704701e-02 3.523560235899536684e-03 6.673197275873035423e-04 9.580386869446356200e-05
3.324777676300369957e-09 6.986649289000408977e-08 1.112940883352959409e-06 1.343915827263192665e-05 1.230180561755694251e-04 8.536158520982178909e-04 4.490067833721834989e-03 1.790359117077264250e-02 5.411581726227610717e-02 1.239952676638305107e-01 2.153688150994803319e-01 2.835680824193050897e-01 2.830275379445781336e-01 2.141395373134694635e-01 1.228179504982703923e-01 5.339783527101747695e-02 1.759876839997583445e-02 4.396810216589069724e-03 8.327027209847725868e-04 1.195471058995642227e-04
3.144962339898434159e-09 6.608787424377369543e-08 1.052749237829683474e-06 1.271232267608126849e-05 1.163648193855126189e-04 8.074493902932117174e-04 4.247229624194823368e-03 1.693530378959731686e-02 5.118904896885161787e-02 1.172891799376795108e-01 2.037209337347658800e-01 2.682317516635548960e-01 2.677204416808832144e-01 2.025581394914588440e-01 1.161755361069369552e-01 5.050989789678766995e-02 1.664696687572396472e-02 4.159015697627084854e-03 7.876673127636456360e-04 1.130815899595249280e-04
2.255096381132969642e-09 4.738833408374546042e-08 7.548742210206817334e-07 9.115375563941177675e-06 8.343943574724498014e-05 5.789818767931719260e-04 3.045477535248255867e-03 1.214346569585367241e-02 3.670512604199371864e-02 8.410224881486381976e-02 1.460781690763063301e-01 1.923356743600859453e-01 1.919690393524320082e-01 1.452443870443826390e-01 8.330371010401242671e-02 3.621814052060161326e-02 1.193671360767323449e-02 2.982223707358265270e-03 5.647971309594089192e-04 8.108519490211828933e-05
1.225777333250375381e-09 2.575834286566854685e-08 4.103184756641336104e-07 4.954741998534830431e-06 4.535423403357555922e-05 3.147106557721819457e-04 1.655395912504199632e-03 6.600686836099898223e-03 1.995139183087580800e-02 4.571451186527560745e-02 7.940206460111118303e-02 1.045457355962637197e-01 1.043464479357813085e-01 7.894885509567529935e-02 4.528045917481240273e-02 1.968668659754842232e-02 6.488304932863269564e-03 1.621013741916033308e-03 3.070004132892380460e-04 4.407456586102557653e-05
5.050738502101646538e-10 1.061356337182273738e-08 1.690691504031257220e-07 2.041570316333168940e-06 1.868792723220632192e-05 1.296745487955231911e-04 6.820954870601177904e-04 2.719771547333361093e-03 8.220845675414194254e-03 1.883637744960396654e-02 3.271712193957494741e-02 4.307741362833095167e-02 4.299529839969287726e-02 3.253037980978261412e-02 1.865752876508390903e-02 8.111775546818383864e-03 2.673465290053207016e-03 6.679285296474691451e-04 1.264975918137946039e-04 1.816064800018840541e-05
1.577593110092956259e-10 3.315135883981167804e-09 5.280857971448243693e-08 6.376824425729656905e-07 5.837155344942028113e-06 4.050371537728692396e-05 2.130518418967401924e-04 8.495179174915850305e-04 2.567772909105139976e-03 5.883523621593235962e-03 1.021916025398411296e-02 1.345518698154757158e-02 1.342953837216516282e-02 1.016083153686643363e-02 5.827660414196809795e-03 2.533704963730792990e-03 8.350542044308193910e-04 2.086268069447475720e-04 3.951139604747982699e-05 5.672460205175757499e-06
3.735355471518759746e-11 7.849432711028752254e-10 1.250378287770310103e-08 1.509876396972868024e-07 1.382095929320421153e-06 9.590291304103910729e-06 5.044547660957044983e-05 2.011451102919964689e-04 6.079859581206185568e-04 1.393074805608983825e-03 2.419647748512122973e-03 3.185859902042184090e-03 3.179786937297314400e-03 2.405836931816849548e-03 1.379847761444691172e-03 5.999195000875982581e-04 1.977204560275756166e-04 4.939773632636063739e-05 9.355334304458396395e-06 1.343100139625178373e-06
6.704489164182607910e-12 1.408873585321066289e-10 2.244270390168981032e-09 2.710036573478715701e-08 2.480686845640990757e-07 1.721335616381822719e-06 9.054323046084288064e-06 3.610299535515666209e-05 1.091257659217508913e-04 2.500392535681147704e-04 4.342960726156134231e-04 5.718214331864146082e-04 5.707314130628442315e-04 4.318172062376211405e-04 2.476651669530700699e-04 1.076779390445479372e-04 3.548831336352425986e-05 8.866266958003269467e-06 1.679163815861538047e-06 2.410694350561472094e-07
9.122130239179606553e-13 1.916913879807211074e-11 3.053555056875363459e-10 3.687276684446223391e-09 3.375223366673250981e-08 2.342049825639156647e-07 1.231931501884320012e-06 4.912174777068003660e-06 1.484765542625502303e-05 3.402034935250244858e-05 5.909033842471475724e-05 7.780204366571990952e-05 7.765373549059959989e-05 5.875306378093762849e-05 3.369733104683902958e-05 1.465066405205477912e-05 4.828541124361030971e-06 1.206344584138069275e-06 2.284670859494814971e-07 3.279991554040684690e-08
9.408570926708029711e-14 1.977106194021987596e-12 3.149438626498234410e-11 3.803059515967757587e-10 3.481207525675878374e-09 2.415591678769093507e-08 1.270614934058097167e-07 5.066420187242038563e-07 1.531388124379656023e-06 3.508860994547606106e-06 6.094581260901950595e-06 8.024507728773612209e-06 8.009211214165244832e-06 6.059794732705630896e-06 3.475544865970464730e-06 1.511070421523887743e-06 4.980160384682587487e-07 1.244224570831593563e-07 2.356410976617806081e-08 3.382985373597402664e-09
7.356104282660542836e-15 1.545803231374328300e-13 2.462392976450284775e-12 2.973427379200486202e-11 2.721786952337349912e-10 1.888633718316435523e-09 9.934320558188704508e-09 3.961187679558589100e-08 1.197317937858838851e-07 2.743407855488569637e-07 4.765056846951990462e-07 6.273972543726991667e-07 6.262012942476501640e-07 4.737858951433400979e-07 2.717359593960106956e-07 1.181432513583950042e-07 3.893745332790732067e-08 9.727987135755362087e-09 1.842363203916618745e-09 2.644991825937700158e-10
4.359823529126572385e-16 9.161682652367394179e-15 1.459413627671022048e-13 1.762294028449897964e-12 1.613151518806123029e-11 1.119357394433199328e-10 5.887883430033699046e-10 2.347720829533914756e-09 7.096276394051157655e-09 1.625965818149571319e-08 2.824158842872343999e-08 3.718464565777179412e-08 3.711376336882196595e-08 2.808039165898195781e-08 1.610527507443138831e-08 7.002126496411628686e-09 2.307749029379979781e-09 5.765593522848648840e-10 1.091933737884358234e-10 1.567636503502616788e-11
1.958784973829292346e-17 4.116168050050638011e-16 6.556865123979916546e-15 7.917648591360131412e-14 7.247579940879785935e-13 5.029057781610988921e-12 2.645312938324137577e-11 1.054785876748174325e-10 3.188220687820282048e-10 7.305152126626317737e-10 1.268840325340812097e-09 1.670634709983369680e-09 1.667450104882314965e-09 1.261598064082070674e-09 7.235790761811795994e-10 3.145920947119350984e-10 1.036827314665244668e-10 2.590370431811016797e-11 4.905848559915525593e-12 7.043089719051979156e-13
6.671161219066347086e-19 1.401870089547187971e-17 2.233114145665046776e-16 2.696565010176551474e-15 2.468355377423562241e-14 1.712778875138066012e-13 9.009314101456990652e-13 3.592352774498314274e-12 1.085833028871557544e-11 2.487963110685794697e-11 4.321371914066349134e-11 5.689789148565532429e-11 5.678943132115517307e-11 4.296706474473349129e-11 2.464340260131271430e-11 1.071426731421309288e-11 3.531190133106581739e-12 8.822192838211803070e-13 1.670816710194598119e-13 2.398710814300891166e-14
