4.046801150557675576e-06 3.638423584957086002e-05 2.479770396068911999e-04 1.281169240721112936e-03 5.017626783627068474e-03 1.489659552778697070e-02 3.352528793001233187e-02 5.719457357234370570e-02 7.396631039755703629e-02 7.251200343413306826e-02 5.388683452397277640e-02 3.035653933140543964e-02 1.296339239622336381e-02 4.196448459845177753e-03 1.029774040111358690e-03 1.915573430385207891e-04 2.701173555157293391e-05 2.887373680154813808e-06 2.339646890839032996e-07 1.437124719997064782e-08
8.409217286396973126e-06 7.560612287964583794e-05 5.152941126856330854e-04 2.662258441927000015e-03 1.042658443441198471e-02 3.095499481200532366e-02 6.966525418567817707e-02 1.188498220888309365e-01 1.537013440654046714e-01 1.506793069547185948e-01 1.119763693666437215e-01 6.308062239867301413e-02 2.693781566550310438e-02 8.720183082171208480e-03 2.139861420666528367e-03 3.980544782127031682e-04 5.613014948969469756e-05 5.999937175094330460e-06 4.861765712357089722e-07 2.986332559592740474e-08
1.324634626218181649e-05 1.190960881490031381e-04 8.117003058702270931e-04 4.193636097170163127e-03 1.642413830518022616e-02 4.876084965566999940e-02 1.097379277949176307e-01 1.872143200692459597e-01 2.421130475182944886e-01 2.373526817646272602e-01 1.763871370302121377e-01 9.936570054842545907e-02 4.243291874848995060e-02 1.373618502674599229e-02 3.370747165385472571e-03 6.270223815178348767e-04 8.841719396301786526e-05 9.451206059474943539e-06 7.658338449127915994e-07 4.704123319822342024e-08
1.581734006480238903e-05 1.422115419116474978e-04 9.692438589883868800e-04 5.007582237703449811e-03 1.961191227395811879e-02 5.822488145688854699e-02 1.310370488271565825e-01 2.235508952374521130e-01 2.891049600338432835e-01 2.834206511332399425e-01 2.106222556954526759e-01 1.186516678066130009e-01 5.066875744469964693e-02 1.640225202185688000e-02 4.024978143564620497e-03 7.487216505146895764e-04 1.055781569353520812e-04 1.128559810428910071e-05 9.144751404169877748e-07 5.617150328376027785e-08
1.431751410660310086e-05 1.287268117837756312e-04 8.773385769637005250e-04 4.532755130417686490e-03 1.775227879589537372e-02 5.270390332375455428e-02 1.186119023416148943e-01 2.023534350904125367e-01 2.616915566470239818e-01 2.565462431785615616e-01 1.906507102161038025e-01 1.074009233305555922e-01 4.586426330257958872e-02 1.484696375881635819e-02 3.643323157570082377e-03 6.777266436230692517e-04 9.556706406248365883e-05 1.021547930294378989e-05 8.277631175290563285e-07 5.084522981483913064e-08
9.824231935103167141e-06 8.832832611961186412e-05 6.020023868340154769e-04 3.110235294667176766e-03 1.218106041097297317e-02 3.616377579813428306e-02 8.138779051947428456e-02 1.388486202556786786e-01 1.795645898314756628e-01 1.760340360973136065e-01 1.308185751946518705e-01 7.369516614319202019e-02 3.147062799186479964e-02 1.018752378469204960e-02 2.499934796501690221e-03 4.650348996325673009e-04 6.557514074833024887e-05 7.009543504069683519e-06 5.679852517259995334e-07 3.488841196700693523e-08
5.110064873345503417e-06 4.594389460742066481e-05 3.131309674844677624e-04 1.617785922818939376e-03 6.335966957762890865e-03 1.881055349815984740e-02 4.233378163301687591e-02 7.222197742968726464e-02 9.340035018064571370e-02 9.156393602230969431e-02 6.804515714808183346e-02 3.833247039884063456e-02 1.636941714178529947e-02 5.299030782499544907e-03 1.300338700637903872e-03 2.418874596192219510e-04 3.410884693238988065e-05 3.646007369832875911e-06 2.954369870943864492e-07 1.814717421749641141e-08
2.014888600194938401e-06 1.811558792059790536e-05 1.234669289705918034e-04 6.378898300188630931e-04 2.498259398035843071e-03 7.416964509490813102e-03 1.669212742492326429e-02 2.847698465936363346e-02 3.682757567615602828e-02 3.610348115982840722e-02 2.683007257917315036e-02 1.511441821938525054e-02 6.454429211429066338e-03 2.089397489145829959e-03 5.127210102505605450e-04 9.537575294964973304e-05 1.344905173481144163e-05 1.437613585694745160e-06 1.164902270570784491e-07 7.155395354628172813e-09
6.022440045988620254e-07 5.414693504101478948e-06 3.690388527265402711e-05 1.906633079795478031e-04 7.467220491764568627e-04 2.216907876560134105e-03 4.989225540651570298e-03 8.511683116623050549e-03 1.100764908428685657e-02 1.079121946074388175e-02 8.019426161920840956e-03 4.517653112307998785e-03 1.929209036824584269e-03 6.245144823094682471e-04 1.532507327826448235e-04 2.850751917126905535e-05 4.019880192903213654e-06 4.296982785205931628e-07 3.481857053173964740e-08 2.138725660784640180e-09
1.364554073327078256e-07 1.226851910590743115e-06 8.361618643914413241e-06 4.320016331433624993e-05 1.691909933624938765e-04 5.023031611856298984e-04 1.130450113617695405e-03 1.928562472845786815e-03 2.494094134772412066e-03 2.445055884139944648e-03 1.817027741485548447e-03 1.023602046546679680e-03 4.371168545300570469e-04 1.415014137425498906e-04 3.472328658517835127e-05 6.459184501390806948e-06 9.108175174224532804e-07 9.736029446195281777e-08 7.889131628326928419e-09 4.845887696460676959e-10
2.343720585341530332e-08 2.107207133980600259e-07 1.436168644803887292e-06 7.419941358795584369e-06 2.905978016915205042e-05 8.627421089165599355e-05 1.941630056130723620e-04 3.312445916272901427e-04 4.283787560864607850e-04 4.199560808899974206e-04 3.120876926095646534e-04 1.758110751770941788e-04 7.507798995930807756e-05 2.430389405051080042e-05 5.963976301940869263e-06 1.109411783405371111e-06 1.564395143292348514e-07 1.672233668021865617e-08 1.355015573160566808e-09 8.323163567095820942e-11
3.051530663149619379e-09 2.743589497470924849e-08 1.869895534682289096e-07 9.660784104022080712e-07 3.783591389057693184e-06 1.123292604167492218e-05 2.528007685656961305e-05 4.312813714548881765e-05 5.577503213546414424e-05 5.467839750296955316e-05 4.063390361231654537e-05 2.289065045464994629e-05 9.775174989773035124e-06 3.164373705335101426e-06 7.765113586275991219e-07 1.444457200356783366e-07 2.036846789201750467e-08 2.177252845682655885e-09 1.764234011684533820e-10 1.083678190918034456e-11
3.011802306075773731e-10 2.707870274808077308e-09 1.845551070971096588e-08 9.535008838142324254e-08 3.734332218392548162e-07 1.108668281293833505e-06 2.495095156468239230e-06 4.256664515291711762e-06 5.504888823029506625e-06 5.396653085635317381e-06 4.010488443793671226e-06 2.259263348044849274e-06 9.647910450981822138e-07 3.123176226968337131e-07 7.664018352660973258e-08 1.425651585153029760e-08 2.010328760881300437e-09 2.148906848856254994e-10 1.741265171939805452e-11 1.069569614313566264e-12
2.253367384979944894e-11 2.025971806881166923e-10 1.380802645064595489e-09 7.133893844234551594e-09 2.793949127613777395e-08 8.294823802975208433e-08 1.866777921201813613e-07 3.184747208742753679e-07 4.118642484180115413e-07 4.037662773114317432e-07 3.000563429695531596e-07 1.690333503063853973e-07 7.218364465553544610e-08 2.336695019190981369e-08 5.734057962215876611e-09 1.066642647111371322e-09 1.504085860389502794e-10 1.607767082455672466e-11 1.302778120308649959e-12 8.002295768210796907e-14
1.278010335668649707e-12 1.149041619323191619e-11 7.831302004607956687e-11 4.046029123908642474e-10 1.584604395281329010e-09 4.704457259572434789e-09 1.058753887003289630e-08 1.806247785600817095e-08 2.335911888488183578e-08 2.289983777337119442e-08 1.701786890828896531e-08 9.586824155004941773e-09 4.093937124985441149e-09 1.325270085001300102e-09 3.252104113107250386e-10 6.049525419422157952e-11 8.530509885444032192e-12 9.118543928621152245e-13 7.388781403047815575e-14 4.538548293997749726e-15
5.494567937112604095e-14 4.940090908292978719e-13 3.366922762627863155e-12 1.739515031795182062e-11 6.812712120019887928e-11 2.022593972719262064e-10 4.551915581948699892e-10 7.765626687244596377e-10 1.004281906663313054e-09 9.845359687863124545e-10 7.316516482830175424e-10 4.121676887164389581e-10 1.760112186552151530e-10 5.697752446777228958e-11 1.398181727433540676e-11 2.600881031757374443e-12 3.667534197151850569e-13 3.920348506191163091e-14 3.176669253639467119e-15 1.951264496166223275e-16
1.790727686918478003e-15 1.610018779751998206e-14 1.097309539123131327e-13 5.669231438939019302e-13 2.220322390396295103e-12 6.591810434955028808e-12 1.483509050102791109e-11 2.530885571765190462e-11 3.273042459965160108e-11 3.208688723574562992e-11 2.384516633073872157e-11 1.343290501246554953e-11 5.736359365497030497e-12 1.856947293477861145e-12 4.556796383838095930e-13 8.476498474958392026e-14 1.195281431538982772e-14 1.277675823241370739e-15 1.035304258639150304e-16 6.359341440087978209e-18
4.424073857629532604e-17 3.977624317659684130e-16 2.710952916641390647e-15 1.400609304534832056e-14 5.485407030124812024e-14 1.628536624120545315e-13 3.665076300579567201e-13 6.252667435977317798e-13 8.086199642649814054e-13 7.927210822134979953e-13 5.891056343479187259e-13 3.318660024737473787e-13 1.417193562832262992e-13 4.587672394906864616e-14 1.125777185640658827e-14 2.094157340686005847e-15 2.952996914277538725e-16 3.156555990852231401e-17 2.557766062812059665e-18 1.571104106021127677e-19
8.285371924580612872e-19 7.449264616419604465e-18 5.077052035572364476e-17 2.623050469441558570e-16 1.027302863036855173e-15 3.049911022703713967e-15 6.863927063491301179e-15 1.170994809194798437e-14 1.514377328493841259e-14 1.484602022922392155e-14 1.103272558395706486e-14 6.215161292745845313e-15 2.654109342441727802e-15 8.591758022842135647e-16 2.108346964225018252e-16 3.921921964808927760e-17 5.530350196286688491e-18 5.911574089087881048e-19 4.790164859006910976e-20 2.942351838944099908e-21
1.176246833982124330e-20 1.057547446308764798e-19 7.207722763883983947e-19 3.723857948853795270e-18 1.458427878901812142e-17 4.329857750548736527e-17 9.744490109325390937e-17 1.662422579774043989e-16 2.149911379126587957e-16 2.107640363138322925e-16 1.566279541395471242e-16 8.823458813709882696e-17 3.767951203044495341e-17 1.219743454452121447e-17 2.993150415189152589e-18 5.567822828261181156e-19 7.851255161999151546e-20 8.392466107056868103e-21 6.800438533052902149e-22 4.177159536739401637e-23
