5.854249924479499354e-15 5.664481608202353198e-14 4.154759623957762571e-13 2.310087623516148393e-12 9.736611097335874479e-12 3.110885404545319394e-11 7.534544850850467984e-11 1.383333361957708410e-10 1.925278224856983829e-10 2.031220010371753098e-10 1.624490788557124916e-10 9.848596832216961947e-11 4.526143144564208756e-11 1.576808781537566438e-11 4.164152197911239141e-12 8.336254757356705930e-13 1.265063080665812654e-13 1.455292208796816355e-14 1.269068447186878244e-15 8.389125818956599829e-17
1.555362801813339290e-13 1.504944971364041276e-12 1.103840569320147399e-11 6.137463218852670343e-11 2.586832286266908062e-10 8.265030535682207233e-10 2.001785188671968401e-09 3.675253502074741422e-09 5.115097873704138844e-09 5.396565037684175463e-09 4.315962893632041197e-09 2.616584764998546338e-09 1.202510103523387242e-09 4.189280874601880869e-10 1.106335997484126490e-10 2.214784254736938402e-11 3.361031870859074622e-12 3.866434464757819336e-13 3.371673367506568297e-14 2.228831089697126096e-15
3.132484831278678448e-12 3.030943834590138832e-11 2.223123656753334076e-10 1.236078837244435702e-09 5.209853860684980392e-09 1.664568726530898169e-08 4.031574968671396706e-08 7.401923096611782196e-08 1.030175498681299918e-07 1.086862698647931049e-07 8.692305281379964289e-08 5.269775049626317651e-08 2.421843093042176956e-08 8.437168986140607680e-09 2.228149423643282168e-09 4.460552916933474532e-10 6.769083933752051594e-11 7.786959607023237518e-12 6.790515799546651738e-13 4.488843099384113908e-14
4.782368802289571859e-11 4.627346026163827018e-10 3.394045874868343254e-09 1.887123222236053684e-08 7.953890891678270133e-08 2.541299312143435147e-07 6.155010923515119132e-07 1.130052594053045621e-06 1.572770318496799338e-06 1.659314742879184885e-06 1.327055415642020180e-06 8.045372651375134248e-07 3.697431105349545431e-07 1.288103723154928790e-07 3.401718719934372111e-08 6.809932133716593270e-09 1.033436953999268501e-09 1.188836169850361684e-10 1.036708959830789439e-11 6.853122793288850829e-13
5.534698551910713057e-10 5.355288646483600628e-09 3.927974099312242186e-08 2.183992618968770406e-07 9.205142936519594437e-07 2.941079244277051540e-06 7.123275400480300470e-06 1.307824786096374727e-05 1.820187853371938605e-05 1.920346858272567662e-05 1.535818752360292602e-05 9.311015984762563270e-06 4.279085831851880717e-06 1.490739444403206226e-06 3.936853984204358766e-07 7.881224363342038254e-08 1.196010230338659199e-08 1.375855794429688153e-09 1.199796965884628159e-10 7.931209483869799333e-12
4.855586538586350477e-09 4.698190374457360752e-08 3.446008482964623862e-07 1.916014948524294725e-06 8.075664412273608268e-06 2.580206429218680328e-05 6.249243715951770283e-05 1.147353621274796058e-04 1.596849323524591514e-04 1.684718737071206837e-04 1.347372542465688472e-04 8.168546751397619634e-05 3.754038520385657432e-05 1.307824502254962575e-05 3.453798798759054127e-06 6.914191724680509720e-07 1.049258802439945216e-07 1.207037169560485117e-08 1.052580902454925416e-09 6.958043630269914548e-11
3.229135320028871369e-08 3.124461351438877937e-07 2.291716483071864165e-06 1.274217130065690309e-05 5.370600025175351690e-05 1.715927756069062350e-04 4.155966214644670289e-04 7.630303926372061047e-04 1.061960797193146813e-03 1.120397038536753405e-03 8.960499893345036425e-04 5.432370037817231068e-04 2.496567259710614334e-04 8.697491557549721084e-05 2.296897316259793461e-05 4.598179958320220605e-06 6.977938982004972600e-07 8.027220451826624540e-08 7.000032112072340511e-09 4.627343013301113770e-10
1.627899577829466397e-07 1.575130433030708471e-06 1.155319900085250516e-05 6.423693411765925407e-05 2.707473254355815336e-04 8.650483156790445254e-04 2.095141570664524767e-03 3.846654695270103775e-03 5.353648460315098452e-03 5.648242285551093554e-03 4.517244571028674986e-03 2.738613286450022107e-03 1.258591042282314679e-03 4.384654537978276275e-04 1.157931706443171793e-04 2.318074181191785675e-05 3.517778847008525431e-06 4.046751681052432510e-07 3.528916626489770822e-08 2.332776112262047936e-09
6.221080134394254418e-07 6.019420841101585533e-06 4.415098926970562542e-05 2.454838862152625319e-04 1.034671198793146686e-03 3.305815030149155450e-03 8.006663175982498340e-03 1.470013717954664172e-02 2.045917115317637952e-02 2.158497265767364212e-02 1.726282188763529971e-02 1.046571480461870422e-02 4.809753523561200415e-03 1.675612403485476952e-03 4.425080044276216663e-04 8.858608623691857512e-05 1.344332562054979879e-05 1.546481541901297471e-06 1.348588906832980654e-07 8.914792612289249465e-09
1.802190931504161113e-06 1.743772048966977270e-05 1.279014427718002159e-04 7.111447272984254032e-04 2.997349352959444938e-03 9.576648652420973254e-03 2.319458270210654136e-02 4.258497454546238820e-02 5.926837771225099138e-02 6.252972336002936282e-02 5.000884152908782743e-02 3.031823398048734408e-02 1.393342312858053197e-02 4.854098344726518431e-03 1.281905867581488272e-03 2.566259199764592876e-04 3.894410455937869793e-05 4.480017859188797688e-06 3.906740703731758603e-07 2.582535195662176625e-08
3.957606620663783194e-06 3.829318905827723335e-05 2.808712372576699736e-04 1.561671980369684241e-03 6.582171420546413174e-03 2.103029565183706096e-02 5.093524357531623720e-02 9.351649387185451134e-02 1.301532040416133740e-01 1.373151106422353385e-01 1.098192865514299316e-01 6.657876334327419987e-02 3.059776112409811483e-02 1.065958740032558333e-02 2.815061967032506367e-03 5.635498559994971905e-04 8.552115280670188587e-05 9.838107622381316231e-06 8.579192472909075533e-07 5.671240604856118196e-08
6.588116451766077917e-06 6.374559500385911057e-05 4.675584504391170205e-04 2.599671430812900558e-03 1.095715567020482707e-02 3.500854179037488773e-02 8.479046765819565901e-02 1.556742776232046543e-01 2.166623788022681019e-01 2.285846033243343900e-01 1.828130781551353112e-01 1.108317951132032908e-01 5.093523252067672091e-02 1.774471539299799644e-02 4.686154495728344326e-03 9.381255980105417417e-04 1.423646581845808875e-04 1.637722110702975552e-05 1.428154045895550143e-06 9.440754757103620015e-08
8.313554149607275953e-06 8.044066308534261072e-05 5.900127182466638606e-04 3.280529324198028143e-03 1.382685137047098660e-02 4.417733201954107680e-02 1.069972198287370280e-01 1.964456072075911608e-01 2.734065846502337083e-01 2.884512578696034057e-01 2.306921007887898500e-01 1.398588104684751199e-01 6.427524722486778475e-02 2.239208328649267346e-02 5.913465470577639917e-03 1.183822115971041537e-03 1.796501782372969406e-04 2.066644017151283711e-05 1.802189758098548249e-06 1.191330275670880461e-07
7.952597676930842974e-06 7.694810412866457609e-05 5.643956469219276817e-04 3.138095862881120322e-03 1.322651950168268406e-02 4.225924817103660774e-02 1.023516328318219148e-01 1.879163654206977563e-01 2.615358643029656593e-01 2.759273304727258291e-01 2.206759505988051540e-01 1.337864445476003583e-01 6.148455553017428271e-02 2.141986764279580138e-02 5.656715637817555375e-03 1.132423129741134309e-03 1.718501575138751286e-04 1.976914820554420132e-05 1.723942591306764356e-06 1.139605301446815385e-07
5.766710021797247762e-06 5.579779353408965601e-05 4.092632578163452463e-04 2.275544368896203953e-03 9.591017383553408077e-03 3.064367642392588562e-02 7.421879123984150006e-02 1.362648070170535963e-01 1.896489110860411498e-01 2.000846725266401671e-01 1.600199416071665937e-01 9.701328570805012319e-02 4.458462718290585880e-02 1.553230408720387284e-02 4.101884702867176005e-03 8.211600883742258298e-04 1.246146310729954521e-04 1.433530900349835728e-05 1.250091784113560601e-06 8.263681352585258294e-08
3.169888851693391579e-06 3.067135385761540138e-05 2.249669280154703783e-04 1.250838467554797389e-03 5.272063094139821382e-03 1.684444820425161360e-02 4.079714742861483695e-02 7.490307142353774816e-02 1.042476501705690145e-01 1.099840585775200552e-01 8.796097376699683890e-02 5.332699783233638136e-02 2.450761563002146204e-02 8.537914578856276027e-03 2.254755058153241117e-03 4.513814982466863614e-04 6.849911445227550660e-05 7.879941253159654881e-06 6.871599222220091902e-07 4.542442969126905897e-08
1.320859958447129572e-06 1.278043650024031544e-05 9.374139633689411303e-05 5.212114757259973807e-04 2.196814262347431598e-03 7.018907663985390552e-03 1.699975014219641881e-02 3.121133656001956122e-02 4.343891956935633930e-02 4.582922172963348889e-02 3.665242965625672977e-02 2.222080944677331735e-02 1.021207041547066499e-02 3.557660859253383538e-03 9.395331545551653153e-04 1.880860102395759122e-04 2.854287380479078422e-05 3.283490167377334966e-06 2.863324453246438253e-07 1.892789088880573080e-08
4.172211680897427452e-07 4.036967440209131695e-06 2.961017527098280230e-05 1.646355159254255895e-04 6.939096054439824243e-04 2.217068384543093105e-03 5.369725659561558687e-03 9.858751651857801043e-03 1.372108878566530993e-02 1.447611557939953997e-02 1.157743439545917685e-02 7.018906140649320419e-03 3.225695441904731335e-03 1.123761387323689428e-03 2.967711434476329310e-04 5.941088939190241957e-05 9.015862032393969278e-06 1.037158855701046534e-06 9.044407511662964058e-08 5.978769131124983495e-09
9.990166210869510089e-08 9.666330186507414360e-07 7.090018319168037730e-06 3.942120616357312540e-05 1.661534175133980607e-04 5.308666807069894284e-04 1.285755756147352385e-03 2.360632085967384348e-03 3.285450692506799823e-03 3.466238335607460183e-03 2.772162650222879769e-03 1.680644327914272793e-03 7.723777237338281653e-04 2.690794211646082104e-04 7.106046568073303002e-05 1.422566027697387732e-05 2.158806099179268359e-06 2.483428490210253402e-07 2.165641181008214490e-08 1.431588373855158990e-09
1.813326099469427641e-08 1.754546265127402492e-07 1.286917053479607037e-06 7.155386657250673803e-06 3.015869026936455360e-05 9.635819736585745038e-05 2.333789469516857806e-04 4.284809363904506564e-04 5.963457827919307463e-04 6.291607475058620322e-04 5.031783034955088479e-04 3.050556076250659165e-04 1.401951334474778625e-04 4.884090283673486369e-05 1.289826358635822598e-05 2.582115303983215038e-06 3.918472786845486063e-07 4.507698473089026654e-08 3.930879219342019818e-09 2.598491864113454107e-10
