3.330701191293148898e-20 2.835945539296588880e-18 1.830445994932075501e-16 8.955972947092657594e-15 3.321738540650301716e-13 9.339313141099655674e-12 1.990495721798191507e-10 3.215913650529631998e-09 3.938622242841778087e-08 3.656630679141283476e-07 2.573443795225362800e-06 1.372919570808566794e-05 5.552292327714986427e-05 1.702144284159333107e-04 3.955644348638764039e-04 6.968429703745481103e-04 9.305708168307367601e-04 9.420213668504686484e-04 7.228844750555556836e-04 4.205076116626651019e-04
1.722718425109108301e-19 1.466818952694884284e-17 9.467505070343373390e-16 4.632243700235719995e-14 1.718082727544706492e-12 4.830516429421722819e-11 1.029532058896961825e-09 1.663347559910156623e-08 2.037149752438094706e-07 1.891296962106112680e-06 1.331046763848610925e-05 7.101068829012960261e-05 2.871778567092937891e-04 8.803897894476004748e-04 2.045953993228978758e-03 3.604238733904305009e-03 4.813135132667777441e-03 4.872360119731139125e-03 3.738931632951544067e-03 2.174966077424209804e-03
6.754446162309362431e-19 5.751113763820707623e-17 3.712025851524463887e-15 1.816213272459602237e-13 6.736270487650514773e-12 1.893952179481285690e-10 4.036596325223934300e-09 6.521664468707456028e-08 7.987270657149559470e-07 7.415410041066817006e-06 5.218777238864249281e-05 2.784191914437969778e-04 1.125968901172837286e-03 3.451838296960239427e-03 8.021790384549729730e-03 1.413152383432868080e-02 1.887137308783644676e-02 1.910358282144838590e-02 1.465962867247268438e-02 8.527621845038593773e-03
2.007529840770584765e-18 1.709323343631351104e-16 1.103273678933183883e-14 5.398077435292837457e-13 2.002127738455018851e-11 5.629129947793080847e-10 1.199741234633118076e-08 1.938343384166844075e-07 2.373945073396919818e-06 2.203978917185073203e-05 1.551104381853901236e-04 8.275065366359214518e-04 3.346560346424165989e-03 1.025941760455624518e-02 2.384204890587824158e-02 4.200115762455941537e-02 5.608875057965332506e-02 5.677891518877348914e-02 4.357076998973803683e-02 2.534546121671790372e-02
4.523046931958798558e-18 3.851175483483563826e-16 2.485720773492559413e-14 1.216208949243088668e-12 4.510875774246326184e-11 1.268266026381451573e-09 2.703066126463576751e-08 4.367167012308622241e-07 5.348595454374466222e-06 4.965654744962287262e-05 3.494701684134958767e-04 1.864406110282415454e-03 7.539937489396747114e-03 2.311488794715016448e-02 5.371711242606026782e-02 9.463032791560445356e-02 1.263702516767196138e-01 1.279252208006800562e-01 9.816672884400146071e-02 5.710436192139144163e-02
7.724973496026706327e-18 6.577475092785388218e-16 4.245396384918153097e-14 2.077179839136573760e-12 7.704186209898749080e-11 2.166088830624821497e-09 4.616603475280709855e-08 7.458744056895320800e-07 9.134939068190971452e-06 8.480909411797900213e-05 5.968648632785929350e-04 3.184244604228465142e-03 1.287756199382693138e-02 3.947823213897817818e-02 9.174418837937961535e-02 1.616204266869678274e-01 2.158294750362270698e-01 2.184852279944507758e-01 1.676602940273140274e-01 9.752931795452890462e-02
1.000137523166148914e-17 8.515731026609948597e-16 5.496433389000587620e-14 2.689284954250330715e-12 9.974462330443086992e-11 2.804393722688167520e-09 5.977028099296835476e-08 9.656693075814979301e-07 1.182683065337812749e-05 1.098007098364124265e-04 7.727495069483296527e-04 4.122580502400764908e-03 1.667233287408562137e-02 5.111171103792672143e-02 1.187794435512769392e-01 2.092468709736031440e-01 2.794302876249459278e-01 2.828686401152751273e-01 2.170665715397384343e-01 1.262693400117127496e-01
9.815654521247730395e-18 8.357598011967345661e-16 5.394367274081158630e-14 2.639346230760858077e-12 9.789241379614165629e-11 2.752317484931512060e-09 5.866037572589050121e-08 9.477372946658115379e-07 1.160721211692576373e-05 1.077617636552717092e-04 7.583999216085072700e-04 4.046026172430233596e-03 1.636273570030623292e-02 5.016259123544444809e-02 1.165737666190629490e-01 2.053612575825520814e-01 2.742414020640349115e-01 2.776159060083026597e-01 2.130357500837236628e-01 1.239245793175822730e-01
7.302568281621363476e-18 6.217815635281379316e-16 4.013256097170953071e-14 1.963598660410163189e-12 7.282917654157424791e-11 2.047646066077893476e-09 4.364165407783977039e-08 7.050896394483528925e-07 8.635436267610007609e-06 8.017169263008332169e-05 5.642280094856455108e-04 3.010128599110772647e-03 1.217341079669744149e-02 3.731954368268940170e-02 8.672757264823569012e-02 1.527829451056901267e-01 2.040278169820518572e-01 2.065383521090036201e-01 1.584925496354013530e-01 9.219636859456274702e-02
4.118402682623210766e-18 3.506638706391368861e-16 2.263341339544882289e-14 1.107403543350790169e-12 4.107320390237628123e-11 1.154803450838221041e-09 2.461242377981350590e-08 3.976468210372152128e-07 4.870095358047194627e-06 4.521413580331092974e-05 3.182056035990825610e-04 1.697611199174741715e-03 6.865393892717138076e-03 2.104696633975706305e-02 4.891143144129433268e-02 8.616443786851471498e-02 1.150648205376423316e-01 1.164806778364613910e-01 8.938446261940405368e-02 5.199564825755555869e-02
1.760673424914792730e-18 1.499135965303013580e-16 9.676093512811814998e-15 4.734301474843409192e-13 1.755935593480106041e-11 4.936942556563430110e-10 1.052214749536266060e-08 1.699994498488744233e-07 2.082032315560991347e-06 1.932966090840645030e-05 1.360372438275079469e-04 7.257519855539977440e-04 2.935049704945351130e-03 8.997865717658082990e-03 2.091030531729761582e-02 3.683647462835908104e-02 4.919178314398742202e-02 4.979708148696404546e-02 3.821307921109688699e-02 2.222885015216247845e-02
5.705919360395247201e-19 4.858339319059836140e-17 3.135789325065760770e-15 1.534273310484264829e-13 5.690565187539061367e-12 1.599944414224225074e-10 3.409975084370329614e-09 5.509273545127635121e-08 6.747366280548551930e-07 6.264278476997468280e-06 4.408640082289831409e-05 2.351987737543239797e-04 9.511790601360684558e-04 2.915991999090155815e-03 6.776527336267278850e-03 1.193781599565145804e-02 1.594187450334386483e-02 1.613803714686037893e-02 1.238394045173181121e-02 7.203836023633232444e-03
1.401745819445254715e-19 1.193524899284047120e-17 7.703543109251910555e-16 3.769175592956082465e-14 1.397973833503490142e-12 3.930506641138781467e-11 8.377122102541367847e-10 1.353436785956966699e-08 1.657593085116720375e-07 1.538915223359168917e-06 1.083049446454227657e-05 5.778015373598529235e-05 2.336715938090714326e-04 7.163577569342448152e-04 1.664756941694864106e-03 2.932705951184687299e-03 3.916363784299109127e-03 3.964554119302641025e-03 3.042303204802306298e-03 1.769731815732757682e-03
2.610416036907080202e-20 2.222654417312256650e-18 1.434600495641541861e-16 7.019187271530612686e-15 2.603391616033657515e-13 7.319627729126372191e-12 1.560038458916686154e-10 2.520452026316912213e-09 3.086870324155781340e-08 2.865861215899365159e-07 2.016920332180009084e-06 1.076017048419410437e-05 4.351574068472991173e-05 1.334044839601517918e-04 3.100211292138900271e-04 5.461462798965285468e-04 7.293290043798704046e-04 7.383033006875225649e-04 5.665561448289332036e-04 3.295701866007182796e-04
3.685080739107675531e-21 3.137684134301670707e-19 2.025201569427514548e-17 9.908869487775045937e-16 3.675164481431482942e-14 1.033299626599033460e-12 2.202280248029956043e-11 3.558080047282510472e-10 4.357683302140413388e-09 4.045688433702493252e-08 2.847252760995726393e-07 1.518995303438296978e-06 6.143044464103973111e-06 1.883248828545463675e-05 4.376516523918311377e-05 7.709855855645926287e-05 1.029581579531381306e-04 1.042250443805429409e-04 7.997978511524595619e-05 4.652487303385580375e-05
3.943493285657274150e-22 3.357711049535396597e-20 2.167216773946135688e-18 1.060371890330869702e-16 3.932881660476306147e-15 1.105758714136646983e-13 2.356712915154380204e-12 3.807586799220917220e-11 4.663261420745033721e-10 4.329388228826211119e-09 3.046913470958180345e-08 1.625513307343250395e-07 6.573819222086818246e-07 2.015309741188796946e-06 4.683415303084777887e-06 8.250501672179654165e-06 1.101779942792117409e-05 1.115337198314750266e-05 8.558828636863308916e-06 4.978738253357592781e-06
3.198983671112536855e-23 2.723793865414853424e-21 1.758058292334419500e-19 8.601795709434843334e-18 3.190375461786721844e-16 8.969976146729936240e-15 1.911778615294979792e-13 3.088735573952224590e-12 3.782863582739962215e-11 3.512023793800769768e-10 2.471673142271753050e-09 1.318625429458666678e-08 5.332718689996813041e-08 1.634830463068095381e-07 3.799212524108477380e-07 6.692852812450116527e-07 8.937700132444481859e-07 9.047677342751241962e-07 6.942969359871170187e-07 4.038780142763633816e-07
1.967160341206348694e-24 1.674950490698128003e-22 1.081087903461063160e-20 5.289527275665800284e-19 1.961866869986892301e-17 5.515933543754975179e-16 1.175615589143276513e-14 1.899365157884326223e-13 2.326207314953830585e-12 2.159659015119398296e-11 1.519913160485408393e-10 8.108661738917752965e-10 3.279264227729971275e-09 1.005311055690738536e-08 2.336260817061783294e-08 4.115655463037874021e-08 5.496085960334067133e-08 5.563714566414675529e-08 4.269460359639625087e-08 2.483578830189301130e-08
9.169894025539171439e-26 7.807761358338321156e-24 5.039478124569602996e-22 2.465706711701443261e-20 9.145218573776101774e-19 2.571245718441622035e-17 5.480117782673797100e-16 8.853867602332758803e-15 1.084358713051288312e-13 1.006722425473488565e-12 7.085056727570262039e-12 3.779842815925295892e-11 1.528625034784136138e-10 4.686245269530851742e-10 1.089045140841866935e-09 1.918507792737661879e-09 2.561993791548802111e-09 2.593518784090778601e-09 1.990203758384375035e-09 1.157717253639947241e-09
3.240303519156495766e-27 2.758975898270598418e-25 1.780766348692336808e-23 8.712901275502212087e-22 3.231584121422808830e-20 9.085837335609317961e-19 1.936472208635588986e-17 3.128631396402409665e-16 3.831725147686784247e-15 3.557387041758890726e-14 2.503598643978835982e-13 1.335657527141495653e-12 5.401599043442113096e-12 1.655946840410576166e-11 3.848285261053189422e-11 6.779301412887956118e-11 9.053144426415135568e-11 9.164542163390773112e-11 7.032648604412024198e-11 4.090947267994374600e-11
