2.671880194367501122e-08 4.430167447759687758e-08 5.568267901604348228e-08 5.305385202207065338e-08 3.831868006872631223e-08 2.097978240235085397e-08 8.707394826586150613e-09 2.739506371836286309e-09 6.533610066945401128e-10 1.181220370769254783e-10 1.618845728504165589e-11 1.681809567456992942e-12 1.324478745182696469e-13 7.906968109424214686e-15 3.578259232776017234e-16 1.227525247292151643e-17 3.192169071620412017e-19 6.292716366037110165e-21 9.403450615184660610e-23 1.065204907269398121e-24
4.351195688899624456e-07 7.214592009189466924e-07 9.068005122076390078e-07 8.639896829378582328e-07 6.240252683142296859e-07 3.416588024253502458e-07 1.418011889562188631e-07 4.461325900755390967e-08 1.064007885390003497e-08 1.923634523646104377e-09 2.636313772492455049e-10 2.738851298383662558e-11 2.156932866311545890e-12 1.287661236552480760e-13 5.827247112442494706e-15 1.999042687352761081e-16 5.198493679452354215e-18 1.024777996449438521e-19 1.531365585321750310e-21 1.734701656936568442e-23
5.371518424696342471e-06 8.906359693932441163e-06 1.119438427297949158e-05 1.066588779835343193e-05 7.703545107789999105e-06 4.217752276389956793e-06 1.750525036291347767e-06 5.507473344767648248e-07 1.313509749739605774e-07 2.374712383657489317e-08 3.254509568105674621e-09 3.381091374332502137e-10 2.662717436906522551e-11 1.589608133358417405e-12 7.193692830133104967e-14 2.467803195857962954e-15 6.417501435543929396e-17 1.265080746240499307e-18 1.890459323051481225e-20 2.141476177538342082e-22
5.026692784803474869e-05 8.334614251069173544e-05 1.047575866008215332e-04 9.981189116471770066e-05 7.209014574482305285e-05 3.946992872321081441e-05 1.638149750932113894e-05 5.153920053100455259e-06 1.229188743247836497e-06 2.222267273632105710e-07 3.045585711640835564e-08 3.164041574907061968e-09 2.491783788086906895e-10 1.487562938978355542e-11 6.731892360094974243e-13 2.309382103559561211e-14 6.005528718695240648e-16 1.183868648776045605e-17 1.769100929721656998e-19 2.004003709820469271e-21
3.565861216602292448e-04 5.912451583091977905e-04 7.431347631469187092e-04 7.080507341446983741e-04 5.113967887351630187e-04 2.799938131919414925e-04 1.162079107260164182e-04 3.656114351443950650e-05 8.719682413618871252e-06 1.576443403886885910e-06 2.160493277769061097e-07 2.244524108134735767e-08 1.767634416998657316e-09 1.055255059030870413e-10 4.775504473592461469e-12 1.638241370607337410e-13 4.260232892673973094e-15 8.398188393339266200e-17 1.254973928906254241e-18 1.421610472869854185e-20
1.917535217185225693e-03 3.179409809247736324e-03 3.996193325792436746e-03 3.807529614318528374e-03 2.750026691418703574e-03 1.505661507211177291e-03 6.249058720938611370e-04 1.966068672080913018e-04 4.688992951530709539e-05 8.477294996165880584e-06 1.161801229763387542e-06 1.206988652034698616e-07 9.505421102544369492e-09 5.674614394366814485e-10 2.568018622066426062e-11 8.809612409376403681e-13 2.290932290656319568e-14 4.516110141866012516e-16 6.748598891406143647e-18 7.644683797999111464e-20
7.816621462406423207e-03 1.296051448235317934e-02 1.629004267476621970e-02 1.552097580023499915e-02 1.121018141710486415e-02 6.137663572960199050e-03 2.547360073502543711e-03 8.014462754593601121e-04 1.911416416946409239e-04 3.455676089613116949e-05 4.735954962511361361e-06 4.920156520632018248e-07 3.874780391696042456e-08 2.313194160313738723e-09 1.046824553583402210e-10 3.591141628975970956e-12 9.338733574004701316e-14 1.840942640590423152e-15 2.750992131094821120e-17 3.116271289998323034e-19
2.415414294141549068e-02 4.004928739438648466e-02 5.033786287086332994e-02 4.796136922737862657e-02 3.464058297439808615e-02 1.896599496094305767e-02 7.871597676126017296e-03 2.476549234271199860e-03 5.906468104863086101e-04 1.067838510911467610e-04 1.463457501156625901e-05 1.520377626894786789e-06 1.197345936447675534e-07 7.148001559009156790e-09 3.234792681652098059e-10 1.109698718894460020e-11 2.885762176448831236e-13 5.688697079886310211e-15 8.500841122312333880e-17 9.629590296122138450e-19
5.657974721471346197e-02 9.381324613337763130e-02 1.179136665486443386e-01 1.123468613040175396e-01 8.114365443706748893e-02 4.442679680949184612e-02 1.843878326676143958e-02 5.801179945805401937e-03 1.383557566565170099e-03 2.501352797325385817e-04 3.428068454995474338e-05 3.561400709156014825e-06 2.804716796496846719e-07 1.674379928445584176e-08 7.577323387701826169e-10 2.599408025025971572e-11 6.759738685875629204e-13 1.332545905444507537e-14 1.991275132301124837e-16 2.255678398763009800e-18
1.004678695310185776e-01 1.665828752652769862e-01 2.093776563153777748e-01 1.994927577332166746e-01 1.440856576526618194e-01 7.888804466726891118e-02 3.274149077629629617e-02 1.030107447651470304e-02 2.456763911631185734e-03 4.441617343023119267e-04 6.087173436333813187e-05 6.323929664042697827e-06 4.980296573481762215e-07 2.973173131333489910e-08 1.345494766212021742e-09 4.615732645908290675e-11 1.200317388798305799e-12 2.366183215068816771e-14 3.535879533593341557e-16 4.005376733318542062e-18
1.352353416361652683e-01 2.242298174769113417e-01 2.818339735376554356e-01 2.685283501275294582e-01 1.939473110008897161e-01 1.061876968366825408e-01 4.407186806566786713e-02 1.386581931670154491e-02 3.306940900207586825e-03 5.978664040600543614e-04 8.193674088082832227e-05 8.512361141845980491e-06 6.703756252702149020e-07 4.002056438901730954e-08 1.811110808139286219e-09 6.213032924699280815e-11 1.615693981605258352e-12 3.185014243432298226e-14 4.759490560931906685e-16 5.391459910918548310e-18
1.379907679069708737e-01 2.287985102631216183e-01 2.875763536381211183e-01 2.739996275424830818e-01 1.978989963326850121e-01 1.083512760162088640e-01 4.496983439312635111e-02 1.414833601943057441e-02 3.374319972291780264e-03 6.100479593861115246e-04 8.360620572364005343e-05 8.685800889422684758e-06 6.840345592946266849e-07 4.083598521877820206e-08 1.848012273686012236e-09 6.339623754692180556e-11 1.648613820373993602e-12 3.249909054308391919e-14 4.856465398785515550e-16 5.501311153181164820e-18
1.067349570971420913e-01 1.769741523091462321e-01 2.224384299999741244e-01 2.119369210996502884e-01 1.530735802367366727e-01 8.380900383717938829e-02 3.478387298961796437e-02 1.094364544045402926e-02 2.610014444715607566e-03 4.718681094388371862e-04 6.466885369449965212e-05 6.718410219384072511e-06 5.290962609070763918e-07 3.158636767123632497e-08 1.429425415473063394e-09 4.903657539794813328e-11 1.275192015062949953e-12 2.513783412779292272e-14 3.756444245114883867e-16 4.255228221562459513e-18
6.258354325022896791e-02 1.037679670881567484e-01 1.304257338272650502e-01 1.242682231641190904e-01 8.975397835682191738e-02 4.914101770452825729e-02 2.039536135921223362e-02 6.416755357052224273e-03 1.530369771319795534e-03 2.766776606149022122e-04 3.791828012306214848e-05 3.939308432521609465e-06 3.102331197629638462e-07 1.852051905985527525e-08 8.381369117037860424e-10 2.875236680394717701e-11 7.477028782089186244e-13 1.473945155495762933e-14 2.202573526752428242e-16 2.495033180192096659e-18
2.781700924749129153e-02 4.612258031705591260e-02 5.797137163483624678e-02 5.523449350102057481e-02 3.989367038501314550e-02 2.184210213941498169e-02 9.065289788191367021e-03 2.852106701474720410e-03 6.802157223772744990e-04 1.229771381451918175e-04 1.685384198550191916e-05 1.750936003384133135e-06 1.378918021119371225e-07 8.231963599383575583e-09 3.725334331153066150e-10 1.277979500257420189e-11 3.323374931705757760e-13 6.551362209836327553e-15 9.789955151145556459e-17 1.108987402146608717e-18
9.372545156977668199e-03 1.554034666098843935e-02 1.953262817096120332e-02 1.861047605640038516e-02 1.344160415788908658e-02 7.359385288461514629e-03 3.054420306114493094e-03 9.609767396004741764e-04 2.291890015114460559e-04 4.143539552677255399e-05 5.678662061484163041e-06 5.899529533418771919e-07 4.646067916836587895e-08 2.773642913203442920e-09 1.255198354823863346e-10 4.305969944247204459e-12 1.119763859006118693e-13 2.207388206442263831e-15 3.298585981063819268e-17 3.736575133818812345e-19
2.393874990676550171e-03 3.969215041923615517e-03 4.988897817775510453e-03 4.753367676530662750e-03 3.433167777718214037e-03 1.879686690619477392e-03 7.801403204100377164e-04 2.454464763862807051e-04 5.853797550902400840e-05 1.058316128853067792e-05 1.450407211894864391e-06 1.506819756029110250e-07 1.186668680152438210e-08 7.084259709372344501e-10 3.205946623489134978e-11 1.099803051091648352e-12 2.860028575634634173e-14 5.637968485201183257e-16 8.425035411844611888e-18 9.543719036630574307e-20
4.634919685885166953e-04 7.685026581159936764e-04 9.659293320050211596e-04 9.203269804817892485e-04 6.647154500492797116e-04 3.639370008701390798e-04 1.510474750312393527e-04 4.752231046586143082e-05 1.133387566666377277e-05 2.049067005844181469e-06 2.808217206472183928e-07 2.917440792648162785e-08 2.297577796536267173e-09 1.371624454692735757e-10 6.207218495109211246e-12 2.129392233075884479e-13 5.537466575753275640e-15 1.091599654210595142e-16 1.631219785357389054e-18 1.847814585628578942e-20
6.802675862569137533e-05 1.127932054271933791e-04 1.417695364126505490e-04 1.350764751083048361e-04 9.756034740574881601e-05 5.341506690729816567e-05 2.216925172675974121e-05 6.974853853975519499e-06 1.663473968314270876e-06 3.007417518774320902e-07 4.121622962636361959e-08 4.281930519974463858e-09 3.372157033587750189e-10 2.013134466787608873e-11 9.110340263060637698e-13 3.125310928256374239e-14 8.127344758394906664e-16 1.602141810979211138e-17 2.394142771057906990e-19 2.712039157536806857e-21
7.568575756288886924e-06 1.254923705490152089e-05 1.577310896403446718e-05 1.502844697297649993e-05 1.085444750077223712e-05 5.942896421680226675e-06 2.466524416920416565e-06 7.760138929053775908e-07 1.850761230161890812e-07 3.346016741276487943e-08 4.585668384292512513e-09 4.764024654167909254e-10 3.751821560578140515e-11 2.239789316335870456e-12 1.013605555219010515e-13 3.477183537822197995e-15 9.042386517319362764e-17 1.782523805879887737e-18 2.663694596096734956e-20 3.017382311390487306e-22
