6.400628095532059745e-17 1.136370603553940311e-15 1.529375775836775750e-14 1.560289704670030697e-13 1.206682732767597357e-12 7.074207150113668647e-12 3.143831542653432579e-11 1.059101493673791518e-10 2.704660219988851046e-10 5.235819495477550955e-10 7.683399900645388160e-10 8.547104795819779769e-10 7.207446701373410929e-10 4.607238233222486575e-10 2.232526995278492994e-10 8.200674756630532073e-11 2.283490852376166462e-11 4.819986078611026368e-12 7.712392276078643032e-13 9.354686927054871272e-14
1.511907025182177656e-15 2.684247034948072210e-14 3.612573555468965360e-13 3.685596054950862272e-12 2.850332926093430609e-11 1.671014676718510833e-10 7.426116506667564720e-10 2.501727900397948689e-09 6.388739864742957475e-09 1.236764917387429708e-08 1.814913491877275903e-08 2.018931203765574288e-08 1.702487496350437955e-08 1.088286297458752423e-08 5.273503158895617983e-09 1.937100170597129269e-09 5.393886053240220785e-10 1.138539953386650737e-10 1.821761847294903678e-11 2.209692029016185235e-12
2.707225274558771002e-14 4.806420828222053373e-13 6.468685092848048572e-12 6.599439400431891653e-11 5.103814725311806181e-10 2.992123914779686617e-09 1.329722659119597362e-08 4.479601515979516207e-08 1.143969685062426660e-07 2.214554987358030688e-07 3.249789566759781512e-07 3.615104296357731698e-07 3.048479240437960702e-07 1.948688723158291599e-07 9.442750645005736257e-08 3.468577401815260870e-08 9.658308618324236274e-09 2.038673070873451627e-09 3.262052252604202191e-10 3.956681204800177588e-11
3.674688466463256461e-13 6.524059651930846921e-12 8.780356303280180038e-11 8.957837413010528385e-10 6.927731239183758607e-09 4.061399449538519458e-08 1.804916851575275029e-07 6.080447083519522638e-07 1.552782565672384864e-06 3.005955857042424027e-06 4.411145371473046242e-06 4.907010209947383338e-06 4.137894105216559979e-06 2.645078724334773463e-06 1.281724399257698592e-06 4.708119968170348051e-07 1.310983449320932970e-07 2.767220183273768713e-08 4.427790292257362986e-09 5.370654199111962214e-10
3.781059190076388901e-12 6.712910748399180330e-11 9.034520122086827441e-10 9.217138754151918410e-09 7.128267363983061820e-08 4.178964245104765303e-07 1.857163542231036362e-06 6.256456985329739203e-06 1.597730758323774223e-05 3.092968865786123380e-05 4.538834216230521634e-05 5.049052788950414926e-05 4.257673181517422878e-05 2.721645470193365574e-05 1.318826306825081903e-05 4.844405297509770467e-06 1.348932314761307098e-06 2.847322541875883698e-07 4.555960955347050850e-08 5.526117819674411938e-09
2.949193344744309052e-11 5.236012108723807022e-10 7.046847266222964240e-09 7.189288213914607542e-08 5.559986663153036544e-07 3.259555833437885830e-06 1.448571440834517760e-05 4.879982136021714990e-05 1.246216121532485270e-04 2.412488865135567961e-04 3.540251286871389609e-04 3.938217344366518849e-04 3.320948120564555083e-04 2.122859840045408450e-04 1.028673070543409271e-04 3.778594077595297430e-05 1.052155495382291596e-05 2.220886864950441254e-06 3.553609994704423615e-07 4.310323926911983639e-08
1.743772537709654768e-10 3.095902185788824810e-09 4.166596524494489117e-08 4.250817727988206403e-07 3.287458948907517055e-06 1.927280880926126268e-05 8.564983038291537555e-05 2.885391983022435867e-04 7.368514691151201862e-04 1.426434736145943977e-03 2.093247966139297808e-03 2.328553760260012196e-03 1.963580360751498478e-03 1.255185488965906851e-03 6.082245688949824286e-04 2.234173149551257605e-04 6.221090460269565004e-05 1.313146027323758403e-05 2.101146582857679602e-06 2.548569596420809648e-07
7.815796475691439602e-10 1.387620281287094003e-08 1.867518252956595013e-07 1.905267200781479606e-06 1.473478307015856344e-05 8.638302755125736672e-05 3.838927543437560151e-04 1.293267097870195309e-03 3.302656161211394662e-03 6.393450603492438489e-03 9.382187024225222688e-03 1.043685565595743776e-02 8.801001352765781133e-03 5.625891054508755200e-03 2.726135054427536019e-03 1.001383050296359312e-03 2.788366936790722165e-04 5.885677099781314660e-05 9.417589566343148187e-06 1.142299287263850881e-06
2.655543801325818408e-09 4.714665291025172789e-08 6.345196597590502327e-07 6.473454779229087167e-06 5.006381878998280752e-05 2.935003669388736329e-04 1.304337986975627126e-03 4.394085024973741656e-03 1.122131074432765677e-02 2.172278688677749606e-02 3.187750432416001228e-02 3.546091230588013787e-02 2.990283160582139083e-02 1.911487864762168726e-02 9.262486642120024150e-03 3.402361563837915173e-03 9.473929570513033591e-04 1.999754393239481739e-04 3.199779021129236850e-05 3.881147367369314385e-06
6.839597045442223377e-09 1.214305362940924944e-07 1.634263681885518349e-06 1.667297754972585477e-05 1.289439650396895871e-04 7.559371611754578911e-04 3.359442324966559548e-03 1.131736970003187001e-02 2.890151680969230835e-02 5.594903346553572326e-02 8.210344121710280718e-02 9.133283770913226685e-02 7.701749020273013224e-02 4.923212618710594290e-02 2.385638536229861204e-02 8.763094808654135759e-03 2.440097605125446725e-03 5.150551172525241446e-04 8.241324857099702260e-05 9.996251635364389665e-06
1.335378508019200316e-08 2.370837452952500713e-07 3.190773641673138780e-06 3.255270118497312408e-05 2.517531347369716477e-04 1.475908934020376184e-03 6.559051724662453078e-03 2.209629041640879740e-02 5.642797980699378046e-02 1.092361674787711567e-01 1.603006289804725648e-01 1.783203129407388010e-01 1.503707023600767412e-01 9.612192469461468269e-02 4.657775023905327133e-02 1.710926593111125257e-02 4.764102150615759541e-03 1.005605344078952306e-03 1.609055039157471342e-04 1.951690941137063516e-05
1.976401013667745875e-08 3.508911905589391644e-07 4.722442529902116660e-06 4.817899287224334349e-05 3.726023353679946406e-04 2.184390340088660388e-03 9.707597059167016873e-03 3.270318528794179114e-02 8.351513508719873857e-02 1.616728671591878552e-01 2.372498311946978355e-01 2.639195143078923445e-01 2.225532362440215683e-01 1.422633869433214959e-01 6.893649421045214276e-02 2.532223659905799215e-02 7.051016818939455540e-03 1.488326650048769255e-03 2.381450645896040011e-04 2.888562255020193340e-05
2.217392493831647979e-08 3.936769343449872128e-07 5.298271224281350002e-06 5.405367454099100830e-05 4.180354168589942953e-04 2.450742895907678451e-03 1.089128810564242433e-02 3.669083201252520271e-02 9.369851178128497937e-02 1.813863682602274985e-01 2.661787720284928827e-01 2.961004097624876374e-01 2.496901550407705228e-01 1.596102026732819368e-01 7.734223153916219839e-02 2.840989099554246805e-02 7.910779067645964946e-03 1.669805024064083092e-03 2.671831652646655523e-04 3.240777665035122536e-05
1.885848920707566288e-08 3.348145282385562739e-07 4.506075986872880017e-06 4.597159234414976791e-05 3.555309409110537209e-04 2.084308870908506764e-03 9.262827386796585599e-03 3.120483457176203429e-02 7.968875055101436178e-02 1.542655563984185463e-01 2.263798363806093783e-01 2.518276036944375185e-01 2.123565903216653172e-01 1.357453537353673356e-01 6.577805430431746259e-02 2.416205629828889825e-02 6.727962779786001921e-03 1.420136494185504378e-03 2.272340531715794304e-04 2.756217980741346670e-05
1.215816523874801199e-08 2.158566528823790036e-07 2.905090425069652190e-06 2.963812264446006131e-05 2.292126309599767171e-04 1.343764677161193551e-03 5.971792581582764659e-03 2.011791776135125887e-02 5.137574840857796199e-02 9.945579970614258636e-02 1.459482478799786764e-01 1.623545546928620298e-01 1.369073888325692545e-01 8.751572954675819471e-02 4.240745080550615415e-02 1.557740229118181018e-02 4.337552297990731644e-03 9.155693209721897739e-04 1.464989658500285424e-04 1.776947945081864513e-05
5.941909116305753499e-09 1.054929414423002645e-07 1.419768767856576508e-06 1.448467163203646901e-05 1.120202427528252213e-04 6.567214237183676600e-04 2.918520030317311564e-03 9.831980121991840821e-03 2.510823153258901277e-02 4.860579794227754685e-02 7.132747479225731713e-02 7.934552538641255481e-02 6.690904801994861095e-02 4.277047572579132512e-02 2.072526681389903411e-02 7.612950380650261584e-03 2.119838070611560193e-03 4.474548246438157600e-04 7.159662034691089479e-05 8.684257029533484106e-06
2.201307876721995923e-09 3.908212636545454153e-08 5.259838396433902970e-07 5.366157767010316202e-06 4.150030535596888265e-05 2.432965591607907452e-04 1.081228441121417439e-03 3.642468247607746207e-03 9.301883748368603572e-03 1.800706200151640582e-02 2.642479529954595840e-02 2.939525438658142573e-02 2.478789418473225856e-02 1.584524153154122025e-02 7.678120313116766106e-03 2.820381010546035242e-03 7.853395517960428014e-04 1.657692520511122591e-04 2.652450605207456202e-05 3.217269572523486100e-06
6.182048241646383467e-10 1.097563830722042713e-08 1.477147974341476910e-07 1.507006200211436337e-06 1.165474818250768874e-05 6.832624739426805842e-05 3.036470479179987671e-04 1.022933441682316981e-03 2.612296747705840447e-03 5.057017564915139429e-03 7.421013709390112366e-03 8.255223297702472818e-03 6.961314193225566320e-03 4.449902196070575945e-03 2.156286754923897580e-03 7.920623757991909807e-04 2.205510209006182414e-04 4.655384755573820484e-05 7.449016002429675657e-06 9.035226700473511311e-07
1.316075521090585750e-10 2.336566836726922327e-09 3.144650792213222703e-08 3.208214968089311394e-07 2.481140260948284498e-06 1.454574570250003436e-05 6.464240187001077495e-05 2.177688703937567089e-04 5.561230953067777165e-04 1.076571512670288508e-03 1.579834725133909311e-03 1.757426807195140456e-03 1.481970836559623646e-03 9.473247575201823633e-04 4.590446569940444862e-04 1.686195033134449102e-04 4.695236730820799234e-05 9.910692506076764437e-06 1.585796039404399208e-06 1.923479116175655190e-07
2.123860815285770086e-11 3.770712749605925105e-10 5.074785214304821586e-09 5.177364025501974511e-08 4.004022940179930664e-07 2.347368280283117258e-06 1.043188343962986194e-05 3.514317857953002788e-05 8.974622137327943963e-05 1.737353224774379576e-04 2.549511037603079144e-04 2.836106189743213459e-04 2.391579919788365169e-04 1.528776958164182302e-04 7.407986425034649325e-05 2.721153535958249894e-05 7.577095046048167246e-06 1.599371094491618193e-06 2.559131307552483430e-07 3.104078647766896856e-08
