4.814163342577667714e-24 4.954063679389746006e-23 3.864552105028935300e-22 2.285249218475306499e-21 1.024388726612096090e-20 3.480910292922371876e-20 8.966391371009631113e-20 1.750811420709304942e-19 2.591539721905468036e-19 2.907857957035008229e-19 2.473348570912624879e-19 1.594756141706455973e-19 7.794711759231948328e-20 2.888036356526924354e-20 8.111516792862541024e-21 1.727023736146653800e-21 2.787349072887089975e-22 3.410210871933357368e-23 3.162772309148133919e-24 2.223573248042469348e-25
5.064826838619392207e-22 5.212011495681384176e-21 4.065771314338789231e-20 2.404237403475885760e-19 1.077726522039043839e-18 3.662154069118042485e-18 9.433252764776179867e-18 1.841972538518363388e-17 2.726475817878481517e-17 3.059264087162880209e-17 2.602130698895595659e-17 1.677791784946619822e-17 8.200566226803974198e-18 3.038410417045409263e-18 8.533866641177286351e-19 1.816946278579078005e-19 2.932480555468742039e-20 3.587773475976720345e-21 3.327451300652926199e-22 2.339350093237909718e-23
4.039291554464702305e-20 4.156673996384344133e-19 3.242526596796778369e-18 1.917423072539929027e-17 8.595065097391499282e-17 2.920634500224947897e-16 7.523190710756420528e-16 1.469006612755443219e-15 2.174414070908454410e-15 2.439818770491790184e-15 2.075246576154894508e-15 1.338069474638246102e-15 6.540100768931140581e-16 2.423187589156466278e-16 6.805913913540973971e-17 1.449047715120129837e-17 2.338706597235945460e-18 2.861314623896517568e-19 2.653702952712136062e-20 1.865674262049967326e-21
2.441982911825013005e-18 2.512947315718882564e-17 1.960292896353019683e-16 1.159191980758623913e-15 5.196208743747181904e-15 1.765690702210559178e-14 4.548199334054398892e-14 8.880985681119387593e-14 1.314557746771509746e-13 1.475010076681745564e-13 1.254605320874200334e-13 8.089395746364500479e-14 3.953865202349813830e-14 1.464955575768218834e-14 4.114564460653741982e-15 8.760322722511172864e-16 1.413881981336563629e-16 1.729828442115596149e-17 1.604315305346014145e-18 1.127906863252301213e-19
1.119120520248892700e-16 1.151642336933313177e-15 8.983699252699779968e-15 5.312385792271670262e-14 2.381336824457228168e-13 8.091869470862663540e-13 2.084364792347639224e-12 4.070009363148850870e-12 6.024401490855163823e-12 6.759728073423638529e-12 5.749649404198517463e-12 3.707236742866831016e-12 1.811991255475579773e-12 6.713649952898300659e-13 1.885637076945435863e-13 4.014711517959790492e-14 6.479588087458739410e-15 7.927518643588521880e-16 7.352312624580514706e-17 5.169011255086387429e-18
3.887835821840012979e-15 4.000816936571859742e-14 3.120946058563536821e-13 1.845528109701209996e-12 8.272787820861793402e-12 2.811123505042760800e-11 7.241104026641396759e-11 1.413925302143079329e-10 2.092883071796776074e-10 2.348336258181483920e-10 1.997433923532437000e-10 1.287897732922784212e-10 6.294875649614636187e-11 2.332328673266354706e-11 6.550721966127233538e-12 1.394714775706768835e-12 2.251015348336861620e-13 2.754027864129721762e-14 2.554200720835095489e-15 1.795719652835035372e-16
1.023848726139240780e-13 1.053601929642884781e-12 8.218908392323132271e-12 4.860137337994551989e-11 2.178611356073382107e-10 7.403000927893957197e-10 1.906920835461034455e-09 3.723525595713283824e-09 5.511538463070625893e-09 6.184265994410694024e-09 5.260176282824887862e-09 3.391636153572294141e-09 1.657734716794861198e-09 6.142110548103409654e-10 1.725110999449935449e-10 3.672935308670319138e-11 5.927974591848406950e-12 7.252641442834085594e-13 6.726403259212925872e-14 4.728968411500980925e-15
2.043903987887922751e-12 2.103300156228983255e-11 1.640736488729121920e-10 9.702267369387836620e-10 4.349150733944204126e-09 1.477857297915187457e-08 3.806776333924281754e-08 7.433255147739591558e-08 1.100265611165660327e-07 1.234561864993393461e-07 1.050086307378688683e-07 6.770705947832090921e-08 3.309327356682650896e-08 1.226146394756537376e-08 3.443830285965040204e-09 7.332262015848519857e-10 1.183398543070464529e-10 1.447841110632374906e-11 1.342788450544784151e-12 9.440415510707403143e-14
3.093014864635762353e-11 3.182898358513145717e-10 2.482906427436218708e-09 1.468232234587363737e-08 6.581516523450584962e-08 2.236423343439735210e-07 5.760747988626685769e-07 1.124865394892977981e-06 1.665018469825277880e-06 1.868247345455248096e-06 1.589082744160121243e-06 1.024602636171908443e-06 5.007964545703735495e-07 1.855512317445252144e-07 5.211506180767227585e-08 1.109582227972401002e-08 1.790822517200327479e-09 2.191000214958358703e-10 2.032025311466824007e-11 1.428606513612666082e-12
3.548136692516098912e-10 3.651246097622513532e-09 2.848253818627525984e-08 1.684275340619097521e-07 7.549954103439458249e-07 2.565501968834705847e-06 6.608413541262335428e-06 1.290383770021549448e-05 1.910017696342296005e-05 2.143150695102198562e-05 1.822908404503472001e-05 1.175367842623797062e-05 5.744861740754561895e-06 2.128541770754914874e-06 5.978353519950568605e-07 1.272851760735479182e-07 2.054333186598115404e-08 2.513395051827494780e-09 2.331027778162954799e-10 1.638818890937829190e-11
3.085428577899212755e-09 3.175091613102052924e-08 2.476816563364148880e-07 1.464631078041116249e-06 6.565373933229287642e-06 2.230938032346789179e-05 5.746618510440736251e-05 1.122106419653887100e-04 1.660934652551021551e-04 1.863665065486450002e-04 1.585185175647557448e-04 1.022089576995279930e-04 4.995681431437284362e-05 1.850961272882139093e-05 5.198723836696203007e-06 1.106860737999813259e-06 1.786430138338824575e-07 2.185626313894858012e-08 2.027041330676764428e-09 1.425102547702296010e-10
2.033890052019596279e-08 2.092995213824089697e-07 1.632697838150464439e-06 9.654731925555775320e-06 4.327842435320838985e-05 1.470616660247491393e-04 3.788125353105775131e-04 7.396836538654502679e-04 1.094874952243506290e-03 1.228513232858622446e-03 1.044941497739580206e-03 6.737533442887314473e-04 3.293113585334537315e-04 1.220138993511160120e-04 3.426957528815288332e-05 7.296338214128095786e-06 1.177600581332924870e-06 1.440747534752437719e-07 1.336209571346853015e-08 9.394162988057225334e-10
1.016333558738196743e-07 1.045868370306260059e-06 8.158580659480179958e-06 4.824463370977156898e-05 2.162620098161247711e-04 7.348662049676088926e-04 1.892923817216880236e-03 3.696194489604106258e-03 5.471083136878594246e-03 6.138872770769317373e-03 5.221565983944621153e-03 3.366741154138498324e-03 1.645566753320204826e-03 6.097026750286154134e-04 1.712448486311755338e-04 3.645975541086349855e-05 5.884462576577503602e-06 7.199406220529162192e-07 6.677030685697569125e-08 4.694257239489590674e-09
3.849832896589454331e-07 3.961709640392411665e-06 3.090439348607217692e-05 1.827488390429422404e-04 8.191922745386156363e-04 2.783645257161993045e-03 7.170323482486176160e-03 1.400104425946254588e-02 2.072425500391918141e-02 2.325381675896516509e-02 1.977909351105145569e-02 1.275308754499442261e-02 6.233344324801480020e-03 2.309530562365692818e-03 6.486689787654698535e-04 1.381081679095719206e-04 2.229012061176387777e-05 2.727107716300802727e-06 2.529233848899931987e-07 1.778166802646684482e-08
1.105463256078854274e-06 1.137588190538602140e-05 8.874066061547995657e-05 5.247555727211217344e-04 2.352276016884668943e-03 7.993119785736278043e-03 2.058928103375579077e-02 4.020340724211996647e-02 5.950882293290376407e-02 6.677235267379963424e-02 5.679483162603034263e-02 3.661995224529775855e-02 1.789878495677086484e-02 6.631719464364765719e-03 1.862625575304004653e-03 3.965717710076536854e-04 6.400513988983815180e-05 7.830774625076262840e-06 7.262588172246934256e-07 5.105930871042551803e-08
2.406265608399887129e-06 2.476192061891234350e-05 1.931620960999938259e-04 1.142237229968093987e-03 5.120207161810628148e-03 1.739865087190731879e-02 4.481675766315350307e-02 8.751089251971264082e-02 1.295330561485351639e-01 1.453436059022220894e-01 1.236255020916141451e-01 7.971077390818373520e-02 3.896034575259620797e-02 1.443528618785567923e-02 4.054383389528390391e-03 8.632191152356889687e-04 1.393202044761180725e-04 1.704527361161557969e-05 1.580850023802421471e-06 1.111409699625563521e-07
3.970449123505056659e-06 4.085830993654945527e-05 3.187263585854174059e-04 1.884744058482165771e-03 8.448577732569599250e-03 2.870857558840807233e-02 7.394971509414298427e-02 1.443970047567149917e-01 2.137355109321799340e-01 2.398236465031334808e-01 2.039877745453567426e-01 1.315264496541239669e-01 6.428636560521469590e-02 2.381888732151606070e-02 6.689919400049559352e-03 1.424351313303054423e-03 2.298847566194448010e-04 2.812548682692884254e-05 2.608475377567785277e-06 1.833877213026266024e-07
4.966295149660281108e-06 5.110616460489284842e-05 3.986675359573149430e-04 2.357465109067551860e-03 1.056760313748793777e-02 3.590910127882539216e-02 9.249737245508224404e-02 1.806138605588490098e-01 2.673434662513931026e-01 2.999748832824546962e-01 2.551508566920717147e-01 1.645151842148976917e-01 8.041031524731455382e-02 2.979300852260356389e-02 8.367847876805072430e-03 1.781599209216060305e-03 2.875431761664603474e-04 3.517976542842684131e-05 3.262718703265273239e-06 2.293840123578971505e-07
4.708930023130791301e-06 4.845772263283750061e-05 3.780076440775762404e-04 2.235295707572048686e-03 1.001996502162222878e-02 3.404820696713367623e-02 8.770394048050951519e-02 1.712540243681048846e-01 2.534890973616730214e-01 2.844294774084325517e-01 2.419283375832036453e-01 1.559896193973525358e-01 7.624326308181518519e-02 2.824906456094868762e-02 7.934206266168876073e-03 1.689272536699206904e-03 2.726420106725341145e-04 3.335666702047495648e-05 3.093636925684366115e-06 2.174967918876497271e-07
3.384611037799670121e-06 3.482968361901717656e-05 2.716984194356280614e-04 1.606650871308653965e-03 7.201993668192419214e-03 2.447263742552482219e-02 6.303846596800709301e-02 1.230912878927275939e-01 1.821989268640194226e-01 2.044377690862603514e-01 1.738894648504933360e-01 1.121197777416586688e-01 5.480093960135024728e-02 2.030442059041967853e-02 5.702824627408687938e-03 1.214188880590457917e-03 1.959653581933303685e-04 2.397558316371947959e-05 2.223595940942509517e-06 1.563289407345076284e-07
