2.102337150305436112e-08 1.362542857723601888e-07 6.694140106193244427e-07 2.493080164491434057e-06 7.038409136985714609e-06 1.506293468276014393e-05 2.443664033107545013e-05 3.005178132803144273e-05 2.801533130536904934e-05 1.979785434900341873e-05 1.060565038238955019e-05 4.306786146119066928e-06 1.325763712429541578e-06 3.093682691443708276e-07 5.472455348958628937e-08 7.338131758272296551e-09 7.459085811280025688e-10 5.747546861373946317e-11 3.357192604649557628e-12 1.486506505096005595e-13
1.747819656071601137e-07 1.132777008969893814e-06 5.565306048272001570e-06 2.072671605040742507e-05 5.851520930080266657e-05 1.252286928042244314e-04 2.031588524837722894e-04 2.498414400252967397e-04 2.329110091583935598e-04 1.645933858620319840e-04 8.817217638508005335e-05 3.580532018658444024e-05 1.102199937604753205e-05 2.571994419148340331e-06 4.549634212806649106e-07 6.100701271481706201e-08 6.201258820634883313e-09 4.778336993684635606e-10 2.791068607988118941e-11 1.235836644045235618e-12
1.101508094451300097e-06 7.138969059274344927e-06 3.507358232856065808e-05 1.306235767609546827e-04 3.687736115647942230e-04 7.892142550418684800e-04 1.280344454835134500e-03 1.574546707729433887e-03 1.467848018435840641e-03 1.037297790938375300e-03 5.556772728591773906e-04 2.256517133958102787e-04 6.946266731569572322e-05 1.620918188975560719e-05 2.867263161156362010e-06 3.844774149908710550e-07 3.908147366914043060e-08 3.011395860136789127e-09 1.758982772157292356e-10 7.788469835011332352e-12
5.262299792092507524e-06 3.410541927527817850e-05 1.675591000422599710e-04 6.240357418108317261e-04 1.761763993603064149e-03 3.770359955722406200e-03 6.116665317690607624e-03 7.522175147384614798e-03 7.012437186025455294e-03 4.955544110015956509e-03 2.654669913155748191e-03 1.078019281446680354e-03 3.318481104359585396e-04 7.743708368383828513e-05 1.369794594595670664e-05 1.836786702850853039e-06 1.867062364768481696e-07 1.438651961663518026e-08 8.403292470427593113e-10 3.720831775994822965e-11
1.905725296150635333e-05 1.235117017589680783e-04 6.068100035475054417e-04 2.259925785030457608e-03 6.380172816269112125e-03 1.365423983257406035e-02 2.215131080431101060e-02 2.724132038616941878e-02 2.539532041324859407e-02 1.794634692010276325e-02 9.613803481954834307e-03 3.904012875659728429e-03 1.201777480423861727e-03 2.804359596885353401e-04 4.960667982797203928e-05 6.651865194977947345e-06 6.761507551083977332e-07 5.210032768978164953e-08 3.043225902087578026e-09 1.347487508957521168e-10
5.231687933976952962e-05 3.390702117994439952e-04 1.665843749982455230e-03 6.204056001727487404e-03 1.751515457499833867e-02 3.748427012224472138e-02 6.081083443178845332e-02 7.478417139017599913e-02 6.971644426079420809e-02 4.926716711506817781e-02 2.639227163419733888e-02 1.071748226091933862e-02 3.299176831182582849e-03 7.698661656636731189e-04 1.361826223458731779e-04 1.826101744532685373e-05 1.856201286825132822e-06 1.430283033349266370e-07 8.354408825068796548e-09 3.699186947897079183e-10
1.088729980276439914e-04 7.056152998103559434e-04 3.466670902297780583e-03 1.291082697140179258e-02 3.644956300075206934e-02 7.800589252624948178e-02 1.265491738173818437e-01 1.556281079263908684e-01 1.450820154850092081e-01 1.025264552442254617e-01 5.492311035820413023e-02 2.230340264518385074e-02 6.865686125914340771e-03 1.602114625214955731e-03 2.834001293878961802e-04 3.800172604707579763e-05 3.862810656709039635e-06 2.976461972387466558e-07 1.738577581485105081e-08 7.698119199096306462e-10
1.717494492536611396e-04 1.113123008669371361e-03 5.468746420137692889e-03 2.036710168654071521e-02 5.749995393096701823e-02 1.230559396970208469e-01 1.996339891469002259e-01 2.455066206403187790e-01 2.288699375196280306e-01 1.617376442380578927e-01 8.664236427956607811e-02 3.518408779209283854e-02 1.083076458108451004e-02 2.527369591237285489e-03 4.470696777214556408e-04 5.994852385360560442e-05 6.093665232700736672e-06 4.695431500400248472e-07 2.742642781169772776e-08 1.214394530035920419e-09
2.053843478643102983e-04 1.331113690447216632e-03 6.539729367495009452e-03 2.435573398315912796e-02 6.876057298383335403e-02 1.471548469897860367e-01 2.387297126754127363e-01 2.935859031612448877e-01 2.736911417619130038e-01 1.934118608897678337e-01 1.036101458392383601e-01 4.207443434480525463e-02 1.295182913263690470e-02 3.022322095145194270e-03 5.346224666672182201e-04 7.168866351889269760e-05 7.287030411801939619e-06 5.614970766089294708e-07 3.279753742926811346e-08 1.452217923756148801e-09
1.861813405821260579e-04 1.206657342352178593e-03 5.928278339345153039e-03 2.207852375801315839e-02 6.233160311604161313e-02 1.333961763425930425e-01 2.164089834735537232e-01 2.661362347956854890e-01 2.481015920081238169e-01 1.753282561177977317e-01 9.392281374334986166e-02 3.814056266705276310e-02 1.174086017741765228e-02 2.739741295752814564e-03 4.846363833683463860e-04 6.498592330563733805e-05 6.605708297831610223e-06 5.089982734471136473e-07 2.973103622486259245e-08 1.316438582948582009e-09
1.279386554318890680e-04 8.291814714883146602e-04 4.073748515239903126e-03 1.517174940673082437e-02 4.283254953824353062e-02 9.166615401771874283e-02 1.487102535754669663e-01 1.828814420124243167e-01 1.704885354933240726e-01 1.204807166861831952e-01 6.454115362545374823e-02 2.620913723030144499e-02 8.067993602452507018e-03 1.882674260019198643e-03 3.330286862671365668e-04 4.465652478238347003e-05 4.539259601190033733e-06 3.497695017039123091e-07 2.043034381057018904e-08 9.046200963775409256e-10
6.664448722027868329e-05 4.319286754526971807e-04 2.122055136080980547e-03 7.903111503187806516e-03 2.231189073135999429e-02 4.774978922002378473e-02 7.746461427532197463e-02 9.526471795314217506e-02 8.880913267794769694e-02 6.275957455060929280e-02 3.362011327579955688e-02 1.365259393498352396e-02 4.202696164945910785e-03 9.807032928260976581e-04 1.734778746188412517e-04 2.326201713715849174e-05 2.364544378396163049e-06 1.821983278443891685e-07 1.064236436120986376e-08 4.712253872664458779e-10
2.631621941279373026e-05 1.705576900354911221e-04 8.379458061185357347e-04 3.120738489205143480e-03 8.810400327036865820e-03 1.885518191287754997e-02 3.058881343416659793e-02 3.761762337020368996e-02 3.506847631204575155e-02 2.478216583268822229e-02 1.327573089015688171e-02 5.391063425235257354e-03 1.659538230618570363e-03 3.872548819763120954e-04 6.850201722829682167e-05 9.185581171061332995e-06 9.336986638892931914e-07 7.194550325444025173e-08 4.202400037602449727e-09 1.860749658586783839e-10
7.877339914192197387e-06 5.105372007712589738e-05 2.508256919783286259e-04 9.341432170466098693e-04 2.637252603329463731e-03 5.643997518863121295e-03 9.156272685414551527e-03 1.126023466376385382e-02 1.049718821117914119e-02 7.418145479477935775e-03 3.973877979610800255e-03 1.613728721189406192e-03 4.967562603929426670e-04 1.159185630316930562e-04 2.050498462757192216e-05 2.749556995967164100e-06 2.794877804259139114e-07 2.153573716433313072e-08 1.257921323437329412e-09 5.569856872670426257e-11
1.787444199467315867e-06 1.158458017644713693e-05 5.691476222782931345e-05 2.119660815668796981e-04 5.984179836975750703e-04 1.280677327218566943e-03 2.077646347442603167e-03 2.555055558555198274e-03 2.381912978641972066e-03 1.683248565192486381e-03 9.017111387118076924e-04 3.661705694592469820e-04 1.127187738323584488e-04 2.630303698438711936e-05 4.652778251537267637e-06 6.239009306544915126e-07 6.341846580014240618e-08 4.886665917042303288e-09 2.854344483616051574e-10 1.263854101430998282e-11
3.074554664575694139e-07 1.992645422400384436e-06 9.789818767094265296e-06 3.645995242858481581e-05 1.029329365186151633e-04 2.202872935216447069e-04 3.573726816631242280e-04 4.394910894643334269e-04 4.097091065152981180e-04 2.895329392265895744e-04 1.551019152627228074e-04 6.298442394435442657e-05 1.938857906584218023e-05 4.524344036974965524e-06 8.003170717588505426e-07 1.073162181593439733e-07 1.090851059317935134e-08 8.405477213746275963e-10 4.909713069097742249e-11 2.173935569040879588e-12
4.008932691688522708e-08 2.598223888761733027e-07 1.276501112609958152e-06 4.754037939622507608e-06 1.342149544502974658e-05 2.872340969368917019e-05 4.659806648236695123e-05 5.730554140277489421e-05 5.342224843539571382e-05 3.775239642864924627e-05 2.022384398639545292e-05 8.212581780605233332e-06 2.528089981876103500e-06 5.899322892923123217e-07 1.043538860979487651e-07 1.399303451274768477e-08 1.422368098980036193e-09 1.095995878026804685e-10 6.401808189100025724e-12 2.834609341237791996e-13
3.962526044568268822e-09 2.568147340109484517e-08 1.261724576998792268e-07 4.699006094982721915e-07 1.326613075052267891e-06 2.839091293201765497e-06 4.605865607215562780e-06 5.664218328667903594e-06 5.280384258471835203e-06 3.731538182308091285e-06 1.998973659086907801e-06 8.117514486153288427e-07 2.498825290074117239e-07 5.831033446131486026e-08 1.031459052361561131e-08 1.383105379001793891e-09 1.405903034704619232e-10 1.083308836894313123e-11 6.327702067493383575e-13 2.801796439266321552e-14
2.969014469868227983e-10 1.924243911025041606e-09 9.453763796033123650e-09 3.520839215461290681e-08 9.939955905515570683e-08 2.127254946966873645e-07 3.451051546484238861e-07 4.244046850205648116e-07 3.956450277811458398e-07 2.795941460959049703e-07 1.497777340000069293e-07 6.082235850989824545e-08 1.872302758507429066e-08 4.369036942881779440e-09 7.728445988982000863e-10 1.036323758486821413e-10 1.053405430354576219e-11 8.116942515707223574e-13 4.741177417661568192e-14 2.099310913352829657e-15
1.686356217041906340e-11 1.092942023487723176e-10 5.369597728027797899e-10 1.999784494301103686e-09 5.645747640675036974e-09 1.208249283207419479e-08 1.960146132600041525e-08 2.410555712643278844e-08 2.247205121806175744e-08 1.588053312984622841e-08 8.507153315307725576e-09 3.454619822478359915e-09 1.063440218643947761e-09 2.481548232885995574e-10 4.389642783442146454e-11 5.886165361363324893e-12 5.983186726008060135e-13 4.610303052966295676e-14 2.692918507307620744e-15 1.192377486255085806e-16
