8.397677864166000499e-07 2.949793641004323493e-06 7.854542220436516929e-06 1.585429523840769714e-05 2.425882846715367525e-05 2.813776027894538564e-05 2.474036180135339330e-05 1.648995182854491392e-05 8.331621785598319218e-06 3.191071434189335329e-06 9.264891229645426466e-07 2.039111355830642004e-07 3.402031894408036251e-08 4.302616495334802982e-09 4.124997734169482608e-10 2.997861813748839714e-11 1.651567489958536647e-12 6.897280053032275851e-14 2.183515173839068225e-15 5.240001216802828991e-17
7.045221844459262055e-06 2.474725862601851513e-05 6.589558842900744291e-05 1.330094211148087819e-04 2.035191525589138668e-04 2.360614048048767684e-04 2.075589707322394041e-04 1.383422545085724316e-04 6.989804176002358102e-05 2.677145579888640494e-05 7.772769464778653373e-06 1.710710043866363610e-06 2.854130606784231995e-07 3.609674985344769812e-08 3.460661937167792600e-09 2.515052598887839864e-10 1.385580579067640475e-11 5.786464887433739882e-13 1.831857455033140101e-14 4.396092781213021554e-16
4.480504876998011519e-05 1.573835649382839593e-04 4.190719779264554445e-04 8.458915462829173218e-04 1.294307795743660167e-03 1.501264685271852268e-03 1.319999570151027604e-03 8.798064272568452589e-04 4.445261255253393556e-04 1.702567228107683016e-04 4.943198704539147393e-05 1.087949373900946562e-05 1.815123268736125113e-06 2.295622016350614855e-07 2.200855136920353443e-08 1.599481987084024058e-09 8.811788583873600482e-11 3.679981229989853285e-12 1.164994721592204565e-13 2.795755134588293871e-15
2.160011459346378355e-04 7.587321364713005408e-04 2.020308647043793718e-03 4.077967736884889095e-03 6.239742501074614471e-03 7.237463216136292427e-03 6.363600255176733549e-03 4.241468354688335100e-03 2.143020823485662293e-03 8.207924829855791412e-04 2.383072028879183735e-04 5.244906945373703798e-05 8.750547467818382732e-06 1.106698909558483858e-06 1.061012641792829106e-07 7.710960072505107920e-09 4.248084722821968548e-10 1.774086145462133815e-11 5.616335698318070819e-13 1.347808627380251659e-14
7.893724690012317215e-04 2.772773529906014112e-03 7.383183167667436986e-03 1.490286288548798438e-02 2.280303154269210097e-02 2.644918471847307676e-02 2.325566757264225029e-02 1.550037307831718045e-02 7.831632703781215427e-03 2.999571997770959092e-03 8.708895701013401758e-04 1.916742213212224656e-04 3.197872506599789449e-05 4.044412111329735710e-06 3.877452432344796477e-07 2.817957082804153564e-08 1.552455248174980629e-09 6.483367274764768526e-11 2.052480211499724853e-12 4.925543424006891940e-14
2.186778095679593487e-03 7.681342658365743724e-03 2.045344100722650688e-02 4.128501487027493727e-02 6.317064738239827615e-02 7.327149104163915849e-02 6.442457324690524512e-02 4.294028187404747010e-02 2.169576913634415835e-02 8.309636576809947481e-03 2.412602808485403427e-03 5.309901284269868829e-04 8.858983337810713934e-05 1.120413006821412509e-05 1.074160599598759471e-06 7.806513484107441550e-08 4.300726544881021350e-09 1.796070435625915582e-10 5.685932743515033001e-12 1.364510531076060247e-13
4.592236795835140384e-03 1.613082940004615176e-02 4.295225225659619894e-02 8.669858399370780622e-02 1.326584402410627417e-01 1.538702248352964153e-01 1.352916861591624831e-01 9.017464681721694408e-02 4.556114291555541512e-02 1.745024743179765525e-02 5.066468981352554093e-03 1.115079948351977183e-03 1.860387633201607380e-04 2.352868746318125963e-05 2.255738632035629397e-06 1.639368829408380242e-07 9.031531240983022968e-09 3.771750210361306012e-10 1.194046602853820654e-11 2.865473859232476249e-13
7.310391783072715463e-03 2.567870254582544504e-02 6.837578415944553512e-02 1.380156651779056443e-01 2.111792606977583586e-01 2.449463469121777870e-01 2.153711306248372037e-01 1.435492171771126924e-01 7.252888289631545526e-02 2.777908699170202750e-02 8.065323034749306841e-03 1.775098204712456532e-03 2.961555135706762064e-04 3.745536895077412030e-05 3.590915254054098154e-06 2.609714819323266364e-07 1.437731430411563174e-08 6.004257396011225592e-10 1.900805394448524848e-11 4.561554093669767142e-13
8.821731806323347691e-03 3.098748107018813036e-02 8.251169674631933515e-02 1.665488279424398033e-01 2.548381613755616448e-01 2.955862070759795457e-01 2.598966525427940377e-01 1.732263786294470087e-01 8.752340122249820109e-02 3.352209601580573989e-02 9.732736473668769650e-03 2.142079488560235528e-03 3.573822841798946783e-04 4.519883877574299753e-05 4.333295977905267940e-06 3.149243557693521236e-07 1.734965986088561558e-08 7.245569049581215971e-10 2.293775204314625292e-11 5.504603313815423651e-13
8.069820371735772491e-03 2.834629429901024122e-02 7.547889529271940845e-02 1.523532061647164537e-01 2.331172870943678810e-01 2.703922141178747851e-01 2.377446228565271158e-01 1.584616025374880333e-01 8.006343218036295062e-02 3.066487388992341842e-02 8.903176472861049420e-03 1.959501498591255733e-03 3.269211647655330139e-04 4.134636122919134823e-05 3.963951855144269221e-06 2.880820951643122675e-07 1.587087905888318752e-08 6.628000261719300884e-10 2.098267582640910624e-11 5.035423988780883973e-13
5.595909786549343491e-03 1.965636140251784611e-02 5.233983773985933369e-02 1.056473078849866354e-01 1.616520874286344334e-01 1.874998906405030696e-01 1.648608519716234788e-01 1.098830942430369384e-01 5.551892397159446241e-02 2.126414963397929569e-02 6.173789509659521023e-03 1.358790296142163220e-03 2.266991408816276452e-04 2.867108520172298309e-05 2.748749781011673060e-06 1.997667037677648770e-07 1.100545035151044709e-08 4.596098775595042199e-10 1.455015794604849349e-11 3.491747905187069927e-13
2.941537305486642637e-03 1.033253261062451640e-02 2.751287836072342438e-02 5.553440087881606618e-02 8.497378689414712694e-02 9.856090325462613100e-02 8.666050111359586972e-02 5.776097780116483393e-02 2.918399192486369545e-02 1.117768009201066358e-02 3.245304669231274201e-03 7.142596108398091472e-04 1.191663206629858059e-04 1.507119841573781957e-05 1.444903569340767553e-06 1.050090573188689469e-07 5.785108053468360751e-09 2.415978191894867987e-10 7.648413579128933587e-12 1.835466817058206312e-13
1.172127448342216889e-03 4.117250208322767273e-03 1.096317896405853143e-02 2.212903962696184321e-02 3.385988266150321419e-02 3.927400132667592525e-02 3.453199517574444266e-02 2.301627363268476598e-02 1.162907501581767443e-02 4.454019882799527957e-03 1.293170980338739610e-03 2.846142027660145189e-04 4.748473361412218339e-05 6.005487440036225590e-06 5.757571493902122463e-07 4.184342594547672378e-08 2.305217726951137629e-09 9.627055716866681774e-11 3.047697364112551164e-12 7.313866231723093956e-14
3.540561407129075799e-04 1.243668272737666726e-03 3.311568924906040188e-03 6.684360458486259676e-03 1.022781216929883816e-02 1.186321620549295013e-02 1.043083238118250496e-02 6.952360878082095193e-03 3.512711374505064071e-03 1.345393875549053030e-03 3.906188932169644425e-04 8.597137313518074704e-05 1.434337328246580632e-05 1.814034565205635924e-06 1.739148371529705473e-07 1.263934389166905244e-08 6.963206032429744288e-10 2.907975748168634750e-11 9.205961078078493911e-13 2.209247173041453568e-14
8.107113356884130043e-05 2.847729076282331270e-04 7.582770520316355284e-04 1.530572746065253639e-03 2.341945898254033012e-03 2.716417751193373614e-03 2.388433098508923377e-03 1.591938996541268766e-03 8.043342856809993380e-04 3.080658518384000555e-04 8.944320638738460360e-05 1.968556924476702461e-05 3.284319624760973212e-06 4.153743478030278245e-07 3.982270428650623114e-08 2.894134062470352260e-09 1.594422300332926000e-10 6.658630177124773722e-12 2.107964286928255666e-13 5.058694146402609096e-15
1.407204383662167506e-05 4.942988537620344070e-05 1.316190787863178574e-04 2.656714644242572283e-04 4.065067785840516148e-04 4.715062931852468677e-04 4.145758642256523936e-04 2.763232035670721925e-04 1.396135323282437883e-04 5.347299317031266601e-05 1.552523895700183107e-05 3.416952263606695618e-06 5.700807142886212649e-07 7.209922661225579785e-08 6.912285739000884488e-09 5.023536689734325039e-10 2.767542467544256536e-11 1.155781739067287684e-12 3.658930687887669709e-14 8.780704382749406732e-16
1.851590451831038603e-06 6.503952436496502495e-06 1.731835349498533070e-05 3.495687993607193248e-05 5.348789973720863115e-05 6.204049394502478374e-05 5.454962482152884886e-05 3.635842890232111603e-05 1.837025853576657175e-05 7.035941952320349109e-06 2.042800928488377737e-06 4.496003749783314542e-07 7.501085269524292418e-08 9.486769735056819518e-09 9.095140992493205241e-10 6.609937175528331637e-11 3.641514528689864585e-12 1.520770157699730838e-13 4.814397399738953275e-15 1.155359419300460394e-16
1.846840990911288632e-07 6.487269336899339629e-07 1.727393068915507114e-06 3.486721305808140687e-06 5.335069947824739358e-06 6.188135567492703867e-06 5.440970116237373036e-06 3.626516695176162974e-06 1.832313751885102872e-06 7.017894261858817726e-07 2.037560999125440140e-07 4.484471181075400276e-08 7.481844453442048720e-09 9.462435497392767306e-10 9.071811310348443132e-11 6.592982217553607152e-12 3.632173785478751283e-13 1.516869274313353722e-14 4.802048128721931682e-16 1.152395840391959127e-17
1.396403399044477130e-08 4.905048673461234748e-08 1.306088377283234166e-07 2.636323054833666925e-07 4.033866394532693513e-07 4.678872508634883818e-07 4.113937909004447971e-07 2.742022872979857058e-07 1.385419299138351581e-07 5.306256169113320385e-08 1.540607512472030408e-08 3.390725477173191797e-09 5.657050648823502485e-10 7.154582964545576950e-11 6.859230551846242449e-12 4.984978578956543422e-13 2.746300220172230695e-14 1.146910546701769433e-15 3.630846598230245896e-17 8.713308165062998418e-19
8.003668799451072151e-10 2.811392829209243190e-09 7.486016434606619893e-09 1.511043054871115507e-08 2.312063306718374288e-08 2.681757000849123819e-08 2.357957342964698998e-08 1.571626288711938438e-08 7.940711993581891347e-09 3.041350155097583754e-09 8.830193544508538558e-10 1.943438674506588163e-10 3.242412601250119353e-11 4.100742843049589642e-12 3.931457743057580056e-13 2.857205700417780146e-14 1.574077906223858642e-15 6.573667870387275458e-17 2.081067236998546770e-18 4.994146587471622332e-20
