1.434184300420788504e-27 1.865980402882201570e-26 1.840373673169748588e-25 1.375947188165428247e-24 7.798199429376834648e-24 3.350300247684588621e-23 1.091113529072061239e-22 2.693723229760196824e-22 5.041187162665844754e-22 7.151703340873066911e-22 7.691002990527815489e-22 6.269794241403593053e-22 3.874542387672018734e-22 1.815032323524881453e-22 6.445329588657893815e-23 1.735012933051194770e-23 3.540439047456453426e-24 5.476566264466812076e-25 6.421794312463411418e-26 5.708227255950712223e-27
2.113046583830991850e-25 2.749230705320767191e-24 2.711503188204516658e-23 2.027243294067420219e-22 1.148942898025232671e-21 4.936144183910654153e-21 1.607585381112485761e-20 3.968780488505524441e-20 7.427401979925697165e-20 1.053691795996561526e-19 1.133149176894530471e-19 9.237562633501170627e-20 5.708533103992736894e-20 2.674166667172287577e-20 9.496186553556951260e-21 2.556270592287733630e-21 5.216284010566015338e-22 8.068865091369616787e-23 9.461510999691469754e-24 8.410181382810218793e-25
2.359989106887374111e-23 3.070521287379362713e-22 3.028384720156678813e-21 2.264158361495096681e-20 1.283214835169025933e-19 5.513009790316272408e-19 1.795456861598608556e-18 4.432594525918569886e-18 8.295410001476972090e-18 1.176832152966568317e-17 1.265575370847280189e-17 1.031711622264749663e-17 6.375664429178702886e-18 2.986684843022224294e-18 1.060596439039853087e-18 2.855010768914551315e-19 5.825888334675310365e-20 9.011838104416900449e-21 1.056723645603872184e-21 9.393042539741096770e-23
1.998056407205775343e-21 2.599619936297801378e-20 2.563945518195091148e-19 1.916922458629679318e-18 1.086418414283525662e-17 4.667523465418807665e-17 1.520101968144327812e-16 3.752802869814053590e-16 7.023209156126384256e-16 9.963507952551041701e-16 1.071484173864837289e-15 8.734862424740524973e-16 5.397879645180241432e-16 2.528640818505997784e-16 8.979412253636047063e-17 2.417160546556472206e-17 4.932418323793095114e-18 7.629764397082296253e-19 8.946623713570486633e-20 7.952506549676103820e-21
1.282337404328273583e-19 1.668416301626881647e-18 1.645520731438888090e-17 1.230266253261285735e-16 6.972550746628131534e-16 2.995581057522189338e-15 9.755898808034729013e-15 2.408520336902306397e-14 4.507442215766324538e-14 6.394503618516980520e-14 6.876703927564090277e-14 5.605968264214637392e-14 3.464318098384888670e-14 1.622862443716563756e-14 5.762918484280447281e-15 1.551315253131747619e-15 3.165588562757076155e-16 4.896724755770702414e-17 5.741875048665841629e-18 5.103858214431782709e-19
6.238694156136622418e-18 8.117004928523616995e-17 8.005615789088762392e-16 5.985363024432610357e-15 3.392212646182746995e-14 1.457378843876656311e-13 4.746338106968762666e-13 1.171768186754231174e-12 2.192913761675334396e-12 3.110987188050858513e-12 3.345582251720183531e-12 2.727357194089158994e-12 1.685423898768176335e-12 7.895381051550703568e-13 2.803714977728936513e-13 7.547297124276269892e-14 1.540089121673143989e-14 2.382303441740341393e-15 2.793477144975179484e-16 2.483075851070954316e-17
2.300816058950559703e-16 2.993532752644663925e-15 2.952452694159619921e-14 2.207388120111230784e-13 1.251040223543451079e-12 5.374779663894725116e-12 1.750438579679509790e-11 4.321454128023875826e-11 8.087415527163372033e-11 1.147324921260346325e-10 1.233843041291920871e-10 1.005843061641701558e-10 6.215804582454909013e-11 2.911798376439585681e-11 1.034003636663873474e-11 2.783425824477277589e-12 5.679813266491245283e-13 8.785880312240988009e-14 1.030227947486114622e-14 9.157526640597938167e-16
6.432309365584257116e-15 8.368912710824077282e-14 8.254066657005838381e-13 6.171116210370643129e-12 3.497488517309622753e-11 1.502607974050338672e-10 4.893638683610413192e-10 1.208133512129142803e-09 2.260969903977114855e-09 3.207535347157331824e-09 3.449410968464352802e-09 2.811999560128628977e-09 1.737730309853743602e-09 8.140410831454408915e-10 2.890727074981761498e-10 7.781524268115776216e-11 1.587885130004058706e-11 2.456237211900667306e-12 2.880171515459671820e-13 2.560137049928822543e-14
1.363166068499980660e-13 1.773580403124367429e-12 1.749241672698281415e-11 1.307812753496718686e-10 7.412046592898519623e-10 3.184399393851091808e-09 1.037083545870578347e-08 2.560334891172585899e-08 4.791556624268976016e-08 6.797563830112867953e-08 7.310158329263071698e-08 5.959325286053071233e-08 3.682682004181585106e-08 1.725155181195242299e-08 6.126168438030982403e-09 1.649098207287651931e-09 3.365122861593898437e-10 5.205376534537776764e-11 6.103798586463292574e-12 5.425566089599327684e-13
2.189915865646783728e-12 2.849243356002978548e-11 2.810143371678664924e-10 2.100991188351100159e-09 1.190739617555400305e-08 5.115713276830747024e-08 1.666066786420477985e-07 4.113158425163623072e-07 7.697599078429324199e-07 1.092023431575835509e-06 1.174371345910846142e-06 9.573610504286010949e-07 5.916200480227291383e-07 2.771448607255490529e-07 9.841642752178595366e-08 2.649263660239757079e-08 5.406044145864309271e-09 8.362397600017663048e-10 9.805705756685335061e-11 8.716130436552837193e-12
2.666876547395228435e-11 3.469804663797804597e-10 3.422188756340448337e-09 2.558584196951652587e-08 1.450081078423056447e-07 6.229908634936932617e-07 2.028933854856847890e-06 5.008998707149051853e-06 9.374125634480126422e-06 1.329864642090034379e-05 1.430147819591052144e-05 1.165872978423134451e-05 7.204740856903474777e-06 3.375066325124725406e-06 1.198513908929350036e-06 3.226269663685526944e-07 6.583473170340580276e-08 1.018371636523785486e-08 1.194137506531056228e-09 1.061449172998945859e-10
2.461927241063618306e-10 3.203150378789329444e-09 3.159193751028765275e-08 2.361957151403403144e-07 1.338642432551855897e-06 5.751140521547249151e-06 1.873010407049802338e-05 4.624057450138573165e-05 8.653724628993575386e-05 1.227664622303784134e-04 1.320241043492578130e-04 1.076275708376283106e-04 6.651056944401587882e-05 3.115692675889604956e-05 1.106408185286551044e-05 2.978331029159351609e-06 6.077533643131532153e-07 9.401098359551833076e-08 1.102368109156016130e-08 9.798768662774846323e-10
1.722837573751993185e-09 2.241539772138856321e-08 2.210779265224519987e-07 1.652879280978253065e-06 9.367715837218397985e-06 4.024603496474002721e-05 1.310718144497157237e-04 3.235879511550806588e-04 6.055809324930367657e-04 8.591101735229360976e-04 9.238944344902255646e-04 7.531693866412227665e-04 4.654358024012405495e-04 2.180337550498630641e-04 7.742558600939458593e-05 2.084212936321532827e-05 4.253010869486645965e-06 6.578815660440383299e-07 7.714286461769752043e-08 6.857102251908442285e-09
9.139244062326681075e-09 1.189083600514632642e-07 1.172765882323778268e-06 8.768131938012777897e-06 4.969350718095389856e-05 2.134956548937217053e-04 6.953048390622048030e-04 1.716557211364978753e-03 3.212462988888792163e-03 4.557375385744982625e-03 4.901040500436028291e-03 3.995384677962629007e-03 2.469026365744985546e-03 1.156617275815868817e-03 4.107243410459689788e-04 1.105625451470624502e-04 2.256121234418933725e-05 3.489905425668221243e-06 4.092245712245265890e-07 3.637529851641282904e-08
3.675132785533210098e-08 4.781620990958264046e-07 4.716003111952817402e-06 3.525898743212669244e-05 1.998307915002314208e-04 8.585227350510739536e-04 2.796005438251588943e-03 6.902732482805401526e-03 1.291816694276083470e-02 1.832641691359912159e-02 1.970838562089234636e-02 1.606650300687922570e-02 9.928610816401820319e-03 4.651065275942353403e-03 1.651631668112249311e-03 4.446013606277622252e-04 9.072462733465718387e-05 1.403383667272175364e-05 1.645600695305366440e-06 1.462747370018178685e-07
1.120295559040042824e-07 1.457587813498825933e-06 1.437585429167897840e-05 1.074804349708126042e-04 6.091468290843978948e-04 2.617046141022868339e-03 8.523100139007935838e-03 2.104169018373684696e-02 3.937861813831899233e-02 5.586465763152750202e-02 6.007733101194873138e-02 4.897573235656273172e-02 3.026551489196909264e-02 1.417790343237245246e-02 5.034690529386144815e-03 1.355284173173565117e-03 2.765570743420996710e-04 4.277952884486724245e-05 5.016306235684326817e-06 4.458912040075083162e-07
2.588743450145887925e-07 3.368147695275012431e-06 3.321926819894268393e-05 2.483623806274291163e-04 1.407597174910345120e-03 6.047387228873561150e-03 1.969490951004086027e-02 4.862247038613918410e-02 9.099486198867062781e-02 1.290902792314738146e-01 1.388247912833774356e-01 1.131715691730399709e-01 6.993659200882122728e-02 3.276184963082869744e-02 1.163400321128474704e-02 3.131747687543983815e-03 6.390593169967476259e-04 9.885357859703769652e-05 1.159152136841559620e-05 1.030351253771990279e-06
4.534633908282644978e-07 5.899895853425487660e-06 5.818931960012171218e-05 4.350498589079857112e-04 2.465651000755443578e-03 1.059304937421282761e-02 3.449905570200732102e-02 8.517070430638082335e-02 1.593933097658138953e-01 2.261240515740280399e-01 2.431757406584217074e-01 1.982396652695350148e-01 1.225060913375010524e-01 5.738807150845358362e-02 2.037897785815274282e-02 5.485800168928443160e-03 1.119423420692416916e-03 1.731592172395253460e-04 2.030456352978430985e-05 1.804839229060222100e-06
6.021327771622971451e-07 7.834195101621375121e-06 7.726686943351339940e-05 5.776823113986268715e-04 3.274022367905189516e-03 1.406601363488619964e-02 4.580967866310862308e-02 1.130941852289287647e-01 2.116509032737500517e-01 3.002595268137645546e-01 3.229016653223226729e-01 2.632331575310687954e-01 1.626700952895306640e-01 7.620292965713823530e-02 2.706028927946175361e-02 7.284336856037972908e-03 1.486429878916764938e-03 2.299300064272927690e-04 2.696147798155455562e-05 2.396561396809793351e-06
6.060928010673375766e-07 7.885717956805208224e-06 7.777502753689113609e-05 5.814815328484855073e-04 3.295554507217793826e-03 1.415852105576650283e-02 4.611095344745614472e-02 1.138379674876164177e-01 2.130428597794853662e-01 3.022342323089584060e-01 3.250252805151046531e-01 2.649643531011472430e-01 1.637399215644224637e-01 7.670409058795243928e-02 2.723825566243960952e-02 7.332243479255238366e-03 1.496205626188684256e-03 2.314421784207016590e-04 2.713879451599958168e-05 2.412322771677957850e-06
