1.776567037975110031e-29 2.984348152900506487e-27 3.800267714821275744e-25 3.668391828014688444e-23 2.684318607512486387e-21 1.488981239613190505e-19 6.260964038774796002e-18 1.995675897240380371e-16 4.822093581808018288e-15 8.832386720276837849e-14 1.226358193998796788e-12 1.290783537137295419e-11 1.029879272673764105e-10 6.228967099187327260e-10 2.855897233446203898e-09 9.925809457217549859e-09 2.615086817863029317e-08 5.222796549662240663e-08 7.907094422730042033e-08 9.074601462332911919e-08
2.821065222581952461e-28 4.738937853884835490e-26 6.034561520967210317e-24 5.825151760448828924e-22 4.262511747721189148e-20 2.364398923520169834e-18 9.941976594227120485e-17 3.168994892344021446e-15 7.657150117554318210e-14 1.402521744260615363e-12 1.947371744249878419e-11 2.049674720211929412e-10 1.635376846183874230e-09 9.891167673668584107e-09 4.534966703944901980e-08 1.576149690227666233e-07 4.152576468104714167e-07 8.293438635260573532e-07 1.255591745812185707e-06 1.440983765147254907e-06
3.395795070518669066e-27 5.704391970416046034e-25 7.263970397283783620e-23 7.011898014555967841e-21 5.130904548067015680e-19 2.846093080358102204e-17 1.196743515167254639e-15 3.814607740288802576e-14 9.217125650010395332e-13 1.688254630673320543e-11 2.344105806791196452e-10 2.467250758808060664e-09 1.968548826258206385e-08 1.190627503364700395e-07 5.458866195276338602e-07 1.897255442954981969e-06 4.998572378782396977e-06 9.983043926042620432e-06 1.511390884153538118e-05 1.734552440409700751e-05
3.098608011619548091e-26 5.205165298225614836e-24 6.628255357515697230e-22 6.398243390241965228e-20 4.681867312171875056e-18 2.597013847265419161e-16 1.092009077975553691e-14 3.480767790689883451e-13 8.410477896966878463e-12 1.540505011528613218e-10 2.138958589128795956e-09 2.251326363681135290e-08 1.796268926020994240e-07 1.086428316246116541e-06 4.981127004362746691e-06 1.731214868255052060e-05 4.561116350637042446e-05 9.109365920853667860e-05 1.379119706894333752e-04 1.582751013183734891e-04
2.143327936827142956e-25 3.600447735775087430e-23 4.584808671156266085e-21 4.425707851235294137e-19 3.238479010273663045e-17 1.796371890312631587e-15 7.553500008123068939e-14 2.407670418270931177e-12 5.817583950934919468e-11 1.065577645074805985e-09 1.479531997143430245e-08 1.557257540191788197e-07 1.242491259545604327e-06 7.514897505068072214e-06 3.445478945803996185e-05 1.197492931621952657e-04 3.154954760582900117e-04 6.301009482881289852e-04 9.539463478216834600e-04 1.094799487665777150e-03
1.123847618048091130e-24 1.887884043422427155e-22 2.404030767178282979e-20 2.320606726262559044e-18 1.698086820620930394e-16 9.419222487460305300e-15 3.960655225080474595e-13 1.262454810636320891e-11 3.050432812316916236e-10 5.587324635143782359e-09 7.757881947253718320e-08 8.165433516546948044e-07 6.514965901825599796e-06 3.940414117612210031e-05 1.806626620100352501e-04 6.279018509995278356e-04 1.654291129139771150e-03 3.303915549720986330e-03 5.001989253833635622e-03 5.740548496161779028e-03
4.467073040090572511e-24 7.503967422057239406e-22 9.555549039879557069e-20 9.223954900171109992e-18 6.749560825072839884e-16 3.743955511106321627e-14 1.574282482155307227e-12 5.018009344292453177e-11 1.212486991801891627e-09 2.220851549895492012e-08 3.083605351673163486e-07 3.245599077370450534e-06 2.589570691772293551e-05 1.566237040404927017e-04 7.180985160761240230e-04 2.495786248401267275e-03 6.575481573094382054e-03 1.313241389836093849e-02 1.988192258789549596e-02 2.281755018271466179e-02
1.345970362664959613e-23 2.261014687211748939e-21 2.879175176058620601e-19 2.779262799324368034e-17 2.033705012212730955e-15 1.128088372824791394e-13 4.743458511707513732e-12 1.511972559297250596e-10 3.653335285623747646e-09 6.691630826742145101e-08 9.291187711188639611e-07 9.779289767656928635e-06 7.802615654300230365e-05 4.719216852676266978e-04 2.163697148978242519e-03 7.520034464954208041e-03 1.981253325881413702e-02 3.956917592080589491e-02 5.990606895374132185e-02 6.875138601703233154e-02
3.074289488117056182e-23 5.164314072719005524e-21 6.576235423697732963e-19 6.348028638431865195e-17 4.645123038665916577e-15 2.576631939633275884e-13 1.083438762424792812e-11 3.453449997342926922e-10 8.344470708049242892e-09 1.528414806124089826e-07 2.122171594928322556e-06 2.233657483693192802e-05 1.782171431942866332e-04 1.077901799680180614e-03 4.942034078226143108e-03 1.717627932023148632e-02 4.525319755922688203e-02 9.037873712607757959e-02 1.368296087101475988e-01 1.570329252325834146e-01
5.322931072771257376e-23 8.941671873608281788e-21 1.138632129926695166e-18 1.099119618401538439e-16 8.042726573060776627e-15 4.461269593374927311e-13 1.875903318879695913e-11 5.979422682922856097e-10 1.444790498402586609e-08 2.646350220123374723e-07 3.674401245575334520e-06 3.867431766538247947e-05 3.085713212357279025e-04 1.866316430216154827e-03 8.556808608741760941e-03 2.973960365855340959e-02 7.835295028699418296e-02 1.564848691138954750e-01 2.369115136012993061e-01 2.718922340916695157e-01
6.986404779915155277e-23 1.173604133966104503e-20 1.494467023211570725e-18 1.442606423175266700e-16 1.055616588030112917e-14 5.855464740297272882e-13 2.462143457149187194e-11 7.848057140322218866e-10 1.896303203257659209e-08 3.473363373381796899e-07 4.822691497308629555e-06 5.076046150203414721e-05 4.050032067207786496e-04 2.449560561772975292e-03 1.123090412925619418e-02 3.903355243800452068e-02 1.028390972796345559e-01 2.053880883699923110e-01 3.109489317845588463e-01 3.568615069236473758e-01
6.951098865140249118e-23 1.167673305616106053e-20 1.486914708821327745e-18 1.435316187204859936e-16 1.050282011740010351e-14 5.825874050149620544e-13 2.449700973525611657e-11 7.808396850763623229e-10 1.886720202931924245e-08 3.455810672800301057e-07 4.798319944220372354e-06 5.050394265089640792e-05 4.029565161624012277e-04 2.437181666024106162e-03 1.117414856519658058e-02 3.883629572025741605e-02 1.023193981613522568e-01 2.043501561899642438e-01 3.093775460960997981e-01 3.550581012598187369e-01
5.242639630640100563e-23 8.806795107409270846e-21 1.121456928046598381e-18 1.082540425842097511e-16 7.921409556855054096e-15 4.393975509628450741e-13 1.847607069931090084e-11 5.889228678198789870e-10 1.422997183571310934e-08 2.606432499481706035e-07 3.618976335700996226e-06 3.809095171599507091e-05 3.039168111465292261e-04 1.838164790526210018e-03 8.427737145323722923e-03 2.929100952244517719e-02 7.717106923541482144e-02 1.541244410638072382e-01 2.333379247600270157e-01 2.677909937635454263e-01
2.997390773875152103e-23 5.035136546117014638e-21 6.411740814263878682e-19 6.189242277500975625e-17 4.528932292625427301e-15 2.512181378292749838e-13 1.056338176057653081e-11 3.367067154894010121e-10 8.135746360209367759e-09 1.490183815232201366e-07 2.069088673595943276e-06 2.177785911020309437e-05 1.737593101826336755e-04 1.050939712084061721e-03 4.818416550395992516e-03 1.674664060198749471e-02 4.412125708286961795e-02 8.811804934548116142e-02 1.334070224440515318e-01 1.531049834786575303e-01
1.299072967690348483e-23 2.182234573049636564e-21 2.778856610971220342e-19 2.682425462594240899e-17 1.962845006773409060e-15 1.088782599492685791e-13 4.578183069142182303e-12 1.459291180664398207e-10 3.526042803844740470e-09 6.458475578594838899e-08 8.967456586075142167e-07 9.438551793384586497e-06 7.530750568467016578e-05 4.554786057727230452e-04 2.088307851698189156e-03 7.258015302936824537e-03 1.912220884792094344e-02 3.819047448468806255e-02 5.781877293665977496e-02 6.635589426288301951e-02
4.267962005363727483e-24 7.169492766157710647e-22 9.129629150135610533e-20 8.812815169979999430e-18 6.448712366189217862e-16 3.577076024449766584e-14 1.504111922784302460e-12 4.794341402478188310e-11 1.158442758057815774e-09 2.121861440240726676e-08 2.946159680480733671e-07 3.100932853020870773e-06 2.474145648279694164e-05 1.496425090847862773e-04 6.860906806795429892e-04 2.384541462852358008e-03 6.282392356039734511e-03 1.254706226065619053e-02 1.899572481514663624e-02 2.180050255756104532e-02
1.062929261257817418e-24 1.785550958501521656e-22 2.273719858779404652e-20 2.194817832599287562e-18 1.606041727373214074e-16 8.908651884325780079e-15 3.745967215558523890e-13 1.194023226717926136e-11 2.885083567952062837e-10 5.284462725610214663e-09 7.337364598807076394e-08 7.722824763972261187e-07 6.161821035110294904e-06 3.726823280862422226e-05 1.708698108029263517e-04 5.938663212940865736e-04 1.564619989012288681e-03 3.124826229220030796e-03 4.730855551067596025e-03 5.429381060430193452e-03
2.006711782150694531e-25 3.370954471434368623e-23 4.292572042398544328e-21 4.143612340805759769e-19 3.032057705450415248e-17 1.681870783969254925e-15 7.072038395213797327e-14 2.254205020549602606e-12 5.446769977380928130e-11 9.976575112128797518e-10 1.385226329449050078e-08 1.457997630718091860e-07 1.163294616240755032e-06 7.035896423483777037e-06 3.225863423369658271e-05 1.121164490808272077e-04 2.953857308269072432e-04 5.899381868487671736e-04 8.931416153457166210e-04 1.025016747667503551e-03
2.871854663651728229e-26 4.824255982277104269e-24 6.143205590695802093e-22 5.930025692356377965e-20 4.339252472284079850e-18 2.406966709202792200e-16 1.012096835602953957e-14 3.226048333734439916e-13 7.795006687315583989e-12 1.427772240033983912e-10 1.982431522965310454e-09 2.086576324818969654e-08 1.664819581251201613e-07 1.006924468998558752e-06 4.616612609299963463e-06 1.604526120934821835e-05 4.227337957532983307e-05 8.442750714066680573e-05 1.278196966872356428e-04 1.466926717276329601e-04
3.115564411148983589e-27 5.233649334309719524e-25 6.664526917391519551e-23 6.433256264024218843e-21 4.707487723786119569e-19 2.611225391356353092e-17 1.097984839396961061e-15 3.499815469230300534e-14 8.456502248198007080e-13 1.548935060878065102e-11 2.150663534148674942e-10 2.263646214772505818e-09 1.806098582904887664e-08 1.092373538268799927e-07 5.008385043868246505e-07 1.740688532192963449e-06 4.586075981171648714e-06 9.159214771509994110e-06 1.386666613331451648e-05 1.591412243786155680e-05
