4.584300755549619577e-02 7.045668157715302693e-02 8.208580972412699017e-02 7.249545968097820259e-02 4.853447640961441878e-02 2.463126456707145223e-02 9.475887340271936174e-03 2.763439034093496602e-03 6.109092574409740036e-04 1.023765156013526799e-04 1.300531278024573104e-05 1.252385637018273209e-06 9.142230660375787966e-08 5.058981485505940199e-09 2.122124332262039757e-10 6.748004746940549154e-12 1.626584963449818023e-13 2.972178898513756779e-15 4.116896597952498724e-17 4.322766640237065673e-19
9.326475715761134433e-02 1.433397512034853549e-01 1.669984915526934732e-01 1.474875188760431943e-01 9.874038370267892994e-02 5.011078092011825302e-02 1.927810540295560315e-02 5.622045414943422498e-03 1.242857015251349869e-03 2.082786748806540473e-04 2.645850267873569618e-05 2.547900945695824151e-06 1.859930157040036170e-07 1.029218423637205758e-08 4.317330407850787369e-10 1.372839736267182500e-11 3.309186279471783152e-13 6.046713729750245962e-15 8.375570930555190314e-17 8.794400770121320265e-19
1.438331013590892216e-01 2.210588607312423681e-01 2.575454190238386509e-01 2.274555566134046636e-01 1.522776239404355081e-01 7.728094996361950519e-02 2.973073401937472576e-02 8.670330065261603811e-03 1.916736659136990045e-03 3.212078031192418487e-04 4.080435754707529829e-05 3.929378107486755437e-06 2.868388134504824310e-07 1.587262781347102313e-08 6.658195883185253618e-10 2.117196280290622011e-11 5.103433923566789469e-13 9.325254418566678204e-15 1.291682280970236249e-16 1.356274305441732513e-18
1.681500285805709038e-01 2.584318449558196673e-01 3.010869484176419975e-01 2.659099886184630446e-01 1.780222116871400528e-01 9.034633768115651886e-02 3.475711590615226942e-02 1.013616639355452431e-02 2.240786863176023967e-03 3.755123178492860542e-04 4.770288496125076944e-05 4.593692514689110757e-06 3.353327865697711318e-07 1.855610979158835349e-08 7.783853768525377885e-10 2.475136889058321793e-11 5.966238313699420235e-13 1.090181454885240254e-14 1.510058605493851857e-16 1.585570783555308220e-18
1.490156444897841603e-01 2.290239749458191365e-01 2.668252039244761731e-01 2.356511542979894125e-01 1.577644371041229954e-01 8.006550965525560670e-02 3.080198124902289170e-02 8.982736313169707026e-03 1.985799832442011487e-03 3.327814483917947066e-04 4.227460563955069245e-05 4.070960061337687825e-06 2.971740875161735758e-07 1.644454469118201459e-08 6.898101628185319193e-10 2.193482343339205467e-11 5.287319038840114161e-13 9.661258667743427658e-15 1.338223717322706718e-16 1.405143098637372950e-18
1.001068059594368426e-01 1.538553800740821431e-01 1.792497627065317567e-01 1.583074344858025062e-01 1.059841330523181302e-01 5.378698637008930139e-02 2.069237743875635901e-02 6.034487480600835875e-03 1.334034954391537155e-03 2.235583250008463610e-04 2.839953991582634565e-05 2.734818953568913584e-06 1.996377549284346515e-07 1.104723500762570533e-08 4.634056535108069796e-10 1.473553411602785813e-11 3.551953372943276552e-13 6.490310128759839189e-15 8.990015944904658895e-17 9.439571798125970362e-19
5.097909995698922392e-02 7.835040509528734542e-02 9.128242063766958680e-02 8.061760086378495782e-02 5.397211169556494215e-02 2.739086646773106204e-02 1.053753306469037282e-02 3.073045209207879696e-03 6.793534229191212177e-04 1.138464271955015421e-04 1.446238315392917057e-05 1.392698602877718021e-06 1.016649464154258731e-07 5.625772316922191736e-09 2.359879820811958573e-10 7.504027917192721521e-12 1.808821930800706546e-13 3.305171567854991881e-15 4.578139488896740525e-17 4.807074500437365738e-19
1.967965777657145615e-02 3.024590783736659169e-02 3.523810347146182076e-02 3.112112212859902832e-02 2.083506159472685651e-02 1.057380139593483599e-02 4.067844365580678724e-03 1.186299446246935271e-03 2.622534113719239362e-04 4.394857359551446294e-05 5.582969321606427887e-06 5.376287912824369811e-07 3.924610977865562150e-08 2.171738497136007615e-09 9.109934719639732991e-11 2.896808721236444256e-12 6.982664779674033363e-14 1.275908076115860525e-15 1.767316772381422835e-17 1.855693434268276699e-19
5.758902681795088907e-03 8.850928290292827197e-03 1.031180576853144883e-02 9.107044224123969287e-03 6.097011109414842908e-03 3.094235372746736122e-03 1.190382479819163380e-03 3.471494850147602805e-04 7.674380780430437141e-05 1.286077030473498026e-05 1.633756916080904057e-06 1.573275268847730218e-07 1.148467770224104381e-08 6.355207390955504629e-10 2.665860762597644620e-11 8.476996756130755607e-13 2.043352957774179082e-14 3.733718606639186509e-16 5.171738968024864635e-18 5.430357588798954940e-20
1.277493669283362009e-03 1.963395716665527427e-03 2.287461225872352687e-03 2.020209749155809243e-03 1.352496043812280750e-03 6.863922379609411779e-04 2.640617780887374887e-04 7.700794646231099350e-05 1.702402941043245493e-05 2.852896385685267176e-06 3.624152434523684153e-07 3.489986386376253039e-08 2.547638650806208779e-09 1.409771558493820689e-10 5.913661743538695404e-12 1.880446725506583762e-13 4.532756693249559187e-15 8.282483914765982660e-17 1.147243521187341841e-18 1.204612723108759045e-20
2.148199410751264269e-04 3.301594068938510317e-04 3.846534018671046891e-04 3.397131036402694943e-04 2.274321410916128265e-04 1.154218949639956041e-04 4.440392698073975560e-05 1.294945166392113897e-05 2.862715552134083846e-06 4.797354759575023257e-07 6.094278438721284248e-08 5.868668377001914456e-09 4.284041463422003713e-10 2.370634394571365265e-11 9.944256459586674987e-13 3.162109249393362571e-14 7.622163218217648657e-16 1.392760488217381428e-17 1.929174222511310538e-19 2.025644748139819899e-21
2.738339234894930120e-05 4.208587215610933068e-05 4.903229639189490125e-05 4.330369497591248000e-05 2.899108677296967994e-05 1.471298716329585560e-05 5.660229438022513171e-06 1.650684353799800719e-06 3.649142754401548471e-07 6.115253870803373884e-08 7.768460261930979307e-09 7.480872023752837520e-10 5.460926376058631164e-11 3.021880157753100197e-12 1.267608001792552636e-13 4.030784004176689996e-15 9.716075933527484716e-17 1.775370885314276960e-18 2.459144825201858461e-20 2.582117126570779930e-22
2.646041945104524882e-06 4.066734376891212213e-06 4.737963480362189462e-06 4.184411917418006569e-06 2.801392561516804864e-06 1.421707751755565814e-06 5.469448168096539649e-07 1.595047093735857619e-07 3.526146311156829386e-08 5.909135742171635905e-09 7.506619866524951294e-10 7.228724954367632086e-11 5.276862729804621388e-12 2.920025959019125351e-13 1.224882549229489410e-14 3.894924124372455764e-16 9.388590038195479973e-18 1.715530994405516543e-19 2.376257942643286280e-21 2.495085392274717205e-23
1.938219769975069928e-07 2.978873779046018495e-07 3.470547586763642543e-07 3.065072312653189066e-07 2.052013746886573397e-07 1.041397728663214607e-07 4.006358474351357035e-08 1.168368406570365167e-08 2.582894237467895329e-09 4.328428632861647160e-10 5.498582158874872866e-11 5.295024761111274936e-12 3.865290074208529038e-13 2.138912443577201867e-14 8.972237107602888915e-16 2.853023155728304083e-17 6.877121074323186482e-19 1.256622592666575594e-20 1.740603595310576862e-22 1.827644434749055781e-24
1.076232575688877781e-08 1.654075069059892752e-08 1.927086095299445552e-08 1.701938408027814485e-08 1.139418797791505324e-08 5.782554575068513988e-09 2.224605056030144088e-09 6.487582879071073954e-10 1.434200063885318755e-10 2.403440501636249839e-11 3.053190010314934402e-12 2.940160979299303467e-13 2.146274203158907291e-14 1.187670915333658248e-15 4.982001526138055479e-17 1.584194169801996169e-18 3.818649382179365164e-20 6.977630661520776719e-22 9.665025192981659089e-24 1.014833564244743183e-25
4.530082036306135974e-10 6.962338741933966202e-10 8.111497737506711394e-10 7.163805280816072158e-10 4.796045710102150720e-10 2.433994955756704344e-10 9.363815619265600734e-11 2.730755723567979516e-11 6.036840077728877722e-12 1.011657042142949692e-12 1.285149839504158245e-13 1.237573619033661416e-14 9.034105111057498097e-16 4.999148697160079124e-17 2.097025877883494970e-18 6.668195808928510015e-20 1.607347274179065768e-21 2.937026812768769334e-23 4.068205887481832888e-25 4.271641096054928002e-27
1.445449155824026242e-11 2.221528567569912461e-11 2.588199830197343525e-11 2.285812091846082956e-11 1.530312291786522188e-11 7.766340489823108158e-12 2.987786815709804405e-12 8.713238576605371902e-13 1.926222378372878378e-13 3.227974252628165970e-14 4.100629383156568387e-15 3.948824168228395584e-16 2.882583472384852522e-17 1.595117970543623112e-18 6.691146563428361178e-20 2.127674052177746500e-21 5.128690257610946771e-23 9.371404078613148815e-25 1.298074674730151676e-26 1.362986358037448929e-28
3.496200996243402322e-13 5.373354268343891236e-13 6.260245674054407387e-13 5.528840969976271075e-13 3.701464930502835966e-13 1.878494808916729779e-13 7.226752459302163712e-14 2.107527149557022369e-14 4.659078163433835301e-15 7.807709287050590819e-16 9.918456472060301496e-17 9.551275418663611783e-18 6.972290355077416008e-19 3.858214600818053730e-20 1.618430727003501971e-21 5.146342305388338651e-23 1.240509354191788428e-24 2.266721879758425717e-26 3.139736844221715813e-28 3.296742914571844173e-30
6.410424418630614518e-15 9.852260052770336388e-15 1.147841093195294598e-14 1.013735114163722592e-14 6.786784055234659564e-15 3.444295395570645826e-15 1.325053979513369633e-15 3.864235356309231426e-16 8.542606234388718413e-17 1.431574738439141046e-17 1.818588680454506965e-18 1.751264565128135934e-19 1.278397334535263561e-20 7.074190847716168373e-22 2.967457495548137377e-23 9.436024535357241192e-25 2.274523536889099089e-26 4.156125263925211534e-28 5.756833132848872574e-30 6.044710045053575678e-32
8.909923911720470302e-17 1.369377153461837737e-16 1.595397767017253126e-16 1.409002297505833478e-16 9.433030574648869937e-17 4.787266474093960986e-17 1.841708031386250231e-17 5.370945939496808663e-18 1.187346836739583064e-18 1.989762480681214366e-19 2.527677687373334972e-20 2.434103111680887620e-21 1.776859414573467909e-22 9.832500638640219663e-24 4.124503897083105920e-25 1.311524091834162239e-26 3.161386879502177296e-28 5.776647137673220265e-30 8.001489735544154506e-32 8.401613224439894463e-34
