3.940304301975673440e-18 1.286895288361858521e-16 3.186056537617076601e-15 5.979440725450537097e-14 8.506765700178629060e-13 9.174136486112735229e-12 7.500025535368907679e-11 4.647903541750813481e-10 2.183475335220033759e-09 7.775642659642987714e-09 2.099041942003883022e-08 4.295391552383400486e-08 6.663175009950764765e-08 7.835315727959036964e-08 6.984391927077251507e-08 4.719516638522278912e-08 2.417482064905540572e-08 9.386978419728267215e-09 2.763027437157767185e-09 6.165118023422032934e-10
6.215168915644460779e-17 2.029861396721465243e-15 5.025469618210614247e-14 9.431564488845420593e-13 1.341799559133307161e-11 1.447066103188484041e-10 1.183003189641777124e-09 7.331287992432265616e-09 3.444065988693182972e-08 1.226477166576724880e-07 3.310886477482263928e-07 6.775259475139855955e-07 1.051004060284897505e-06 1.235889591883902104e-06 1.101670639449929799e-06 7.444245637044580059e-07 3.813172342145056950e-07 1.480638347065423701e-07 4.358212189826372497e-08 9.724439272682465487e-09
7.431439206170562360e-16 2.427092774376176897e-14 6.008923081106174747e-13 1.127726358997350551e-11 1.604381471510134664e-10 1.730248030119760459e-09 1.414509630204828733e-08 8.765975914435702409e-08 4.118048497859582012e-07 1.466491196760371625e-06 3.958806576279589732e-06 8.101136039729392145e-06 1.256679083940198576e-05 1.477745575748662540e-05 1.317260800698019025e-05 8.901038674628070156e-06 4.559386692125617028e-06 1.770390155421975078e-06 5.211087482234261655e-07 1.162745216580234579e-07
6.735808656808337740e-15 2.199901266358383178e-13 5.446449198454399317e-12 1.022163912090937598e-10 1.454201037619683029e-09 1.568285676081291030e-08 1.282102422954778209e-07 7.945424138140218345e-07 3.732572648647514702e-06 1.329218180250962693e-05 3.588236796042460782e-05 7.342817555592965912e-05 1.139045831849877272e-04 1.339419076916227352e-04 1.193956709926198833e-04 8.067844154516153358e-05 4.132598746829006076e-05 1.604670240041503455e-05 4.723296147679395653e-06 1.053904779171231157e-06
4.628106812544013904e-14 1.511530174994865889e-12 3.742200814161122147e-11 7.023186088136679279e-10 9.991670001215907618e-09 1.077553415082637816e-07 8.809197618846531838e-07 5.459221521251228069e-06 2.564613364730940055e-05 9.132925278628328542e-05 2.465441642853027720e-04 5.045176560643286311e-04 7.826270077989645312e-04 9.203014620169878155e-04 8.203557233631942561e-04 5.543335091076059601e-04 2.839467299056675723e-04 1.102552885363831616e-04 3.245329579937306243e-05 7.241274413763147738e-06
2.410537126333558533e-13 7.872764722116996039e-12 1.949115342861431730e-10 3.658007798073453327e-09 5.204134750460703787e-08 5.612408308347597656e-07 4.588247154513320727e-06 2.843421012278139350e-05 1.335772051245493028e-04 4.756859845259777753e-04 1.284118723621075712e-03 2.627766795566549834e-03 4.076291958641582898e-03 4.793365692421358917e-03 4.272800970382524544e-03 2.887231341448084302e-03 1.478928992052319213e-03 5.742617384525702069e-04 1.690321281787178335e-04 3.771598522539364618e-05
9.517460769954019905e-13 3.108383130683969394e-11 7.695641195128477237e-10 1.444281663784352639e-08 2.054734929737415994e-07 2.215932512141313495e-06 1.811565638997379241e-05 1.122660490941361310e-04 5.273993898059876288e-04 1.878138547249437289e-03 5.070052413843575100e-03 1.037514299870263314e-02 1.609431706296061623e-02 1.892552055526854765e-02 1.687018846098033500e-02 1.139958008770008968e-02 5.839216708026697539e-03 2.267342621567915942e-03 6.673851363781788722e-04 1.489130392813447536e-04
2.848558779153409394e-12 9.303334439617508373e-11 2.303291478416448528e-09 4.322708874126624813e-08 6.149784448194755629e-07 6.632245894197800446e-06 5.421983163061233987e-05 3.360102526059741460e-04 1.578496826269827711e-03 5.621234672301861010e-03 1.517457509235612713e-02 3.105261517570645155e-02 4.816999961681647097e-02 5.664374041650933889e-02 5.049216866562442063e-02 3.411873683786925682e-02 1.747666990079868241e-02 6.786115421043356112e-03 1.997471631622753895e-03 4.456940308221953332e-04
6.462880039975955182e-12 2.110763340923384818e-10 5.225764211377235757e-09 9.807467939812991350e-08 1.395278182471092680e-06 1.504740218931428937e-05 1.230152841432624676e-04 7.623483042325791652e-04 3.581332323673017647e-03 1.275359512659855407e-02 3.442844823748079236e-02 7.045293510417655058e-02 1.092892768537834791e-01 1.285147078608771254e-01 1.145578709599760769e-01 7.740942715045238953e-02 3.965149741466414413e-02 1.539650514660211023e-02 4.531912640493090776e-03 1.011201551050059733e-03
1.111536744145521848e-11 3.630256166166487630e-10 8.987678714841273854e-09 1.686765175076939367e-07 2.399708734384874195e-06 2.587970120735955234e-05 2.115713235754982074e-04 1.311146341491885997e-03 6.159455917695530122e-03 2.193463210748731324e-02 5.921274265213560123e-02 1.211704775839897025e-01 1.879642608444963836e-01 2.210296633496289798e-01 1.970256017680444283e-01 1.331347976270094713e-01 6.819575183845485999e-02 2.648011582455047502e-02 7.794338421890869076e-03 1.739143652329444654e-03
1.449166787199904747e-11 4.732948949051914693e-10 1.171769224559824748e-08 2.199121245790245666e-07 3.128621896793360508e-06 3.374067807465368267e-05 2.758362572037437155e-04 1.709407935685792980e-03 8.030394847637779138e-03 2.859729154887724611e-02 7.719865355999065704e-02 1.579760926741612670e-01 2.450585330904385406e-01 2.881675741259379087e-01 2.568722624908064134e-01 1.735745830786354083e-01 8.891025790459808342e-02 3.452346904073308465e-02 1.016187402593107282e-02 2.267409721180940231e-03
1.432220018899291501e-11 4.677601152009729816e-10 1.158066383916634023e-08 2.173404400395677088e-07 3.092035334878269253e-06 3.334610965182806567e-05 2.726105876803809288e-04 1.689417869343414879e-03 7.936486236118799401e-03 2.826287064012847350e-02 7.629588121759632580e-02 1.561286971478270114e-01 2.421927827730465388e-01 2.847977003794533446e-01 2.538683606944524551e-01 1.715447765247652689e-01 8.787052834857615735e-02 3.411974654589369771e-02 1.004303958524517190e-02 2.240894300370297864e-03
1.072995565072646326e-11 3.504381467270960329e-10 8.676041932141433988e-09 1.628278652693457245e-07 2.316501764807121831e-06 2.498235417511896682e-05 2.042353463245822785e-04 1.265683943416118966e-03 5.945884306351378532e-03 2.117407552813445684e-02 5.715961311775710069e-02 1.169690392604185725e-01 1.814468296622482879e-01 2.133657297186051238e-01 1.901939796559739548e-01 1.285185111180841833e-01 6.583114743157505999e-02 2.556195014875083452e-02 7.524079256411255433e-03 1.678840970217561259e-03
6.093726152976657826e-12 1.990198439978636915e-10 4.927273266281665127e-09 9.247274204325285146e-08 1.315581149365330251e-06 1.418790812891580099e-05 1.159887619084511807e-04 7.188036557145740645e-04 3.376769846922318685e-03 1.202512125967270321e-02 3.246192628262371815e-02 6.642872690545635617e-02 1.030467717928250787e-01 1.211740634964493246e-01 1.080144285489056111e-01 7.298787039151166667e-02 3.738663959501932477e-02 1.451707063970786651e-02 4.273053872199206703e-03 9.534426292070293440e-04
2.623401481483167348e-12 8.567975332030715944e-11 2.121233488663014080e-09 3.981031020807829226e-08 5.663689915849678897e-07 6.108016387701195102e-06 4.993415886885433085e-05 3.094511515546197948e-04 1.453728440802421959e-03 5.176918052385758896e-03 1.397513825921323227e-02 2.859813785555295057e-02 4.436252089393660780e-02 5.216647576764481958e-02 4.650113982203457619e-02 3.142190549896317631e-02 1.609526966572672954e-02 6.249723677589627199e-03 1.839586416811486410e-03 4.104652462515257297e-04
8.561372726835621477e-13 2.796126740401812775e-11 6.922566242824000414e-10 1.299194600856954230e-08 1.848324044987409205e-07 1.993328329111316854e-06 1.629582619720071712e-05 1.009882272274150415e-04 4.744188456535703324e-04 1.689467865883063436e-03 4.560734161000079903e-03 9.332895449018102987e-03 1.447754295923846246e-02 1.702433447738032832e-02 1.517547325672997938e-02 1.025442147009610408e-02 5.252631124890268927e-03 2.039573973760368600e-03 6.003421545924804382e-04 1.339537996519280308e-04
2.117965442193390335e-13 6.917231613571813344e-12 1.712547338073314979e-10 3.214028118030908769e-09 4.572498567884863231e-08 4.931219152239027531e-07 4.031362474089790670e-06 2.498309350153652821e-05 1.173646741333885261e-04 4.179510307290527763e-04 1.128262680790829628e-03 2.308829514531642643e-03 3.581544298313792812e-03 4.211585367193804337e-03 3.754202620560806621e-03 2.536802332559688882e-03 1.299428439581427506e-03 5.045624493933387970e-04 1.485163626778295400e-04 3.313832110404364370e-05
3.971834591820871909e-14 1.297193016235851751e-12 3.211551341671637293e-11 6.027288171925953875e-10 8.574836784951756534e-09 9.247547867650327093e-08 7.560040691776496858e-07 4.685096036191013406e-06 2.200947490899679765e-05 7.837863302517780934e-05 2.115838462210561694e-04 4.329763248137289289e-04 6.716493693801569610e-04 7.898013874345165665e-04 7.040280986646277805e-04 4.757282180505216181e-04 2.436826740940791424e-04 9.462092961058554317e-05 2.785137165053691230e-05 6.214451258449309866e-06
5.646252001568486841e-15 1.844054301612936270e-13 4.565454016739486425e-12 8.568228892222154294e-11 1.218975469418049639e-09 1.314606246817135144e-08 1.074714817575347920e-07 6.660205066534936613e-07 3.128807076062625650e-06 1.114209324099090282e-05 3.007818396277952815e-05 6.155073641902397881e-05 9.547984712214196339e-05 1.122760165749828214e-04 1.000827191905599923e-04 6.762822925460608631e-05 3.464126600802074150e-05 1.345105393623939823e-05 3.959275223900456113e-06 8.834294844232934900e-07
6.084518004995562537e-16 1.987191077769200890e-14 4.919827729636214602e-13 9.233300772116865094e-12 1.313593192309103376e-10 1.416646897095007354e-09 1.158134928436807821e-08 7.177174811368151092e-08 3.371667255229148098e-07 1.200695025998051991e-06 3.241287350055593582e-06 6.632834734585900574e-06 1.028910591959960813e-05 1.209909589918919452e-05 1.078512093924805796e-05 7.287757939803419981e-06 3.733014514461812537e-06 1.449513408868030459e-06 4.266596917718687004e-07 9.520018948187672887e-08
