1.538064991329043766e-09 2.459219989085235384e-08 2.980690564225280243e-07 2.738629138978270064e-06 1.907420193510778937e-05 1.007062320252743542e-04 4.030539086754079264e-04 1.222831863810584655e-03 2.812335803479744118e-03 4.903028574752991108e-03 6.479753608370997231e-03 6.491564543681285770e-03 4.929888379113934148e-03 2.838060259140826741e-03 1.238519811332764202e-03 4.097143007499132964e-04 1.027439143044493053e-04 1.953115430366164816e-05 2.814469420430258369e-06 3.074411365802879754e-07
5.702656073254846420e-09 9.118005991481776685e-08 1.105145312090148506e-06 1.015396630170486540e-05 7.072107753635312741e-05 3.733866962132038067e-04 1.494395772034833340e-03 4.533871841594450461e-03 1.042724718406568864e-02 1.817887139801331597e-02 2.402486661895978509e-02 2.406865781267249899e-02 1.827845901448525018e-02 1.052262528845910629e-02 4.592037764178095137e-03 1.519090388665510216e-03 3.809417743732364161e-04 7.241531166456777397e-05 1.043515795749167670e-05 1.139894006151833566e-06
1.602789514334509224e-08 2.562708360289563173e-07 3.106123348980147767e-06 2.853875546450343112e-05 1.987687843377316090e-04 1.049441302079001052e-03 4.200151373176141956e-03 1.274290813560578599e-02 2.930683919090991060e-02 5.109356777769195196e-02 6.752433218048842223e-02 6.764741178620427287e-02 5.137346890689976214e-02 2.957490905810008369e-02 1.290638937945264367e-02 4.269558105912115570e-03 1.070675617982548913e-03 2.035306017446512840e-04 2.932907322455067346e-05 3.203788089345768193e-06
3.414857805719990471e-08 5.460033628652914424e-07 6.617818165723445880e-06 6.080386163741406734e-05 4.234911251032262959e-04 2.235909824714193972e-03 8.948723193919419158e-03 2.714967806144775314e-02 6.244031900446553318e-02 1.088585039940062754e-01 1.438654238503122018e-01 1.441276537616915376e-01 1.094548533882073044e-01 6.301146104792516855e-02 2.749798655526209182e-02 9.096599206916283070e-03 2.281151054934284477e-03 4.336365179923135321e-04 6.248769020489558339e-05 6.825899886996518123e-06
5.515254729349905577e-08 8.818369023271342875e-07 1.068827898934681905e-05 9.820285485877795566e-05 6.839703330109321968e-04 3.611164193864547286e-03 1.445286765212801076e-02 4.384879220385472232e-02 1.008458578025292901e-01 1.758147522210852243e-01 2.323535867148854295e-01 2.327771079392507436e-01 1.767779017880168058e-01 1.017682955834070119e-01 4.441133687689044485e-02 1.469169864493604337e-02 3.684232216935673376e-03 7.003559131129575861e-04 1.009223658892699526e-04 1.102434677390296317e-05
6.752356235772305943e-08 1.079637695549308756e-06 1.308571785439492286e-05 1.202302870704347309e-04 8.373885830897987749e-04 4.421167880619926958e-03 1.769472414325670012e-02 5.368431378031428974e-02 1.234661298889781350e-01 2.152509533572788958e-01 2.844717546424646026e-01 2.849902739712467659e-01 2.164301425884929964e-01 1.245954754600313713e-01 5.437304027025485070e-02 1.798712622126064434e-02 4.510625457002446180e-03 8.574495375530387939e-04 1.235597991539425660e-04 1.349716746317071901e-05
6.266743749421056960e-08 1.001992866487018171e-06 1.214462592128591095e-05 1.115836270601574393e-04 7.771657012278969465e-04 4.103208600611859408e-03 1.642216406400849593e-02 4.982347288527853163e-02 1.145867561974779208e-01 1.997706458913397487e-01 2.640132611558821951e-01 2.644944898779961751e-01 2.008650307973000038e-01 1.156348820740186606e-01 5.046266789738856201e-02 1.669353731960501047e-02 4.186232612980097037e-03 7.957839222755237404e-04 1.146736890043726986e-04 1.252648510850377202e-05
4.408850231013793594e-08 7.049333206409755328e-07 8.544124179895509283e-06 7.850257160857758399e-05 5.467603780210665738e-04 2.886735585506691390e-03 1.155350605073634206e-02 3.505237149045118544e-02 8.061536688476274304e-02 1.405448975585089078e-01 1.857415866964962081e-01 1.860801461537676116e-01 1.413148315686408307e-01 8.135275622086650393e-02 3.550206517340488005e-02 1.174442562371843211e-02 2.945145574927946538e-03 5.598588788452750833e-04 8.067652683338769060e-05 8.812774061412640108e-06
2.351286633549155291e-08 3.759484236291267055e-07 4.556672131489693199e-06 4.186625483987923576e-05 2.915931141302578007e-04 1.539526733987473710e-03 6.161607431486525698e-03 1.869380183974763202e-02 4.299303099058048722e-02 7.495408592431809791e-02 9.905796005986330921e-02 9.923851741264978765e-02 7.536469990571473265e-02 4.338628855181632382e-02 1.893362825491651247e-02 6.263426866603165853e-03 1.570677401439464927e-03 2.985786836764503863e-04 4.302564824047005315e-05 4.699945965350579601e-06
9.505667596346803947e-09 1.519866058607584473e-07 1.842149315589710444e-06 1.692548651166045771e-05 1.178838503463086222e-04 6.223924033831923410e-04 2.490984776895624996e-03 7.557439567986312494e-03 1.738101411051766812e-02 3.030207443101551670e-02 4.004667179517536202e-02 4.011966664629965096e-02 3.046807546048920651e-02 1.753999837060403813e-02 7.654395428275354019e-03 2.532147844437315429e-03 6.349858441818586599e-04 1.207079425318299766e-04 1.739420045415322530e-05 1.900071366457666432e-06
2.913107364744536261e-09 4.657782279759684677e-08 5.645451709531560228e-07 5.186985438871371978e-06 3.612669064508967443e-05 1.907384069219328652e-04 7.633873187223547433e-04 2.316053306195312370e-03 5.326586449492166052e-03 9.286375238489642456e-03 1.227270503177147615e-02 1.229507503748052469e-02 9.337247922245259235e-03 5.375308773752072479e-03 2.345766403965710706e-03 7.760021544501752256e-04 1.945977934159617763e-04 3.699216207684071211e-05 5.330627537019109580e-06 5.822959655453630040e-07
6.767483076100044987e-10 1.082056333793815192e-08 1.311503289016104880e-07 1.204996307323460655e-06 8.392645272708181188e-06 4.431072319641965468e-05 1.773436441954134564e-04 5.380457906465412011e-04 1.237427225875119968e-03 2.157331652975462508e-03 2.851090371939139344e-03 2.856287181259674259e-03 2.169149961854790684e-03 1.248745981539522076e-03 5.449484846128961049e-04 1.802742154585599719e-04 4.520730301694268999e-05 8.593704229137590734e-06 1.238366016933033094e-06 1.352740424126167653e-07
1.191776136241194892e-10 1.905536965786194270e-09 2.309600637157361321e-08 2.122038322339546143e-07 1.477972570226969570e-06 7.803264801884734391e-06 3.123080186377677128e-05 9.475164197486272944e-05 2.179150241751281298e-04 3.799132340727734316e-04 5.020864373557054746e-04 5.030016126525128049e-04 3.819944773259485987e-04 2.199082944561309421e-04 9.596722919574996900e-05 3.174688514875854002e-05 7.961155471476261263e-06 1.513379716954287110e-06 2.180803483831320567e-07 2.382220594974010164e-08
1.590959085295274838e-11 2.543792626730350969e-10 3.083196588143135626e-09 2.832810664357519458e-08 1.973016422225061854e-07 1.041695218925816469e-06 4.169149427923817615e-06 1.264885082545776281e-05 2.909052102916038604e-05 5.071643851489781516e-05 6.702592498906467572e-05 6.714809612580906922e-05 5.099427365202275421e-05 2.935661223258155140e-05 1.281112538980161475e-05 4.238043859188433364e-06 1.062772801168926245e-06 2.020283119432031134e-07 2.911259095007458704e-08 3.180140450458219885e-09
1.609978796883511301e-12 2.574203340964211549e-11 3.120055807477134210e-10 2.866676552121781971e-09 1.996603580220767532e-08 1.054148551516161825e-07 4.218991074022869982e-07 1.280006621298493150e-06 2.943829447289001153e-06 5.132274702543797589e-06 6.782721131629287011e-06 6.795084299329048021e-06 5.160390364595369246e-06 2.970756676248241183e-06 1.296428074890975505e-06 4.288709129367323875e-07 1.075478113548661810e-07 2.044435344723889292e-08 2.946062823687505625e-09 3.218158621218755336e-10
1.235031746743543247e-13 1.974698582874652038e-12 2.393427777623477063e-11 2.199057873537876013e-10 1.531615703267477989e-09 8.086484924064374247e-09 3.236432632362729679e-08 9.819066042395590479e-08 2.258242674647767324e-07 3.937022153906654915e-07 5.203097048908877241e-07 5.212580965485340092e-07 3.958589975347295838e-07 2.278898836505841529e-07 9.945036748057367341e-08 3.289914089285205694e-08 8.250106248179111812e-09 1.568307955226613392e-09 2.259955921281772806e-10 2.468683482636675934e-11
7.181793368920172166e-15 1.148300618627747581e-13 1.391794485255040133e-12 1.278767067784978803e-11 8.906449190851851171e-11 4.702345827032246604e-10 1.882007525664524059e-09 5.709853497952971138e-09 1.313183431030101733e-08 2.289405083939915790e-08 3.025636222083393610e-08 3.031151183893880630e-08 2.301946918383675835e-08 1.325195129243598867e-08 5.783106317646504940e-09 1.913107355583777473e-09 4.797492736708016117e-10 9.119817124514844521e-11 1.314179695567260215e-11 1.435556188115091195e-12
3.165807541820809310e-16 5.061825886638953594e-15 6.135171609298882086e-14 5.636935260411767501e-13 3.926053364506920041e-12 2.072841854221511145e-11 8.296080536508227323e-11 2.516961479947071234e-10 5.788646089067696330e-10 1.009193039775470098e-09 1.333731211500727644e-09 1.336162262743172450e-09 1.014721607924220986e-09 5.841594876147716399e-10 2.549252067705974816e-10 8.433171749037109485e-11 2.114783579464684299e-11 4.020108119200396458e-12 5.793037724448120505e-13 6.328077645215786295e-14
1.057871537721390635e-17 1.691436217659948668e-16 2.050100436863830068e-15 1.883612093658114578e-14 1.311911749221005446e-13 6.926512022008105188e-13 2.772179722955893172e-12 8.410561526572527023e-12 1.934307079212078796e-11 3.372272567873719389e-11 4.456734242302696825e-11 4.464857730171595228e-11 3.390746574305433391e-11 1.952000199867355972e-11 8.518462254191591666e-12 2.817989485517331576e-12 7.066662542188385346e-13 1.343340649008252532e-13 1.935774567684333624e-14 2.114561021455703570e-15
2.679650631060971843e-19 4.284507113041894420e-18 5.193024609787131043e-17 4.771299874762635962e-16 3.323149381888589100e-15 1.754526107281818158e-14 7.022093779017627523e-14 2.130444548191712760e-13 4.899713245561824006e-13 8.542164140342288096e-13 1.128916914673880970e-12 1.130974641781389135e-12 8.588959881817284058e-13 4.944530957579555391e-13 2.157776435150232703e-13 7.138132593542231487e-14 1.790027055785787027e-14 3.402760627815329381e-15 4.903430479905063545e-16 5.356307050065532868e-17
