8.443681013840382548e-10 1.852240953622835870e-08 3.080065597830021019e-07 3.882569772691935217e-06 3.710012659583673296e-05 2.687375375841463188e-04 1.475632102480790506e-03 6.142210208774819859e-03 1.938063826607302337e-02 4.635624987848676465e-02 8.405147403751037083e-02 1.155258553234275315e-01 1.203676746040244772e-01 9.506865893287370917e-02 5.691957966991551682e-02 2.583347446448077539e-02 8.887933077435804935e-03 2.318011310826313068e-03 4.582760330889066431e-04 6.868083378540200846e-05
1.484287213344704010e-09 3.255994108481070854e-08 5.414347102440677106e-07 6.825043081422854710e-06 6.521710546550394739e-05 4.724049737644788805e-04 2.593965662278155219e-03 1.079719148510707195e-02 3.406859344596154665e-02 8.148814342994140092e-02 1.477513515398762023e-01 2.030791423624414560e-01 2.115904189439891947e-01 1.671181024159903716e-01 1.000570771853269425e-01 4.541182425182097721e-02 1.562380838200478142e-02 4.074756665260412421e-03 8.055885282511645847e-04 1.207318031347082133e-04
1.977884347651429865e-09 4.338769292971318871e-08 7.214878825599835172e-07 9.094699301743542716e-06 8.690494059345931432e-05 6.295024271319748545e-04 3.456584437053784615e-03 1.438777875669068271e-02 4.539804501274678772e-02 1.085868839670623004e-01 1.968858068220773194e-01 2.706127583677214177e-01 2.819544451907459726e-01 2.226929370582892143e-01 1.333308843850083691e-01 6.051344751773118230e-02 2.081947871789411458e-02 5.429809915660321722e-03 1.073485593859585313e-03 1.608809545328992194e-04
1.997931805076493551e-09 4.382746228620404295e-08 7.288007457339564481e-07 9.186881434264042477e-06 8.778579244844438945e-05 6.358829433243831739e-04 3.491619715744496717e-03 1.453361053012498620e-02 4.585819091341824388e-02 1.096874998528367673e-01 1.988814037004039970e-01 2.733556375246838366e-01 2.848122815159487287e-01 2.249501100723934055e-01 1.346823007260740390e-01 6.112680024697235426e-02 2.103050097190231962e-02 5.484845430370585868e-03 1.084366238506412556e-03 1.625116131153038371e-04
1.529879575828134728e-09 3.356007409345712332e-08 5.580657822822983656e-07 7.034685686530318564e-06 6.722035785882159273e-05 4.869156820756502827e-04 2.673643652953330580e-03 1.112884526718253136e-02 3.511506723332834257e-02 8.399118794852067360e-02 1.522897812428736786e-01 2.093170576312450570e-01 2.180897722980999209e-01 1.722514142402724879e-01 1.031304975389163714e-01 4.680672433160902590e-02 1.610371976891141269e-02 4.199919626474436438e-03 8.303335262962240971e-04 1.244402822500084347e-04
8.880361646121782763e-10 1.948033031679754757e-08 3.239356905794391027e-07 4.083364073238892258e-06 3.901882848817892456e-05 2.826357980273854322e-04 1.551947154940705800e-03 6.459866007611432190e-03 2.038294393799187573e-02 4.875364936266324972e-02 8.839835198881149103e-02 1.215004893088648535e-01 1.265927122583566378e-01 9.998531104525248958e-02 5.986328135626624303e-02 2.716950053470814849e-02 9.347589029569424932e-03 2.437891567220161655e-03 4.819766285472906124e-04 7.223279055329301726e-05
3.907517012996582624e-10 8.571691690610613231e-09 1.425374632809851938e-07 1.796752792540624028e-06 1.716897827143559169e-05 1.243647762651859106e-04 6.828843410730711834e-04 2.842455896764477154e-03 8.968857731986837681e-03 2.145247253679963967e-02 3.889684655669303770e-02 5.346237551813411842e-02 5.570304415326796793e-02 4.399531455227414373e-02 2.634090813807870787e-02 1.195506329636429263e-02 4.113105368799279890e-03 1.072715634155946632e-03 2.120782858812688646e-04 3.178371210889535339e-05
1.303370605039189154e-10 2.859127918788748333e-09 4.754403861566792030e-08 5.993153111120120406e-07 5.726793133111629976e-06 4.148245372884843177e-05 2.277792710398558989e-04 9.481144802801574510e-04 2.991604512474150060e-03 7.155572712000267573e-03 1.297422538714301452e-02 1.783262580665409894e-02 1.858001132665395433e-02 1.467484327161320233e-02 8.786133307422500441e-03 3.987667367803669760e-03 1.371945564226912002e-03 3.578093250712755641e-04 7.073970576848902204e-05 1.060160606952642944e-05
3.295579449762459643e-11 7.229320023769471458e-10 1.202153524214223248e-08 1.515371925369884986e-07 1.448022664432883170e-06 1.048886030619086645e-05 5.759410882971798099e-05 2.397312464431064808e-04 7.564287789680533254e-04 1.809290334596744482e-03 3.280539732685573522e-03 4.508988841431326756e-03 4.697965664388564257e-03 3.710541861802944905e-03 2.221578441225047912e-03 1.008283797333837635e-03 3.468971595782640509e-04 9.047227657883367166e-05 1.788657191680845840e-05 2.680621686734894156e-06
6.316732261264915926e-12 1.385664637047199089e-10 2.304202361118813200e-09 2.904557111948563371e-08 2.775466839412795821e-07 2.010430131939086776e-06 1.103922909003771030e-05 4.594998001184801646e-05 1.449868875654365902e-04 3.467919011136515726e-04 6.287905201408504775e-04 8.642509068444921864e-04 9.004726399995334387e-04 7.112102694691235447e-04 4.258163526183042155e-04 1.932606659380772004e-04 6.649077992664162982e-05 1.734108240833924221e-05 3.428370870515132053e-06 5.138024965553530324e-07
9.178040551689041269e-13 2.013333113364215246e-11 3.347943499098256086e-10 4.220242659584001934e-09 4.032677996850520115e-08 2.921100422511741010e-07 1.603970028444146098e-06 6.676407396339306447e-06 2.106620129681239400e-05 5.038792210548847969e-05 9.136155616028474513e-05 1.255733113542536301e-04 1.308362308828842958e-04 1.033369220663815690e-04 6.186996045199663456e-05 2.808025028863436371e-05 9.660929880190075974e-06 2.519612213579050915e-06 4.981329835486232885e-07 7.465410838862730168e-08
1.010890917149654085e-13 2.217532321887553890e-12 3.687503509391023126e-11 4.648274268036263210e-10 4.441686148417832003e-09 3.217368531517005705e-08 1.766650216898485113e-07 7.353551728324086037e-07 2.320280830081408087e-06 5.549843945841857001e-06 1.006277612078029884e-05 1.383093909527990039e-05 1.441060939845841522e-05 1.138177101471644769e-05 6.814502585066658205e-06 3.092824640314475249e-06 1.064077480601950476e-06 2.775159999677329763e-07 5.486553537936693638e-08 8.222578629169447231e-09
8.440252437892211180e-15 1.851488846955914673e-13 3.078814930163834008e-12 3.880993246373845317e-11 3.708506200475213066e-10 2.686284160936224395e-09 1.475032918697477611e-08 6.139716150300075384e-08 1.937276871366918499e-07 4.633742681741642379e-07 8.401734474463171668e-07 1.154789457861881139e-06 1.203187990350148204e-06 9.503005608692175335e-07 5.689646734467279736e-07 2.582298472321008756e-07 8.884324111923183604e-08 2.317070077042737997e-08 4.580899490596650518e-09 6.865294577608083089e-10
5.341994014682524627e-16 1.171842004900978393e-14 1.948639694165099507e-13 2.456353390578201255e-12 2.347183105260194141e-11 1.700199610740729849e-10 9.335759897140506103e-10 3.885941465388628617e-09 1.226138853994922155e-08 2.932782621561568483e-08 5.317615273452975458e-08 7.308878990895723882e-08 7.615202377280491887e-08 6.014630422097411973e-08 3.601084093732706899e-08 1.634385118782974742e-08 5.623055303100133524e-09 1.466517094630107994e-09 2.899337175126104892e-10 4.345173655940287709e-11
2.562997470389258345e-17 5.622297752491172527e-16 9.349240364399824737e-15 1.178516394651587234e-13 1.126138356723670302e-12 8.157267285415049751e-12 4.479138114862641367e-11 1.864408331139557493e-10 5.882804758855057438e-10 1.407099000785864929e-09 2.551300966811952084e-09 3.506675281469807922e-09 3.653644009302021779e-09 2.885716927947182577e-09 1.727738630468006972e-09 7.841500596161835270e-10 2.697845875171950039e-10 7.036098493350589396e-11 1.391052446938274908e-11 2.084740091053587612e-12
9.321585286039993333e-19 2.044821682769659251e-17 3.400305401128805491e-16 4.286247337603763478e-15 4.095749159864100739e-14 2.966786490447525347e-13 1.629056151167534260e-12 6.780826539045074750e-12 2.139567709852671450e-11 5.117599019610045414e-11 9.279045269163672886e-11 1.275372804082581320e-10 1.328825121016031764e-10 1.049531135555260763e-10 6.283760784768725474e-11 2.851942595423419727e-11 9.812027013115674041e-12 2.559018998047775765e-12 5.059237931873730912e-13 7.582170010894070240e-14
2.569970846198332958e-20 5.637594839433938529e-19 9.374677676509394096e-18 1.181722889317309097e-16 1.129202341790056405e-15 8.179461490057643959e-15 4.491324905421957442e-14 1.869480993170952463e-13 5.898810630444419732e-13 1.410927420535168299e-12 2.558242518900543895e-12 3.516216205665244868e-12 3.663584804423278017e-12 2.893568355367486557e-12 1.732439443055340264e-12 7.862835666210037089e-13 2.705186145062922437e-13 7.055242234064600993e-14 1.394837207397347928e-14 2.090412229355360592e-15
5.371102438955115214e-22 1.178227349805025022e-20 1.959257794974683976e-19 2.469738013709534686e-18 2.359972861573191452e-17 1.709463966238223292e-16 9.386630276112495028e-16 3.907115886880306986e-15 1.232820061401944996e-14 2.948763298554654033e-14 5.346590858426018943e-14 7.348704934174417991e-14 7.656697470893484150e-14 6.047404029422302800e-14 3.620706332798015132e-14 1.643290852359529284e-14 5.653695225013355038e-15 1.474508118520459537e-15 2.915135608514630605e-16 4.368850424945905373e-17
8.509332492460602291e-24 1.866642534777646081e-22 3.104013785878961126e-21 3.912757607358514930e-20 3.738858824710232410e-19 2.708270310970147195e-18 1.487105466913724699e-17 6.189967245254645665e-17 1.953132699492070118e-16 4.671667992585820186e-16 8.470499275070217906e-16 1.164240942796851503e-15 1.213035597710358723e-15 9.580783868387886955e-16 5.736214193175878683e-16 2.603433541525686807e-16 8.957038713645237775e-17 2.336034359040075109e-17 4.618392301281068279e-18 6.921484238704011133e-19
1.021937582857656939e-25 2.241764746811942111e-24 3.727799270164288995e-23 4.699068998790075818e-22 4.490223355775265187e-21 3.252526820135652704e-20 1.785955558392766904e-19 7.433908793889910173e-19 2.345636055104962766e-18 5.610490717675689288e-18 1.017273865186538037e-17 1.398207880582758120e-17 1.456808354524591522e-17 1.150614706502171927e-17 6.888969108354633484e-18 3.126621956439702892e-18 1.075705350648272788e-18 2.805485986668187738e-19 5.546508694120626377e-20 8.312432119623506791e-21
