5.606088431757131240e-09 2.453978884020271705e-08 8.142889062344162587e-08 2.048250333047499574e-07 3.905569492154235285e-07 5.645241487786666821e-07 6.185538279722153136e-07 5.137706521532068826e-07 3.234877996150746191e-07 1.543985930148445545e-07 5.586317179934435731e-08 1.532161911466565004e-08 3.185521588754592555e-09 5.020572731688467872e-10 5.998225553181358199e-11 5.432367492791802715e-12 3.729514588140960417e-13 1.940940839614948657e-14 7.657184393754907021e-16 2.289932771005435430e-17
7.202746044711965692e-08 3.152891167495131795e-07 1.046204723672982623e-06 2.631607967752618130e-06 5.017906077365340320e-06 7.253050195794849709e-06 7.947227718760560916e-06 6.600965321422377930e-06 4.156196423857976144e-06 1.983725138631460185e-06 7.177343786506720833e-07 1.968533547412336183e-07 4.092782927534941668e-08 6.450470916675058938e-09 7.706566869999555502e-10 6.979548030401634876e-11 4.791709366598097134e-12 2.493735895488660731e-13 9.838010098685061044e-15 2.942123444857246884e-16
7.015087308606619044e-07 3.070746445482593964e-06 1.018947139560872882e-05 2.563044641753397168e-05 4.887170673600133903e-05 7.064080846576895533e-05 7.740172423462622251e-05 6.428985245822917594e-05 4.047911810869390308e-05 1.932041607102639533e-05 6.990346875160919012e-06 1.917245814206809448e-06 3.986150475610771502e-07 6.282411788671198880e-08 7.505781698683260225e-09 6.797704445490967529e-10 4.666867241395012464e-11 2.428764657654800980e-12 9.581692781726996375e-14 2.865470017997497885e-15
5.179226186529981969e-06 2.267126509334387293e-05 7.522868177889727300e-05 1.892291192089415601e-04 3.608189209519435583e-04 5.215398026403604342e-04 5.714555206557701350e-04 4.746508100780086510e-04 2.988565919328943694e-04 1.426422800567967710e-04 5.160960369565614140e-05 1.415499093613877719e-05 2.942967637965567002e-06 4.638293184253104423e-07 5.541504961243186236e-08 5.018732814513051931e-09 3.445539586661671523e-10 1.793152524332982205e-11 7.074146333933903219e-13 2.115571296699502552e-14
2.898634751594776071e-05 1.268832727041273442e-04 4.210290562094068227e-04 1.059050292839596938e-03 2.019379393053617831e-03 2.918878886203049496e-03 3.198239990891953849e-03 2.656457322800422766e-03 1.672597550137622149e-03 7.983197781450128601e-04 2.888412002112066305e-04 7.922061550953544713e-05 1.647077760460038330e-05 2.595893156187688260e-06 3.101389720837094336e-07 2.808812131617521288e-08 1.928349993647303627e-09 1.003565790476488206e-10 3.959156380298188145e-12 1.184012487432636421e-13
1.229755945174799991e-04 5.383067282460757535e-04 1.786230516556078056e-03 4.493057958206234798e-03 8.567287799212635127e-03 1.238344590182849023e-02 1.356864517246018573e-02 1.127011322837285015e-02 7.096053685394079769e-03 3.386899618119604185e-03 1.225418907903898149e-03 3.360962358215655379e-04 6.987785083914178550e-05 1.101316763039575620e-05 1.315775450979141347e-06 1.191648384066098978e-07 8.181092384133091246e-09 4.257663013711915330e-10 1.679685960388663347e-11 5.023214445284626326e-13
3.954951721505650642e-04 1.731219214616014400e-03 5.744599555853523339e-03 1.444988119500945425e-02 2.755279188775472052e-02 3.982573199160027722e-02 4.363738739697081009e-02 3.624520287054286416e-02 2.282123526140520525e-02 1.089242506027890585e-02 3.941003610022159737e-03 1.080900963861676544e-03 2.247303845578044353e-04 3.541885400104556543e-05 4.231594411381479514e-06 3.832396051008102407e-07 2.631076965749077228e-08 1.369284021902195466e-09 5.401947359306137426e-11 1.615488885890003787e-12
9.641847570963883859e-04 4.220570301398449478e-03 1.400486204991652738e-02 3.522762392856167851e-02 6.717144436723608558e-02 9.709186465590624593e-02 1.063843675736490524e-01 8.836282864241727653e-02 5.563629780234240901e-02 2.655483796130235843e-02 9.607843220393598796e-03 2.635147801221357500e-03 5.478742257934666668e-04 8.634825794695045499e-05 1.031627973480044209e-05 9.343066908871576558e-07 6.414349614758129663e-08 3.338202018686375370e-09 1.316950412860460303e-10 3.938429262142234479e-12
1.781870573603145736e-03 7.799864049430764272e-03 2.588181506754826458e-02 6.510273678801468955e-02 1.241368101118334594e-01 1.794315200414679234e-01 1.966046161544071913e-01 1.632997441615022804e-01 1.028191756284990155e-01 4.907491432714500279e-02 1.775586368090692133e-02 4.869909308908480783e-03 1.012504039077429885e-03 1.595766981225815316e-04 1.906509634507912260e-05 1.726654136522431699e-06 1.185409823503108604e-07 6.169195169349930696e-09 2.433802412140788605e-10 7.278450687773364556e-12
2.496254550958539910e-03 1.092696990381181003e-02 3.625830046611676349e-02 9.120359547681278212e-02 1.739054911022710204e-01 2.513688452597341860e-01 2.754269446307160973e-01 2.287695501414703236e-01 1.440412333480790563e-01 6.874993057398112728e-02 2.487450894373146801e-02 6.822343583875600456e-03 1.418435128147444270e-03 2.235538679500913891e-04 2.670863654234531179e-05 2.418900850643633391e-06 1.660661952953735894e-07 8.642536526152322095e-09 3.409557594946511813e-10 1.019651254273873635e-11
2.650930872401569514e-03 1.160404168264594742e-02 3.850498662066839661e-02 9.685487677154880348e-02 1.846812597962586289e-01 2.669445037178142521e-01 2.924933237807966213e-01 2.429448803218287600e-01 1.529665122631811980e-01 7.300990732858085586e-02 2.641581711666628890e-02 7.245078921010640431e-03 1.506326135794549539e-03 2.374060169328957154e-04 2.836359342546547423e-05 2.568784076843182461e-06 1.763562148746929171e-07 9.178057135334180763e-09 3.620825242443430927e-10 1.082832272854409735e-11
2.134050810821065420e-03 9.341478806355222458e-03 3.099726166908666619e-02 7.797005589928777958e-02 1.486719990757870424e-01 2.148955072853867831e-01 2.354628033769424478e-01 1.955753445829907788e-01 1.231410116809196625e-01 5.877439263113564544e-02 2.126524554948228118e-02 5.832429169244379881e-03 1.212621779360517627e-03 1.911164520372672551e-04 2.283324328732043107e-05 2.067921045804253267e-06 1.419701763123385784e-07 7.388514153776472238e-09 2.914834605806833928e-10 8.717009990436770494e-12
1.302290665530032995e-03 5.700576851346146959e-03 1.891587788067345885e-02 4.758072088706755132e-02 9.072612312712227678e-02 1.311385894764272309e-01 1.436896485137329205e-01 1.193485855007620500e-01 7.514600366721664593e-02 3.586669188362773264e-02 1.297697816700057842e-02 3.559202070521322748e-03 7.399945756080837699e-04 1.166275752457798906e-04 1.393383861624790008e-05 1.261935405356095341e-06 8.663637925475521151e-08 4.508792839331501099e-09 1.778758912139334862e-10 5.319498806830265200e-12
6.024318425552980518e-04 2.637052623568344068e-03 8.750371531356347654e-03 2.201055579434651327e-02 4.196935981348369482e-02 6.066392409887463866e-02 6.646996864944891559e-02 5.520993905022694020e-02 3.476209009874415418e-02 1.659171631167519895e-02 6.003072182633057037e-03 1.646465507374353637e-03 3.423170475410451793e-04 5.395121604398195184e-05 6.445710081195992844e-06 5.837637415031491104e-07 4.007746885409741290e-08 2.085740495416281651e-09 8.228431925875956125e-11 2.460768208274899567e-12
2.112538974713024391e-04 9.247314056354851959e-04 3.068480049925775052e-03 7.718409567034879848e-03 1.471733432510258927e-02 2.127292997566639088e-02 2.330892716830856165e-02 1.936038897619013488e-02 1.218997154343513280e-02 5.818193012029964847e-03 2.105088585629311723e-03 5.773636632644805642e-04 1.200398208653404025e-04 1.891899441149023873e-05 2.260307773319154725e-06 2.047075816442259937e-07 1.405390767576445675e-08 7.314035840161791133e-10 2.885452248084037974e-11 8.629140062825111626e-13
5.615628383198410914e-05 2.458154850859982019e-04 8.156745919436611449e-04 2.051735866491137365e-03 3.912215649052979902e-03 5.654848066477567888e-03 6.196064288283217869e-03 5.146449421565060627e-03 3.240382828865648844e-03 1.546613350493121573e-03 5.595823486386956955e-04 1.534769210729410819e-04 3.190942431048074889e-05 5.029116303672884886e-06 6.008432809311515896e-07 5.441611821118626483e-08 3.735861150187485362e-09 1.944243763139210186e-10 7.670214721082507950e-12 2.293829578504129015e-13
1.131589242570970042e-05 4.953357658297378416e-05 1.643642582268251906e-04 4.134394366380855345e-04 7.883394058501995731e-04 1.139492288974203052e-03 1.248551224628232119e-03 1.037046329543926670e-03 6.529602923738372271e-04 3.116536405918408632e-04 1.127598414358559509e-04 3.092669618037254117e-05 6.429976989646683946e-06 1.013402867949968659e-06 1.210742140998817262e-07 1.096523661973109011e-08 7.528027142855895644e-10 3.917790097874954010e-11 1.545603069561196349e-12 4.622230493549842126e-14
1.728526648381914395e-06 7.566359231094129198e-06 2.510699021325975990e-05 6.315375375054592985e-05 1.204205218393258360e-04 1.740598719940630108e-04 1.907188564939385836e-04 1.584110336848582729e-04 9.974107416743481372e-05 4.760575680308764174e-05 1.722430573362157896e-05 4.724118653932184339e-06 9.821926682366594959e-07 1.547994446128112424e-07 1.849434385113620334e-08 1.674963227818928304e-09 1.149922165803258211e-10 5.984507745547012342e-12 2.360941579373363509e-13 7.060555440516487475e-15
2.001521077752471388e-07 8.761350307823441738e-07 2.907225651268142540e-06 7.312792625397711116e-06 1.394391072194271787e-05 2.015499748951739720e-05 2.208399919982750797e-05 1.834296411719228890e-05 1.154936560860498956e-05 5.512436024803779385e-06 1.994462220629831557e-06 5.470221166969107406e-07 1.137315024752373599e-07 1.792476566716261362e-08 2.141524348027993567e-09 1.939498131589798502e-10 1.331534839098106287e-11 6.929669498528164589e-13 2.733816304701788916e-14 8.175662520483878551e-16
1.756875861749262912e-08 7.690453547173729841e-08 2.551876484411893285e-07 6.418952559803186539e-07 1.223955142819512174e-06 1.769145924893889825e-06 1.938467975997265390e-06 1.610091007715755056e-06 1.013769072022960496e-06 4.838652912059178607e-07 1.750679806245201415e-07 4.801597961421239699e-08 9.983014100635509946e-09 1.573382787630302721e-09 1.879766581635778642e-10 1.702433958439339346e-11 1.168781804944324712e-12 6.082658437719398157e-14 2.399662901167362972e-15 7.176354171685954154e-17
