1.196061744176661698e-17 1.920441746047185559e-17 2.337467039363017030e-17 2.156684775866244856e-17 1.508428290891182415e-17 7.997596425041358926e-18 3.214334874416774901e-18 9.793086148826779380e-19 2.261751302524335640e-19 3.959742479395904143e-20 5.255158939870347324e-21 5.286905989811847380e-22 4.031940734360260958e-23 2.330899297546929180e-24 1.021479609105498926e-25 3.393381686245072587e-27 8.545402848986596519e-29 1.631282548107472411e-30 2.360601388907805453e-32 2.589482295345809285e-34
9.688174137268586719e-16 1.555569697532034268e-15 1.893362765570546765e-15 1.746928013500789504e-15 1.221836249415037783e-15 6.478102591495733543e-16 2.603631137812350816e-16 7.932460377822535398e-17 1.832032550220359526e-17 3.207415910249271683e-18 4.256711258960533649e-19 4.282426565856294513e-20 3.265896943515920043e-21 1.888042854059900815e-22 8.274048040467561023e-24 2.748660163292083640e-25 6.921829184586395957e-27 1.321348957952967625e-28 1.912101731851642321e-30 2.097496682326685226e-32
5.948768826543606299e-14 9.551567088990577340e-14 1.162569668709513410e-13 1.072655255953021671e-13 7.502364520576569471e-14 3.977708720490231235e-14 1.598691304366150137e-14 4.870718914089106050e-15 1.124911461081216607e-15 1.969429482822052248e-16 2.613721727347147571e-17 2.629511536021007407e-18 2.005338225038223481e-19 1.159303116797255825e-20 5.080461845035964734e-22 1.687742567637646416e-23 4.250167378549675227e-25 8.113396165970086622e-27 1.174075838693169315e-28 1.287912737819693407e-30
2.768911452717809128e-12 4.445868426774147537e-12 5.411291922975053740e-12 4.992776673004412793e-12 3.492047455398953323e-12 1.851462639226524834e-12 7.441261866267206293e-13 2.267122790855985271e-13 5.236008187077383772e-14 9.166898242832763461e-15 1.216581823246584673e-15 1.223931340995238856e-16 9.334038924332133033e-18 5.396087444091288578e-19 2.364749647867807709e-20 7.855759504251039658e-22 1.978281132378697854e-23 3.776457989786128237e-25 5.464848493710317892e-27 5.994713248795247341e-29
9.769849246765359478e-11 1.568683760468521721e-10 1.909324556616410234e-10 1.761655302127534277e-10 1.232136808431025583e-10 6.532715538269306955e-11 2.625580769936727314e-11 7.999334131406861966e-12 1.847477303485611244e-12 3.234455684922970568e-13 4.292597005154360322e-14 4.318529102177635295e-15 3.293429736247278530e-16 1.903959796164275956e-17 8.343801512082697531e-19 2.771832447008868118e-20 6.980182920652569185e-22 1.332488448149489874e-23 1.928221499736207813e-25 2.115179402390439386e-27
2.613144806143736156e-09 4.195763637302306022e-09 5.106876700289674753e-09 4.711905257385902981e-09 3.295600392683707213e-09 1.747307583532553400e-09 7.022649560680380916e-10 2.139584543232838739e-10 4.941453647987701446e-11 8.651209307612291801e-12 1.148142339310004799e-12 1.155078405869191926e-13 8.808947397548931234e-15 5.092527557782340996e-16 2.231719347359628881e-17 7.413829404583711150e-19 1.866991832148845222e-20 3.564011255016238106e-22 5.157420416490623161e-24 5.657477336458123232e-26
5.298292252888410356e-08 8.507137423920794222e-08 1.035446837618257539e-07 9.553642439889575914e-08 6.682007819895615819e-08 3.542760512726994401e-08 1.423880133799837166e-08 4.338123238772690067e-09 1.001906420171814805e-09 1.754079419742531563e-10 2.327920613996302752e-11 2.341983863621680631e-12 1.786061669556311790e-13 1.032537471462830524e-14 4.524931531133166809e-16 1.503193960250108169e-17 3.785426791972442279e-19 7.226225342454635126e-21 1.045694849108099690e-22 1.147084090869136685e-24
8.143388667158061966e-07 1.307533129191691792e-06 1.591464879708809348e-06 1.468379241116120776e-06 1.027013689641886726e-06 5.445165051827446940e-07 2.188480512500209666e-07 6.667624572823008764e-08 1.539913805836614735e-08 2.695991422564396002e-09 3.577975966827128753e-10 3.599590951836738310e-11 2.745147618231362511e-12 1.586993231440296912e-13 6.954745867445856542e-15 2.310384568493340012e-16 5.818139160084979569e-18 1.110659034106606230e-19 1.607215906010124865e-21 1.763049514825959535e-23
9.487924840369478036e-06 1.523416916853772758e-05 1.854227985661703650e-05 1.710819960375361992e-05 1.196581557828723420e-05 6.344203729769321531e-06 2.549815496459864370e-06 7.768500730645216476e-07 1.794165432548862240e-07 3.141120365620299968e-08 4.168727349440321242e-09 4.193911134910840514e-10 3.198392627695632222e-11 1.849018033832277336e-12 8.103027961850302582e-14 2.691846850761254643e-15 6.778758735208646374e-17 1.294037392735478117e-18 1.872579627688589065e-20 2.054142565241975020e-22
8.379809148085485984e-05 1.345493691295125216e-04 1.637668604916877279e-04 1.511009519561331031e-04 1.056830155531991207e-04 5.603250167606591172e-05 2.252016914410173105e-05 6.861200376776434594e-06 1.584620890005514406e-06 2.774261982247910455e-07 3.681852477380479911e-08 3.704094992937872437e-09 2.824845290373243671e-10 1.633067134865644048e-11 7.156657433983364467e-13 2.377460113224911108e-14 5.987052534424768610e-16 1.142903908288882857e-17 1.653876918149393863e-19 1.814234719318894477e-21
5.610400167855880650e-04 9.008269637281479279e-04 1.096442180669128519e-03 1.011642140336279153e-03 7.075626636850654684e-04 3.751454851219464259e-04 1.507757020636651707e-04 4.593670221517398420e-05 1.060925988905847988e-05 1.857407443991244114e-06 2.465052054536997766e-07 2.479943731759178378e-08 1.891273680725509030e-09 1.093361431705563289e-10 4.791482879783799689e-12 1.591743007817201369e-13 4.008415937703406309e-15 7.651902526171583373e-17 1.107293874505278073e-18 1.214655679374535199e-20
2.847412384305017616e-03 4.571912476638343402e-03 5.564706528063605856e-03 5.134326024339930933e-03 3.591049891221334816e-03 1.903953137554133344e-03 7.652227799508936647e-04 2.331397598535401607e-04 5.384453353166161472e-05 9.426787395705878522e-06 1.251072924933200349e-06 1.258630807593416305e-07 9.598666653872599139e-09 5.549070989618326058e-10 2.431792257751894926e-11 8.078476788620480247e-13 2.034367039958259183e-14 3.883523699672666179e-16 5.619781471909450984e-18 6.164668331384381635e-20
1.095478150021401455e-02 1.758940942160005724e-02 2.140896220855280710e-02 1.975316959971519515e-02 1.381576027818630543e-02 7.325033326229357655e-03 2.944023282175347363e-03 8.969530168111797567e-04 2.071547848395936266e-04 3.626745347394931952e-05 4.813222913906085896e-06 4.842300174932013426e-07 3.692872042917290282e-08 2.134880797580084173e-09 9.355776137107095244e-11 3.108013035333061786e-12 7.826771610891666047e-14 1.494098775973412138e-15 2.162085072153867588e-17 2.371718089162136392e-19
3.194875134415616630e-02 5.129811743760286091e-02 6.243754018499843295e-02 5.760855237394892081e-02 4.029256902564609666e-02 2.136287869573545717e-02 8.586010391151036730e-03 2.615892329840742696e-03 6.041504990732177779e-04 1.057711514284719219e-04 1.403738285764767064e-05 1.412218438310656931e-06 1.076996840536214969e-07 6.226210513643520232e-09 2.728537903108204793e-10 9.064273499048094960e-12 2.282615860654032924e-13 4.357420572582864324e-15 6.305549622674445986e-17 6.916927689301478295e-19
7.063189825562436741e-02 1.134092338234864994e-01 1.380361297432967371e-01 1.273602641336040731e-01 8.907830560325533109e-02 4.722878394308294842e-02 1.898184394866625838e-02 5.783181912139907094e-03 1.335648336360710378e-03 2.338375332919724354e-04 3.103366973864446585e-05 3.122114788618183280e-06 2.381011090009220689e-07 1.376482801410663653e-08 6.032217330903751664e-10 2.003918202152281846e-11 5.046378479385557803e-13 9.633330680885369126e-15 1.394022992000269409e-16 1.529185687194676427e-18
1.183708282982144505e-01 1.900606563873993848e-01 2.313324633249925488e-01 2.134409569910379056e-01 1.492848568149472976e-01 7.914993668480331535e-02 3.181135784712051107e-02 9.691938770522018354e-03 2.238390922440767258e-03 3.918844486213137130e-04 5.200881305500042228e-05 5.232300457695969847e-06 3.990297045275611621e-07 2.306824726011841279e-08 1.010929310365891732e-09 3.358333320904991194e-11 8.457142102415270706e-13 1.614433931592942969e-14 2.336220040874908392e-16 2.562736962836679834e-18
1.503783496849041557e-01 2.414531372168988999e-01 2.938848579796644600e-01 2.711554808640554981e-01 1.896515444178709375e-01 1.005521126061506149e-01 4.041316228888859607e-02 1.231264306004881647e-02 2.843652762303008810e-03 4.978501671238256144e-04 6.607201781656914317e-05 6.647116685722798333e-06 5.069275032099677102e-07 2.930591094927936860e-08 1.284285017909381923e-09 4.266428052840895301e-11 1.074395685741019694e-12 2.050977540654074730e-14 2.967934915201297870e-16 3.255702107422840376e-18
1.448180720958428258e-01 2.325253462783177794e-01 2.830183908784309477e-01 2.611294382418381521e-01 1.826391305007935006e-01 9.683417276023356668e-02 3.891887537159732791e-02 1.185737996258596702e-02 2.738507980767394649e-03 4.794420310273109372e-04 6.362898821357555344e-05 6.401337861730213586e-06 4.881837303112533729e-07 2.822231746511267480e-08 1.236798253903715295e-09 4.108675794372434360e-11 1.034669632983243137e-12 1.975142126321744568e-14 2.858194769566205521e-16 3.135321696928283628e-18
1.057199692709170080e-01 1.697479610623732482e-01 2.066088517389605972e-01 1.906294966307000294e-01 1.333300670611894390e-01 7.069080274602299041e-02 2.841152522470315189e-02 8.656114717840940678e-03 1.999163332206801112e-03 3.500018751378500032e-04 4.645038137385794027e-05 4.673099373861249911e-06 3.563834832223880246e-07 2.060283286461060341e-08 9.028864388588843210e-10 2.999412106782795599e-11 7.553286701134005582e-13 1.441891622215725325e-14 2.086536982821146882e-16 2.288844953234347696e-18
5.850434403196767136e-02 9.393677638393055362e-02 1.143352142981672592e-01 1.054924034734025934e-01 7.378348827518051156e-02 3.911956343035949413e-02 1.572264594553020312e-02 4.790204886789149220e-03 1.106316433594504468e-03 1.936874391480888555e-04 2.570516347151332581e-05 2.586045146904531628e-06 1.972189554494060981e-07 1.140139587872446743e-08 4.996480722145806803e-10 1.659843821361600628e-11 4.179911201097890103e-13 7.979279988887303571e-15 1.154668113510070697e-16 1.266623264302183680e-18
