4.755122425566276113e-14 4.838344241623949115e-13 3.731888381731875358e-12 2.182013064088072291e-11 9.671255715318395308e-11 3.249415187484319602e-10 8.276073993527469878e-10 1.597865953769430552e-09 2.338584898762538956e-09 2.594554263204727911e-09 2.182072593393463229e-09 1.391145164837405417e-09 6.723145744820511795e-10 2.463028407541576798e-10 6.840110773971625702e-11 1.439970744447982551e-11 2.297952364887919844e-12 2.779874529084720490e-13 2.549213361786400890e-14 1.772082747804632534e-15
1.021860513394473192e-12 1.039744613964646470e-11 8.019708088237637091e-11 4.689075885647578893e-10 2.078321743576892969e-09 6.982888713573132706e-09 1.778501679461912940e-08 3.433762535903443854e-08 5.025543721897888103e-08 5.575613652286708902e-08 4.689203812209968634e-08 2.989526210101099655e-08 1.444782394137835507e-08 5.292968819274677054e-09 1.469917802659588069e-09 3.094450810105915814e-10 4.938225713632963275e-11 5.973860942443444082e-12 5.478177513624974283e-13 3.808148822232445181e-14
1.664632431824099955e-11 1.693766010656916954e-10 1.306427443124907591e-09 7.638603989701332646e-09 3.385630164562157081e-08 1.137527369740439708e-07 2.897216926262675999e-07 5.593671940077095857e-07 8.186717225457346567e-07 9.082792799270009666e-07 7.638812384782515567e-07 4.870001550986043624e-07 2.353581138213416656e-07 8.622358376418691896e-08 2.394527251370746423e-08 5.040925947980296916e-09 8.044474339530372894e-10 9.731546074684076929e-11 8.924067264500812572e-12 6.203555134587889947e-13
2.055615601845278206e-10 2.091591975993355429e-09 1.613276651004340493e-08 9.432733159200436767e-08 4.180835393628433667e-07 1.404705906277547824e-06 3.577705325030634437e-06 6.907494466527161519e-06 1.010958535639289324e-05 1.121612809504620651e-05 9.432990501405259838e-06 6.013850852495856629e-06 2.906382223142640586e-06 1.064754841033908780e-06 2.956945619260602717e-07 6.224921387035645820e-08 9.933932948105628134e-09 1.201725832007014356e-09 1.102012164975230004e-10 7.660624939039848560e-12
1.924253469396032213e-09 1.957930808052427411e-08 1.510181762584406438e-07 8.829943444282449053e-07 3.913663140103354982e-06 1.314939530138435946e-05 3.349075516836358510e-05 6.466077694738779505e-05 9.463542054619295332e-05 1.049937224679006655e-04 8.830184341281873187e-05 5.629541513966603358e-05 2.720652670301206967e-05 9.967127098454143150e-06 2.767984861357304377e-06 5.827123789568552737e-07 9.299114544071529092e-08 1.124930701745268434e-08 1.031589140433968983e-09 7.171080090779864333e-11
1.365461535257070975e-08 1.389359172068699940e-07 1.071633826235464284e-06 6.265779598904605041e-06 2.777158292686804985e-05 9.330887942515178211e-05 2.376523607540432094e-04 4.588366614155440343e-04 6.715384884781430870e-04 7.450416057629499983e-04 6.265950540826696310e-04 3.994755639373731375e-04 1.930591073979850459e-04 7.072731782174869811e-05 1.964178274052213164e-05 4.134961179690475959e-06 6.598706159986654499e-07 7.982574164437041798e-08 7.320216976891339005e-09 5.088640444692091255e-10
7.345028453195275519e-08 7.473577531886442877e-07 5.764483833390525963e-06 3.370459602638324490e-05 1.493876330611644283e-04 5.019228712176620555e-04 1.278368746856601082e-03 2.468153255471821923e-03 3.612309228732012677e-03 4.007693846984047674e-03 3.370551554937915341e-03 2.148840745575322352e-03 1.038494750948596541e-03 3.804531643003222058e-04 1.056561824522237863e-04 2.224259470770549018e-05 3.549545940907956911e-06 4.293949910239907872e-07 3.937657750916236049e-08 2.737258274163466440e-09
2.995051632771949630e-07 3.047469554700872682e-06 2.350559542049577156e-05 1.374358261564304182e-04 6.091517237365319092e-04 2.046669968054482154e-03 5.212750947059812019e-03 1.006428563869819076e-02 1.472976275385894096e-02 1.634200612910892414e-02 1.374395756570182155e-02 8.762238328433546303e-03 4.234626753692983039e-03 1.551358007926071335e-03 4.308298106433090758e-04 9.069770120144004068e-05 1.447383551154336569e-05 1.750926054494766664e-06 1.605642285980298124e-07 1.116160395510156159e-08
9.257888894021381298e-07 9.419915916181388654e-06 7.265724183504837128e-05 4.248225956080382512e-04 1.882925461533714595e-03 6.326382810783895069e-03 1.611293393811053312e-02 3.110932620367866386e-02 4.553060305151136744e-02 5.051414653198629812e-02 4.248341855450761539e-02 2.708461784763833979e-02 1.308949186864493026e-02 4.795343063564308853e-03 1.331721455324816816e-03 2.803521753943723541e-04 4.473951619731982628e-05 5.412220175702737979e-06 4.963139107351735356e-07 3.450120464192619338e-08
2.169284107186501172e-06 2.207249851659132060e-05 1.702485326720235828e-04 9.954331009755000917e-04 4.412021277723118286e-03 1.482381333856139065e-02 3.775540181159622172e-02 7.289455262581677475e-02 1.066861081623525220e-01 1.183634158006506704e-01 9.954602582102725639e-02 6.346396216101095333e-02 3.067095210025186022e-02 1.123632138533747250e-02 3.120454588843685120e-03 6.569138228596778199e-04 1.048324543111919533e-04 1.268177156384759849e-05 1.162949664937838340e-06 8.084231271867181129e-08
3.853166040292334219e-06 3.920602258910138989e-05 3.024020054949136155e-04 1.768126640192053522e-03 7.836802242754063730e-03 2.633062859519055485e-02 6.706259987619364593e-02 1.294781138946277665e-01 1.894999772414733274e-01 2.102416611384218537e-01 1.768174877919158339e-01 1.127271356347891301e-01 5.447892724821543076e-02 1.995838711783390687e-02 5.542671710069902932e-03 1.166835651105384633e-03 1.862074458270369102e-04 2.252585143581724183e-05 2.065676017568581146e-06 1.435952316961766181e-07
5.188189529745948211e-06 5.278990673454774158e-05 4.071765665628718461e-04 2.380737301736763570e-03 1.055205379611970015e-02 3.545351800589231078e-02 9.029807562842863400e-02 1.743389689971409362e-01 2.551568729534211544e-01 2.830850198586306599e-01 2.380802252602645108e-01 1.517842051712604279e-01 7.335448225831937841e-02 2.687345782470000263e-02 7.463065705526164030e-03 1.571114362759194185e-03 2.507235636093362897e-04 3.033048286677340023e-05 2.781379928642661465e-06 1.933473070760856272e-07
5.295546199230259909e-06 5.388226246614067602e-05 4.156020721901467602e-04 2.430000734802598410e-03 1.077040228652769924e-02 3.618714032111269852e-02 9.216656956156846214e-02 1.779464800499950539e-01 2.604367093817657741e-01 2.889427597770890532e-01 2.430067029664994827e-01 1.549250015230673183e-01 7.487237069740734774e-02 2.742953714929783834e-02 7.617495275551345799e-03 1.603624664165441719e-03 2.559116637348249649e-04 3.095809672046143058e-05 2.838933663716833260e-06 1.973481483758184425e-07
4.097344769186142070e-06 4.169054483929291306e-05 3.215655028746126128e-04 1.880174475922647727e-03 8.333427716511913191e-03 2.799922510884114008e-02 7.131241943311071585e-02 1.376832628396131297e-01 2.015087676970017116e-01 2.235648714648078850e-01 1.880225770519548256e-01 1.198707594504538620e-01 5.793130772387183186e-02 2.122316874059353500e-02 5.893915990406668574e-03 1.240779115553980894e-03 1.980075854932630472e-04 2.395333566912874262e-05 2.196579835105094848e-06 1.526949955745388087e-07
2.403206423627825299e-06 2.445266161534993460e-05 1.886070920702336852e-04 1.102774511937371126e-03 4.887786639233089939e-03 1.642232260858390164e-02 4.182671318140859795e-02 8.075505487616553568e-02 1.181904848692906518e-01 1.311270018677179738e-01 1.102804597642068757e-01 7.030752727544992142e-02 3.397831978850601731e-02 1.244797748793362475e-02 3.456945306382292263e-03 7.277513874906029780e-04 1.161369443360180478e-04 1.404929616376847917e-05 1.288355036519043760e-06 8.955985275640932408e-08
1.068504763803781366e-06 1.087205209123955067e-05 8.385778865387746742e-05 4.903115303876836445e-04 2.173189642441565074e-03 7.301632422197587395e-03 1.859683872728810569e-02 3.590501422934844200e-02 5.254941684471518132e-02 5.830120325138668513e-02 4.903249069825842826e-02 3.125987309557751864e-02 1.510731504506395047e-02 5.534573773941911523e-03 1.537014253857803010e-03 3.235701339482377763e-04 5.163637923758624499e-05 6.246546169103289223e-06 5.728236577834565546e-07 3.981977094224357454e-08
3.601294757106324632e-07 3.664322848293630840e-06 2.826347854048476900e-05 1.652548873481860458e-04 7.324531186610393164e-04 2.460946497493252203e-03 6.267889491565543057e-03 1.210144716975034875e-02 1.771128644276406816e-02 1.964987192520982820e-02 1.652593958036199448e-02 1.053584606269340924e-02 5.091778371868188081e-03 1.865376008616033421e-03 5.180361905276703940e-04 1.090562687615650940e-04 1.740355570922117541e-05 2.105339604545305065e-06 1.930648234246767584e-07 1.342087908087329564e-08
9.201056428868931188e-08 9.362088797150907842e-07 7.221121248516803798e-06 4.222146883802397395e-05 1.871366530885236554e-04 6.287546318495984988e-04 1.601401962113996888e-03 3.091835181225679671e-03 4.525109911266344750e-03 5.020404954277536344e-03 4.222262071688011494e-03 2.691835039534826429e-03 1.300913790252976451e-03 4.765905340701803760e-04 1.323546263975155905e-04 2.786311453171149113e-05 4.446486859414278298e-06 5.378995558508245243e-07 4.932671315655989890e-08 3.428940813702365337e-09
1.782023960094623543e-08 1.813212067769838178e-07 1.398558000712885106e-06 8.177285910743668210e-06 3.624388157965678740e-05 1.217746926821309904e-04 3.101531534222415690e-04 5.988143227032646397e-04 8.764052634909842623e-04 9.723320345944347527e-04 8.177509002052429313e-04 5.213438885150929476e-04 2.519558011811146654e-04 9.230415631433712778e-05 2.563391685434308461e-05 5.396417039958787288e-06 8.611778639744961227e-07 1.041782434507097281e-07 9.553401329211294498e-09 6.641035988641487961e-10
2.616291939962695630e-09 2.662080995867984316e-08 2.053303494662978000e-07 1.200554408814633715e-06 5.321172855879168824e-06 1.787844350525879096e-05 4.553536953619493520e-05 8.791537718379384284e-05 1.286701008717405933e-04 1.427536622426705799e-04 1.200587162133670913e-04 7.654149686059315326e-05 3.699108129960212673e-05 1.355170444382989441e-05 3.763462869047533725e-06 7.922790446415668128e-07 1.264344787076331014e-07 1.529500751746854879e-08 1.402589833613524940e-09 9.750087158851818869e-11
