4.387369970240276601e-08 2.242357766282254955e-07 8.687651102810344274e-07 2.551506369675388251e-06 5.680515665547741100e-06 9.586844570048438376e-06 1.226479885586912828e-05 1.189438504515271396e-05 8.744205913000906985e-06 4.872990650619551599e-06 2.058579291581724464e-06 6.592292072101592930e-07 1.600302563448460253e-07 2.944859509205384115e-08 4.107937995895316766e-09 4.343901795906065101e-10 3.482033430963889473e-11 2.115839369906195173e-12 9.746064264229190588e-14 3.403083983269904719e-15
4.055356906822356990e-07 2.072667934717496636e-06 8.030215400757566535e-06 2.358421799221466558e-05 5.250644143267903377e-05 8.861362639916390291e-05 1.133666344263458342e-04 1.099428059918613858e-04 8.082490440627924835e-05 4.504228370507917762e-05 1.902796847538300529e-05 6.093422111133999156e-06 1.479200089736402149e-06 2.722008043835763493e-07 3.797070873314039017e-08 4.015178175097206979e-09 3.218531470978811797e-10 1.955723784562852328e-11 9.008533425803582886e-13 3.145556501881762311e-14
2.841520050835945199e-06 1.452283394666570035e-05 5.626636224150162588e-05 1.652506298408015892e-04 3.679037617576985230e-04 6.209007048600557067e-04 7.943408489554220622e-04 7.703506617271589033e-04 5.663264461161810230e-04 3.156036699707187349e-04 1.333257594627874465e-04 4.269557897078283263e-05 1.036450505037740902e-05 1.907265035559267738e-06 2.660543392078714079e-07 2.813367492519293659e-08 2.255170609927634732e-09 1.370342604958677074e-10 6.312127131149212651e-12 2.204038282326688239e-13
1.509277811502492994e-05 7.713825925454732000e-05 2.988596615395240131e-04 8.777313004782778686e-04 1.954126574703703070e-03 3.297923788064954786e-03 4.219153821370268467e-03 4.091729567345539151e-03 3.008051760672101130e-03 1.676333820609251244e-03 7.081618530184405087e-04 2.267782343147556573e-04 5.505123039740005019e-05 1.013046801474182557e-05 1.413151776642459305e-06 1.494324536197657355e-07 1.197837390489291877e-08 7.278596141569380867e-10 3.352696180913348617e-11 1.170678374850499309e-12
6.076933294453204542e-05 3.105883173843681242e-04 1.203324009494687995e-03 3.534083998856523030e-03 7.868065609187620962e-03 1.327871033253312689e-02 1.698793696965581954e-02 1.647487788543536280e-02 1.211157399688351718e-02 6.749565076383864416e-03 2.851332146853287168e-03 9.130964439162639508e-04 2.216574393083640959e-04 4.078916280223614796e-05 5.689892885290098475e-06 6.016725653508283420e-07 4.822954305780759552e-08 2.930642913616340230e-09 1.349924506456230982e-10 4.713601657035701600e-12
1.854797792919519366e-04 9.479757266990852284e-04 3.672778042528511769e-03 1.078670915649911771e-02 2.401486081768865882e-02 4.052919692253462158e-02 5.185047534804101965e-02 5.028451960862551084e-02 3.696687067259037812e-02 2.060098046208671402e-02 8.702818208801530939e-03 2.786947275601023462e-03 6.765414548627843869e-04 1.244964285023143422e-04 1.736665560442715066e-05 1.836421254272395974e-06 1.472059107490791646e-07 8.944890036842063358e-09 4.120231165723673711e-10 1.438682560190631313e-11
4.291464172173642681e-04 2.193340903654997405e-03 8.497743226795521909e-03 2.495731667219096978e-02 5.556342324336548122e-02 9.377280757179248805e-02 1.199669624989388728e-01 1.163437950698179985e-01 8.553061776027333363e-02 4.766469417970155276e-02 2.013579738049249904e-02 6.448187737032569714e-03 1.565320718849835596e-03 2.880486296246317327e-04 4.018140446434713322e-05 4.248946191230514557e-06 3.405917854352731034e-07 2.069588138592652847e-08 9.533019985399352525e-10 3.328694203625807383e-11
7.526814817486429839e-04 3.846908689224290065e-03 1.490422314355313929e-02 4.377272963176151443e-02 9.745289267243388565e-02 1.644684725752180166e-01 2.104104973777504717e-01 2.040558106793109727e-01 1.500124655079480840e-01 8.359928267582902861e-02 3.531624918789208478e-02 1.130950022133080969e-02 2.745421774030537641e-03 5.052095524118505911e-04 7.047431328233078518e-05 7.452242374112115996e-06 5.973651869100694723e-07 3.629858258787072207e-08 1.671999886350085133e-09 5.838209023667945765e-11
1.000722790891894623e-03 5.114632541301726565e-03 1.981581338448939328e-02 5.819774927939723452e-02 1.295678625028457154e-01 2.186679928763851088e-01 2.797499145051787761e-01 2.713010819481030400e-01 1.994481022741843579e-01 1.111488850257831978e-01 4.695449045595535137e-02 1.503647279695157456e-02 3.650157744681578782e-03 6.716980894764035866e-04 9.369866694506462888e-05 9.908080599643059454e-06 7.942230166703332016e-07 4.826054546786974095e-08 2.222996623687302455e-09 7.762153008470461662e-11
1.008586543728068113e-03 5.154823697652628593e-03 1.997152749445232911e-02 5.865507144705453535e-02 1.305860162368338295e-01 2.203863019474010254e-01 2.819482097809849486e-01 2.734329856801293590e-01 2.010153800400180379e-01 1.120223010884672105e-01 4.732346227397999511e-02 1.515463049924361573e-02 3.678840951038493678e-03 6.769763421596113311e-04 9.443495791858996064e-05 9.985939021201560342e-06 8.004640791870844142e-07 4.863978036164078314e-08 2.240465093640649831e-09 7.823148574166303146e-11
7.705651579622284407e-04 3.938311056745654945e-03 1.525834677669353837e-02 4.481276760625849120e-02 9.976836876808881094e-02 1.683762356625267409e-01 2.154098407896556933e-01 2.089041670374499615e-01 1.535767545547745694e-01 8.558559765675452513e-02 3.615536158917936199e-02 1.157821340878145526e-02 2.810652864826638109e-03 5.172133073525907350e-04 7.214877961460715262e-05 7.629307298539587895e-06 6.115585553441492789e-07 3.716103518402792555e-08 1.711726524140045221e-09 5.976924592442076120e-11
4.462748222942886263e-04 2.280883126920400013e-03 8.836911357737934139e-03 2.595343131382351828e-02 5.778111115264360220e-02 9.751553632088655332e-02 1.247551714809778667e-01 1.209873935485469149e-01 8.894437821288718460e-02 4.956712224859099319e-02 2.093947202448995237e-02 6.705552513110868071e-03 1.627796942050325265e-03 2.995454368030653629e-04 4.178515401138454481e-05 4.418533233306628344e-06 3.541857334044424598e-07 2.152191051160504489e-08 9.913508838073687253e-10 3.461551476597130960e-11
1.959260680452017372e-04 1.001366065042021310e-03 3.879630240138998761e-03 1.139422054656147841e-02 2.536738652926937010e-02 4.281181606089203701e-02 5.477071301247304208e-02 5.311656207522416628e-02 3.904885829854112811e-02 2.176123518811954802e-02 9.192964101379295233e-03 2.943909161646756506e-03 7.146445161130141532e-04 1.315081127185027600e-04 1.834475197598112002e-05 1.939849168452402516e-06 1.554966012800912843e-07 9.448669502979122048e-09 4.352284086271634462e-10 1.519709686195347974e-11
6.520469675484642650e-05 3.332571886074644964e-04 1.291150870596927038e-03 3.792025751902370310e-03 8.442331143614723379e-03 1.424788192621054793e-02 1.822783343052183230e-02 1.767732776618535437e-02 1.299555995474741509e-02 7.242194750342601829e-03 3.059441974665329765e-03 9.797405014768357460e-04 2.378355234991622752e-04 4.376623639807752599e-05 6.105180395702894770e-06 6.455867666874122029e-07 5.174966676990844963e-08 3.144541386582511332e-09 1.448451279953276974e-10 5.057632719955822015e-12
1.644986565718020634e-05 8.407425008804899247e-05 3.257320319167357654e-04 9.566536966177270618e-04 2.129834506677137033e-03 3.594461062624432733e-03 4.598524739420029213e-03 4.459642961380337958e-03 3.278524800125485073e-03 1.827063641660396122e-03 7.718371831158327622e-04 2.471693057447494962e-04 6.000123618051404680e-05 1.104136273765055656e-05 1.540217228518869421e-06 1.628688746454746484e-07 1.305542558336590754e-08 7.933060950686926966e-10 3.654158389200876049e-11 1.275941503101130582e-12
3.145883611295280529e-06 1.607841735585772636e-05 6.229321760044236598e-05 1.829511102761577162e-04 4.073110145068082884e-04 6.874072034389836633e-04 8.794250309006577688e-04 8.528651842400313942e-04 6.269873355128588888e-04 3.494089062413763204e-04 1.476066732431074177e-04 4.726882786536558390e-05 1.147467763515418529e-05 2.111557796679018498e-06 2.945522010945544904e-07 3.114715549750774040e-08 2.496728559194580976e-09 1.517124027166708232e-10 6.988237611926330811e-12 2.440119297767795569e-13
4.560576717472179934e-07 2.330882667866215607e-06 9.030626461353227714e-06 2.652235991711059511e-05 5.904773853870871702e-05 9.965318730071225561e-05 1.274899461088596034e-04 1.236395742176308688e-04 9.089413970126283360e-05 5.065368969660438421e-05 2.139848896249757062e-05 6.852545817365034468e-06 1.663480094288560025e-06 3.061118119740671215e-07 4.270113190357070084e-08 4.515392485195355931e-09 3.619498857499816355e-10 2.199369516078606553e-11 1.013082417756468382e-12 3.537432604721318851e-14
5.011799633553810407e-08 2.561499920813488307e-07 9.924115565554575355e-07 2.914647904163186969e-06 6.488991474186001056e-06 1.095128617577577207e-05 1.401037861598203112e-05 1.358724589332492824e-05 9.988719503428828100e-06 5.566535970922166272e-06 2.351565290634864052e-06 7.530535882623331205e-07 1.828064616266444843e-07 3.363984781136359211e-08 4.692597679735315969e-09 4.962144878728655880e-10 3.977611642441726449e-11 2.416974873485268252e-12 1.113316671248968890e-13 3.887425764408656569e-15
4.175076656087439456e-09 2.133855961112096880e-08 8.267278474714395238e-08 2.428045675233247219e-07 5.405650426254917879e-07 9.122962330837083786e-07 1.167133743953277688e-06 1.131884698062356544e-06 8.321096746120200428e-07 4.637199426703425368e-07 1.958970044305878604e-07 6.273308366295431115e-08 1.522868123876191962e-08 2.802365489060219511e-09 3.909165661353577941e-10 4.133711792586866150e-11 3.313546975054219531e-12 2.013459457772221015e-13 9.274477802035661469e-15 3.238417683858360001e-16
2.636525807819635390e-10 1.347512099793165639e-09 5.220716852524240869e-09 1.533290430963344135e-08 3.413622798060984283e-08 5.761074013802394796e-08 7.370351470369564304e-08 7.147756709008886668e-08 5.254702638458677549e-08 2.928352452327750599e-08 1.237073113622336800e-08 3.961541492665312181e-09 9.616784172456547461e-10 1.769670246431907239e-10 2.468605250199067804e-11 2.610404244279673564e-12 2.092477057257213820e-13 1.271482720125609107e-14 5.856754760050862096e-16 2.045033541490318919e-17
