2.294605716912733161e-25 1.276000862687350624e-24 5.378865492414027644e-24 1.718807419507052376e-23 4.163519228363001329e-23 7.645233411391346942e-23 1.064186494219652056e-22 1.122901226376431948e-22 8.981775358411049729e-23 5.446025128282850797e-23 2.503190560113482730e-23 8.721777500068490562e-24 2.303630996681464415e-24 4.612301016948724360e-25 7.000340945662099139e-26 8.054110079819699432e-27 7.024456849761414894e-28 4.644134152238525677e-29 2.327520867022174624e-30 8.842584721416532297e-32
3.759281236065003482e-23 2.090488167508450200e-22 8.812262589563929713e-22 2.815943686070711747e-21 6.821145609381453435e-21 1.252528148820687586e-20 1.743470039278161225e-20 1.839663119096047640e-20 1.471495487113780383e-20 8.922291060722065310e-21 4.101008392670863374e-21 1.428899712899493540e-21 3.774067464755515976e-22 7.556390424855849900e-23 1.146874609834588546e-23 1.319514924638344734e-24 1.150825548555915885e-25 7.608543048419084089e-27 3.813206538035936909e-28 1.448691711021326894e-29
4.668725951436525300e-21 2.596218730640594362e-20 1.094412374580292011e-19 3.497176332224491906e-19 8.471316064232829370e-19 1.555539558254741926e-18 2.165250032330718572e-18 2.284714126633080839e-18 1.827479440006186469e-18 1.108077028710573927e-18 5.093123687112826040e-19 1.774578902906723727e-19 4.687089262206945649e-20 9.384431187872152063e-21 1.424326332015293135e-21 1.638731764164379435e-22 1.429233081200173277e-23 9.449200565786540787e-25 4.735696853835485218e-26 1.799158978048670166e-27
4.395302465295952038e-19 2.444171430477948145e-18 1.030318219162783576e-17 3.292364536811460498e-17 7.975194254005675145e-17 1.464439533693070643e-16 2.038442372518582323e-16 2.150910063632463094e-16 1.720453282434661838e-16 1.043182604138681872e-16 4.794845388416147799e-17 1.670650860200559697e-17 4.412590330537943364e-18 8.834832878285243698e-19 1.340910797423546764e-19 1.542759596068016838e-20 1.345530183314521225e-21 8.895809043813853369e-23 4.458351223239576790e-24 1.693791405606798193e-25
3.136721571590616216e-17 1.744290708359577513e-16 7.352898712132480415e-16 2.349606414051663159e-15 5.691522722653107390e-15 1.045101926862696087e-14 1.454740876835846534e-14 1.535003801995001936e-14 1.227806952203302830e-14 7.444705804312717755e-15 3.421856648328298985e-15 1.192265295315611814e-15 3.149059111557311907e-16 6.305006558598501976e-17 9.569452516788293464e-18 1.100995288259219231e-18 9.602418910992394633e-20 6.348522392895878637e-21 3.181716518051131685e-22 1.208779619079965210e-23
1.696914630178897828e-15 9.436325012422231481e-15 3.977796917599553213e-14 1.271098313372013450e-13 3.079019911597748598e-13 5.653829035333084671e-13 7.869908184965952894e-13 8.304117370751156149e-13 6.642233085331262919e-13 4.027463040116072710e-13 1.851168003406410122e-13 6.449958584145818266e-14 1.703589035793829699e-14 3.410904547461717998e-15 5.176915963983964168e-16 5.956202900908730540e-17 5.194750239469505318e-18 3.434445896025279983e-19 1.721256154024842911e-20 6.539298351682251980e-22
6.958903863592692132e-14 3.869757347789399442e-13 1.631260986626790121e-12 5.212667040885901621e-12 1.262680112354115563e-11 2.318587630653164797e-11 3.227383010346573134e-11 3.405448537440858200e-11 2.723923800192691140e-11 1.651628644829686588e-11 7.591483945014897628e-12 2.645073647959123128e-12 6.986275038426631873e-13 1.398783204030414364e-13 2.123009600044799087e-14 2.442588604183685130e-15 2.130323286094365803e-16 1.408437312643745920e-17 7.058726401111472833e-19 2.681711133571233553e-20
2.163308710846517717e-12 1.202988278532301575e-11 5.071087589665212557e-11 1.620457508442895133e-10 3.925283262439112807e-10 7.207774265275545126e-10 1.003293897484063950e-09 1.058648981189110041e-09 8.467839476082061873e-10 5.134404360917653033e-10 2.359958359594820694e-10 8.222718657455911149e-11 2.171817565416875983e-11 4.348385822221383421e-12 6.599782452831029055e-13 7.593255070083718605e-14 6.622518448398114258e-15 4.378397470130407753e-16 2.194340460844253465e-17 8.336613307133186620e-19
5.097919585836224744e-11 2.834887816016532393e-10 1.195021155105007633e-09 3.818669997900499808e-09 9.250079899929361195e-09 1.698539529425556301e-08 2.364300381489496179e-08 2.494746750045528363e-08 1.995478708073237841e-08 1.209941994033882364e-08 5.561331992431444718e-09 1.937715051138602407e-09 5.117971026552834084e-10 1.024713723877188494e-10 1.555263937128047241e-11 1.789379553086651252e-12 1.560621761303754891e-13 1.031786083310288876e-14 5.171047089693189131e-16 1.964554760256425893e-17
9.106768186435456000e-10 5.064157199878228624e-09 2.134749372599705851e-08 6.821555708331455898e-08 1.652406083232577079e-07 3.034219251506380282e-07 4.223514148231490674e-07 4.456539565600297833e-07 3.564662350869512831e-07 2.161403504542063311e-07 9.934593986847448658e-08 3.461475114498419367e-08 9.142587469053711235e-09 1.830517367660248988e-09 2.778276099822932315e-10 3.196493101378456602e-11 2.787847153647988126e-12 1.843151215017780942e-13 9.237400930727517120e-15 3.509420752912658959e-16
1.233196837110009184e-08 6.857649732228607821e-08 2.890779824871071847e-07 9.237438300246009157e-07 2.237612634632527210e-06 4.108800737488155225e-06 5.719289414708507863e-06 6.034841761910542195e-06 4.827102487362263433e-06 2.926873629538448506e-06 1.345297215405211686e-06 4.687371058036432420e-07 1.238047320303177144e-07 2.478802778175412179e-08 3.762214244152215732e-09 4.328544552539873610e-10 3.775174926869988363e-11 2.495910955613188423e-12 1.250886525019698296e-13 4.752296845577343737e-15
1.265894001860916740e-07 7.039474479382652816e-07 2.967426392027306415e-06 9.482361116207256284e-06 2.296941029550203094e-05 4.217742092671273533e-05 5.870931506727725016e-05 6.194850455897520482e-05 4.955089002206623778e-05 3.004477193211525676e-05 1.380966626295143559e-05 4.811652712936250518e-06 1.270873091488447571e-06 2.544526124509110586e-07 3.861966153391245365e-08 4.443312227988763529e-09 3.875270477582426176e-10 2.562087910713502536e-11 1.284052716792545663e-12 4.878299952485408615e-14
9.850518735678541844e-07 5.477747358511333604e-06 2.309094539388103294e-05 7.378672755883048501e-05 1.787358231658555362e-04 3.282024201476790577e-04 4.568448915777457466e-04 4.820505539234698988e-04 3.855788634865000490e-04 2.337925516602664051e-04 1.074595314115538424e-04 3.744174087931610414e-05 9.889263382221219448e-06 1.980015880164849236e-06 3.005178150351687636e-07 3.457550970770913364e-08 3.015530872974443644e-09 1.993681534934054472e-10 9.991820267550016278e-12 3.796035450802045154e-13
5.810555852556488206e-06 3.231175720476550575e-05 1.362072714135449919e-04 4.352480444558242258e-04 1.054314509951870650e-03 1.935977733137053203e-03 2.694805044990103426e-03 2.843486462477323468e-03 2.274425928188678753e-03 1.379079331541518483e-03 6.338748505647822176e-04 2.208587511317776993e-04 5.833410276649756950e-05 1.167958070977077643e-05 1.772673699533656779e-06 2.039516249632454819e-07 1.778780491941214810e-08 1.176019072882550553e-09 5.893905822748126443e-11 2.239179133305859124e-12
2.598202990065628118e-05 1.444827419510297793e-04 6.090538475757862735e-04 1.946221324123045609e-03 4.714390811717784728e-03 8.656767549569425665e-03 1.204988077424071734e-02 1.271471304379463013e-02 1.017014619126780164e-02 6.166583944240730530e-03 2.834385511224738786e-03 9.875748243952822518e-04 2.608422396697652156e-04 5.222550525779366806e-05 7.926549926394118811e-06 9.119742331968170346e-07 7.953856584647886068e-08 5.258595475324978400e-09 2.635473114864200331e-10 1.001253936297360099e-11
8.806945235945366052e-05 4.897429495567634473e-04 2.064466826437713447e-03 6.596969014398591964e-03 1.598003768696831806e-02 2.934323377383268525e-02 4.084463010941584427e-02 4.309816511473991973e-02 3.447302650736745744e-02 2.090243421989759418e-02 9.607516452855263678e-03 3.347512657056837294e-03 8.841585237090846851e-04 1.770251079240531917e-04 2.686806665170389172e-05 3.091254670657877410e-06 2.696062610326993689e-07 1.782468981301852865e-08 8.933277146613183542e-10 3.393879776892578281e-11
2.262946740534824760e-04 1.258395711234856426e-03 5.304652578923426537e-03 1.695092807845767491e-02 4.106074606863031884e-02 7.539751122128814098e-02 1.049503773421971708e-01 1.107408410709429941e-01 8.857852624405915254e-02 5.370885604477521058e-02 2.468653711264929412e-02 8.601441990654878911e-03 2.271847497333487342e-03 4.548664494182701277e-04 6.903756322429228812e-05 7.942986465473788241e-06 6.927539496233032605e-07 4.580058423524953826e-08 2.295407755996171611e-09 8.720582418906906841e-11
4.407782833295869653e-04 2.451111603343891950e-03 1.033243785863528254e-02 3.301713135988356557e-02 7.997839648707559534e-02 1.468597778646271723e-01 2.044230486341582775e-01 2.157017527075718866e-01 1.725338472990027849e-01 1.046144698987342830e-01 4.808460250060508923e-02 1.675394637835727132e-02 4.425119787064040605e-03 8.859919198603166419e-04 1.344718285153697485e-04 1.547140229174918683e-05 1.349350787692793798e-06 8.921068504658775120e-08 4.471010616848597089e-09 1.698600890329179256e-10
6.508229588067709686e-04 3.619143152887723761e-03 1.525616853908357343e-02 4.875082991982072900e-02 1.180906106561026847e-01 2.168430677608794988e-01 3.018370423229352340e-01 3.184904026044723113e-01 2.547516364582094184e-01 1.544665456727729036e-01 7.099842359767777333e-02 2.473772725662899685e-02 6.533828144019389501e-03 1.308194855714383620e-03 1.985518720419570272e-04 2.284401069023850306e-05 1.992358755700800509e-06 1.317223742526925069e-07 6.601587393401802918e-09 2.508037485252500936e-10
7.284543820837157020e-04 4.050841559036144970e-03 1.707595387611813079e-02 5.456592335098470886e-02 1.321766874559819616e-01 2.427085289438708493e-01 3.378407494389128463e-01 3.564805547951132025e-01 2.851389051505134331e-01 1.728916144675737565e-01 7.946725309996273412e-02 2.768849128482173821e-02 7.313195822131343671e-03 1.464238872291305461e-03 2.222355239665587420e-04 2.556888853795356124e-05 2.230011167605427592e-06 1.474344742213275327e-07 7.389037526040840529e-09 2.807201054972065211e-10
