2.413747279828271539e-06 2.578412015209687898e-06 2.087899809371072002e-06 1.281633386967735271e-06 5.963686283873734044e-07 2.103597210212725503e-07 5.624801518835786966e-08 1.140114942498032374e-08 1.751809561741202654e-09 2.040431252122733521e-10 1.801581279754030348e-11 1.205820251679157810e-12 6.117980748618348396e-14 2.353046220307228719e-15 6.860403018629503429e-17 1.516231867207521536e-18 2.540261524482620311e-20 3.226176028478268208e-22 3.105950349237128799e-24 2.266719482415870459e-26
2.692167115032248053e-05 2.875825524221993937e-05 2.328733937162969487e-05 1.429466658235827103e-05 6.651582886074139889e-06 2.346241994734094820e-06 6.273608593634750924e-07 1.271624407907549851e-07 1.953876502868293938e-08 2.275789998130912672e-09 2.009389266616414996e-10 1.344908663528979044e-11 6.823674839315641562e-13 2.624464337009119449e-14 7.651733699286144500e-16 1.691125498420212583e-17 2.833274467855775290e-19 3.598307529441291450e-21 3.464214112644799754e-23 2.528180021396881504e-25
2.276192835830259621e-04 2.431473669959558501e-04 1.968914735912167624e-04 1.208595762264050001e-04 5.623828189444229740e-05 1.983717574484178186e-05 5.304255763284408167e-06 1.075142160003461325e-06 1.651977573417694430e-07 1.924151313146734991e-08 1.698912904599433957e-09 1.137103060087719754e-10 5.769329733120725967e-12 2.218951003612042041e-13 6.469442900013847600e-15 1.429824962388289924e-16 2.395497296458460670e-18 3.042322957551712128e-20 2.928948690055498479e-22 2.137543847207961193e-24
1.458857621434232234e-03 1.558380221086718429e-03 1.261916926907432181e-03 7.746132538761350177e-04 3.604424232718747329e-04 1.271404362914479080e-04 3.399603858027852311e-05 6.890801647190831330e-06 1.058785545531235883e-06 1.233227151843177016e-07 1.088867340241760165e-08 7.287921477707651917e-10 3.697679089065531812e-11 1.422170183585437317e-12 4.146395653545831163e-14 9.164034834228844537e-16 1.535322242058105385e-17 1.949885775767202333e-19 1.877221934809700729e-21 1.369994705001222371e-23
7.087834764719655976e-03 7.571363610391851004e-03 6.131001773791617225e-03 3.763445225475969737e-03 1.751203339387268293e-03 6.177096319119954179e-04 1.651691711183975587e-04 3.347884176917155188e-05 5.144091436847096761e-06 5.991612993073938949e-07 5.290243321172055234e-08 3.540824166340487567e-09 1.796511051605531778e-10 6.909589476356601191e-12 2.014519225844111400e-13 4.452330626980072621e-15 7.459336814245368823e-17 9.473486641642242483e-19 9.120450615021424932e-21 6.656095807377801512e-23
2.610424157270639992e-02 2.788506099271133645e-02 2.258025993811074716e-02 1.386063396969708025e-02 6.449619175920997573e-03 2.275002449758161197e-03 6.083121413467186848e-04 1.233013751205067911e-04 1.894550451542001705e-05 2.206689605123075864e-06 1.948377667065068318e-07 1.304072858254400451e-08 6.616485857229551202e-10 2.544777055989629256e-11 7.419402154527521485e-13 1.639777422955259896e-14 2.747247031497994660e-16 3.489051198825709942e-18 3.359029294694275973e-20 2.451416245645803960e-22
7.287950170084657453e-02 7.785130797178027584e-02 6.304102296868550892e-02 3.869700999187545426e-02 1.800646191509383542e-02 6.351498259192306199e-03 1.698324987395044821e-03 3.442407147812815782e-04 5.289327884548069881e-05 6.160778062901373279e-06 5.439606169183882398e-07 3.640794536262253043e-08 1.847233105556932556e-09 7.104672367657813067e-11 2.071396445034096529e-12 4.578036146057917182e-14 7.669941076320844197e-16 9.740957693443353330e-18 9.377954173233753261e-20 6.844021648605320732e-22
1.542398267493531316e-01 1.647619971808677031e-01 1.334179876902080453e-01 8.189710381616845114e-02 3.810829521794930480e-02 1.344210605497676847e-02 3.594280225668258430e-03 7.285399456473175576e-04 1.119416293324820193e-04 1.303847198302243482e-05 1.151220704778624046e-06 7.705260126614705983e-08 3.909424564074124226e-09 1.503609944530851854e-10 4.383836625595020841e-12 9.688808039861348182e-14 1.623241590818581471e-15 2.061544867823969253e-17 1.984719973635808859e-19 1.448446667051576972e-21
2.474483044525384312e-01 2.643291145993886815e-01 2.140436457508539392e-01 1.313882406767510613e-01 6.113747166341315653e-02 2.156528843215360300e-02 5.766335234635679846e-03 1.168803013305571431e-03 1.795889360080170545e-04 2.091773475662544568e-05 1.846913455829084371e-06 1.236161628212253277e-07 6.271924055887872053e-09 2.412254598397328709e-10 7.033027479752236760e-12 1.554383956567732623e-13 2.604180695934177287e-15 3.307354480661142400e-17 3.184103630298750516e-19 2.323755669372500908e-21
3.009326124346095033e-01 3.214620976082639414e-01 2.603077585572513009e-01 1.597869364977833884e-01 7.435193021840523497e-02 2.622648233598463829e-02 7.012690307867859921e-03 1.421432023927860595e-03 2.184058920784012411e-04 2.543896423316528667e-05 2.246111536035529538e-06 1.503349756193964338e-07 7.627558795788082869e-09 2.933647412776443347e-10 8.553169671090562479e-12 1.890353727867596024e-13 3.167057061930957523e-15 4.022217191241946344e-17 3.872326487943730703e-19 2.826020027864569632e-21
2.774283556226017078e-01 2.963543911473925374e-01 2.399764944985337267e-01 1.473068228927351120e-01 6.854469368068495660e-02 2.417807033067392516e-02 6.464966109397943771e-03 1.310411476633499637e-03 2.013473614820145369e-04 2.345206110714494337e-05 2.070679628060240279e-06 1.385931047526986322e-07 7.031810467501294333e-09 2.704515709077285094e-10 7.885126766469598255e-12 1.742708183152858331e-13 2.919694963421009122e-15 3.708063052041884896e-17 3.569879519846034254e-19 2.605294530706172021e-21
1.938783252478640806e-01 2.071046159162902300e-01 1.677054270383259993e-01 1.029440557939150375e-01 4.790184617435835207e-02 1.689662822286591010e-02 4.517983748493799648e-03 9.157693412597425579e-04 1.407098028952486965e-04 1.638926316980052200e-05 1.447075939704278406e-06 9.685455179970040392e-08 4.914117858789225508e-09 1.890026616441968337e-10 5.510450323001122490e-12 1.217876028523376712e-13 2.040402713963135907e-15 2.591346702214285643e-17 2.494778376533075932e-19 1.820686783285608609e-21
1.027080516471895605e-01 1.097147479518783414e-01 8.884282262983972389e-02 5.453514922689415428e-02 2.537625226843622309e-02 8.951076722778693318e-03 2.393425400122577238e-03 4.851335737441057785e-04 7.454175026813772724e-05 8.682297445839930384e-06 7.665960089274590633e-07 5.130920279918510619e-08 2.603279506338008375e-09 1.001251434825992077e-10 2.919189732274138709e-12 6.451761633361380734e-14 1.080913954970841457e-15 1.372779399587534687e-17 1.321621826563999903e-19 9.645182974011386802e-22
4.124549703280162849e-02 4.405924597468109660e-02 3.567749868094245713e-02 2.190022397998440257e-02 1.019059480591414865e-02 3.594573185731838108e-03 9.611517174728636051e-04 1.948199294550874861e-04 2.993447436882079319e-05 3.486636809842467662e-06 3.078496077424160114e-07 2.060474848728295085e-08 1.045424924650060842e-09 4.020825283110499163e-11 1.172288145960489922e-12 2.590898289252399071e-14 4.340734013299111659e-16 5.512807199076905783e-18 5.307368629022473545e-20 3.873312358236147178e-22
1.255582955585111959e-02 1.341238250511243672e-02 1.086083632501176274e-02 6.666799997802563826e-03 3.102190073113746289e-03 1.094249105791805267e-03 2.925909010698884245e-04 5.930649414591043322e-05 9.112562220307364929e-06 1.061391440445562398e-06 9.371464721531674701e-08 6.272435263460630326e-09 3.182450961108723675e-10 1.224007481069818931e-11 3.568644145400620836e-13 7.887134270809797326e-15 1.321393129895492929e-16 1.678192106906383567e-18 1.615653118280550074e-20 1.179102042288603979e-22
2.897417648074385177e-03 3.095078154746629378e-03 2.506276363577416861e-03 1.538449043441639285e-03 7.158698854216523919e-04 2.525119233586051474e-04 6.751907842129151649e-05 1.368572916822563182e-05 2.102839838566497220e-06 2.449295984293569588e-07 2.162584889488153643e-08 1.447444356258067659e-09 7.343911079575542380e-11 2.824553217492578594e-12 8.235101058506037400e-14 1.820056725628872848e-15 3.049283010392007290e-17 3.872642110806434751e-19 3.728325426248724316e-21 2.720928195951412210e-23
5.068431833975542899e-04 5.414197935387656370e-04 4.384211200735434839e-04 2.691197836774080246e-04 1.252266037195883832e-04 4.417172897596327369e-05 1.181106378290339663e-05 2.394034751376015958e-06 3.678482591774702233e-07 4.284535833442014755e-08 3.782994179261947262e-09 2.532003992604342935e-10 1.284665078448185427e-11 4.940970610092002161e-13 1.440560299916628592e-14 3.183812127999380676e-16 5.334088819036160341e-18 6.774384966230335911e-20 6.521932828834048256e-22 4.759700105881224530e-24
6.720985188569069172e-05 7.179487723953338542e-05 5.813675611888221434e-05 3.568658195069452613e-05 1.660565193305553499e-05 5.857384412489456103e-06 1.566204051793929183e-06 3.174605604253947742e-07 4.877845421536409666e-08 5.681501265031361338e-09 5.016432829741651857e-10 3.357559475815892206e-11 1.703527885418893858e-12 6.551965455069708992e-14 1.910252471795799033e-15 4.221888516292061007e-17 7.073259170013131513e-19 8.983161362552292662e-21 8.648397646309869493e-23 6.311592019294535362e-25
6.755991369027649397e-06 7.216882010030968431e-06 5.843956079987383657e-06 3.587245513634602557e-06 1.669214229598470590e-06 5.887892537415488211e-07 1.574361609076647889e-07 3.191140504056485161e-08 4.903251627960695824e-09 5.711093304439155944e-10 5.042560867219691077e-11 3.375047288928578371e-12 1.712400692440492463e-13 6.586091298029256898e-15 1.920202001644914524e-16 4.243878178094721082e-18 7.110100165788113966e-20 9.029950063750574907e-22 8.693442734223348518e-24 6.344465879749418891e-26
5.148041666129233128e-07 5.499238713877325113e-07 4.453073983002181685e-07 2.733468467039203149e-07 1.271935373254555043e-07 4.486553409062275459e-08 1.199658009960918030e-08 2.431637842622023146e-09 3.736260498493007860e-10 4.351833015239022492e-11 3.842413648935116103e-12 2.571774165996533178e-13 1.304843306077370999e-14 5.018578409472684432e-16 1.463187172969329612e-17 3.233820248345374668e-19 5.417871324056706164e-21 6.880790195258161718e-23 6.624372793467818828e-25 4.834460690405826827e-27
