1.003737984824025770e-25 7.740802153022518427e-25 4.525310619471474145e-24 2.005430618752954149e-23 6.736955947375485632e-23 1.715602194340187088e-22 3.311816747455384313e-22 4.846328205885919192e-22 5.375961701310141740e-22 4.520602587794185958e-22 2.881597455006531568e-22 1.392409936837612009e-22 5.100323643959333409e-23 1.416201911506933297e-23 2.980913929901406735e-24 4.756313981095015839e-25 5.752921066896973805e-26 5.274765218907874430e-27 3.666187495396431912e-28 1.931625940904115458e-29
1.509033648600133074e-23 1.163762963311105239e-22 6.803414933377403121e-22 3.014992288213275779e-21 1.012843328382024782e-20 2.579260203374122380e-20 4.979031366222302329e-20 7.286037238217966453e-20 8.082295602556916876e-20 6.796336813064015070e-20 4.332233697509907926e-20 2.093368467769511476e-20 7.667897512949831854e-21 2.129137653438958424e-21 4.481547467380828078e-22 7.150708600549648843e-23 8.649021556367736897e-24 7.930155403248064559e-25 5.511797278051758242e-26 2.904033308896062870e-27
1.719785596954263657e-21 1.326294337059946531e-20 7.753581256044272676e-20 3.436066728536796823e-19 1.154297235014274476e-18 2.939480211508241305e-18 5.674403906338400657e-18 8.303606690800906000e-18 9.211070661345779495e-18 7.745514603998596875e-18 4.937274342774950267e-18 2.385728736617602375e-18 8.738797649691767600e-19 2.426493454081764244e-19 5.107441304319620390e-20 8.149378027885914208e-21 9.856945677908901083e-22 9.037682530649136655e-23 6.281576014503431650e-24 3.309611195448114537e-25
1.485752639562741838e-19 1.145808707558517419e-18 6.698453480267317568e-18 2.968477710639294443e-17 9.972174245438976651e-17 2.539467995850956477e-16 4.902216065024738608e-16 7.173630003994212181e-16 7.957603885350643606e-16 6.691484559495725978e-16 4.265397035545887299e-16 2.061072481353341892e-16 7.549599030035036000e-17 2.096289828609111140e-17 4.412407228403135864e-18 7.040389184075680665e-19 8.515586527132185602e-20 7.807810868530629553e-21 5.426762592203877637e-22 2.859230579830337676e-23
9.730060327384446113e-18 7.503798109669099789e-17 4.386756902034564452e-16 1.944029338121642784e-15 6.530687169559149166e-15 1.663074736745129492e-14 3.210417183886122254e-14 4.697945731110476229e-14 5.211363170700994819e-14 4.382193018537475476e-14 2.793370132481989285e-14 1.349777819582537504e-14 4.944164462761631086e-15 1.372841343364660768e-15 2.889645784777803026e-16 4.610687517235839856e-17 5.576780981283889345e-18 5.113265072035756005e-19 3.553937983921524061e-20 1.872484375315610015e-21
4.830380859959734818e-16 3.725177598738621625e-15 2.177756957708422994e-14 9.650918689203328901e-14 3.242087432638067939e-13 8.256150637059560735e-13 1.593776111940929180e-12 2.332243210950970616e-12 2.587123621752518055e-12 2.175491268211166328e-12 1.386737714744608410e-12 6.700822734428364439e-13 2.454475777730031400e-13 6.815319048009103938e-14 1.434532697764498404e-14 2.288924835525495002e-15 2.768531253230411356e-16 2.538423905384121002e-17 1.764313214657446411e-18 9.295741632394995143e-20
1.817791365154509740e-14 1.401876139578458928e-13 8.195436152751991591e-13 3.631878555263294137e-12 1.220077404036115335e-11 3.106992962370015964e-11 5.997772304645742936e-11 8.776805997741194872e-11 9.735983800350217662e-11 8.186909804781404465e-11 5.218635790176286788e-11 2.521684740647222022e-11 9.236797271459276434e-12 2.564772525276036420e-12 5.398500090632267941e-13 8.613788274948997032e-14 1.041866542656967009e-14 9.552714765326963618e-16 6.639545452030951897e-17 3.498216675240752398e-18
5.185653768974384632e-13 3.999163174714709841e-12 2.337930259135924450e-11 1.036074055559038608e-10 3.480541887238299948e-10 8.863387776144202183e-10 1.710997815989334764e-09 2.503778925029442130e-09 2.777405705448947338e-09 2.335497928928133708e-09 1.488731813396640257e-09 7.193666022498113459e-10 2.635001656525295231e-10 7.316583501940632675e-11 1.540042101554171609e-11 2.457274497469069928e-12 2.972155808011655529e-13 2.725124141105412918e-14 1.894077866008264613e-15 9.979440344139384102e-17
1.121398102621740229e-11 8.648194029133540619e-11 5.055776327264339466e-10 2.240511094340391877e-09 7.526675019833553529e-09 1.916708418605941848e-08 3.700034344598874139e-08 5.414424219200483558e-08 6.006142382539444188e-08 5.050516410961635411e-08 3.219383910364305921e-08 1.555630936409267177e-08 5.698193496279302340e-09 1.582211852599733776e-09 3.330342455512626549e-10 5.313858351996383924e-11 6.427289657750616071e-12 5.893083451749062439e-13 4.095945120492664538e-14 2.158054888681487568e-15
1.838285393756920087e-10 1.417681083012721309e-09 8.287832621424537775e-09 3.672824851091759082e-08 1.233832723648025530e-07 3.142021626197394400e-07 6.065392010360257311e-07 8.875756909602425999e-07 9.845748614014640095e-07 8.279210146240176860e-07 5.277471404207453515e-07 2.550114559487676285e-07 9.340934187886916268e-08 2.593688121696649123e-08 5.459363519399917710e-09 8.710901302695669925e-10 1.053612688630815504e-10 9.660413378811519783e-12 6.714400596031132783e-13 3.537656048743165410e-14
2.284351208309365756e-09 1.761685919920703122e-08 1.029890164351724560e-07 4.564047516775056155e-07 1.533226169717203071e-06 3.904443196205512044e-06 7.537178729043727063e-06 1.102948763558067852e-05 1.223485092114519130e-05 1.028818689722547110e-05 6.558066674501117363e-06 3.168907991695265114e-06 1.160754166426201077e-06 3.223054817765064407e-07 6.784095491643967103e-08 1.082462928980206604e-08 1.309275168337730765e-09 1.200454349993825062e-10 8.343671318233282206e-12 4.396079573375529401e-13
2.151838303421611843e-08 1.659492300174581297e-07 9.701472767882221861e-07 4.299291733034950319e-06 1.444285269184872939e-05 3.677950392464816593e-05 7.099954608509756752e-05 1.038967820492133344e-04 1.152511958450476426e-04 9.691379573193848308e-05 6.177639854700111915e-05 2.985082841790950395e-05 1.093419990361592724e-05 3.036088665204569785e-06 6.390556968599172291e-07 1.019670348473887210e-07 1.233325439056724624e-08 1.130817206403915635e-09 7.859663377691596826e-11 4.141067440273263539e-12
1.536573049328489803e-07 1.185001280050550577e-06 6.927575166878787662e-06 3.070014971700193974e-05 1.031327408124867276e-04 2.626330910107094576e-04 5.069897159811910092e-04 7.419005180590379240e-04 8.229795015582188353e-04 6.920367873043027380e-04 4.411295632248963660e-04 2.131571799523909933e-04 7.807834288083394855e-05 2.167993761848659886e-05 4.563334332572249131e-06 7.281206836838150192e-07 8.806863544033130066e-08 8.074878304351579253e-09 5.612385885943042006e-10 2.957031025081112570e-11
8.317515307960067938e-07 6.414446935067658928e-06 3.749916902599536347e-05 1.661808173320632610e-04 5.582605726650047024e-04 1.421640680092032226e-03 2.744350309602746219e-03 4.015929420756325294e-03 4.454812353593779958e-03 3.746015573155159727e-03 2.387847357156415353e-03 1.153826111964162274e-03 4.226403765283382992e-04 1.173541427764764208e-04 2.470146354779339094e-05 3.941338770212800609e-06 4.767181252763943923e-07 4.370955480164794496e-08 3.038001059624897395e-09 1.600649629249552182e-10
3.412957069559720846e-06 2.632063928202629785e-05 1.538717384834904279e-04 6.818959440878743540e-04 2.290731423493801936e-03 5.833471210867881111e-03 1.126099495307604677e-02 1.647871293282264157e-02 1.827959763561745610e-02 1.537116537777234206e-02 9.798143095495231991e-03 4.734537707555491227e-03 1.734236015860784368e-03 4.815436297998566015e-04 1.013584364109689954e-04 1.617264233521044270e-05 1.956135258677828794e-06 1.793550460013274744e-07 1.246594302490043000e-08 6.568005306593469379e-10
1.061609659577689727e-05 8.187107056598186641e-05 4.786222638632785025e-04 2.121056041188122427e-03 7.125382936600742692e-03 1.814517223659245504e-02 3.502763373517420176e-02 5.125748865381733743e-02 5.685918992725087079e-02 4.781243159942336757e-02 3.047739290035673954e-02 1.472690942644676142e-02 5.394388704288151197e-03 1.497854671138825139e-03 3.152781971191236489e-04 5.030544766321757156e-05 6.084612386644461611e-06 5.578887910054282998e-07 3.877565776907533271e-08 2.042996069252236321e-09
2.503200961656634608e-05 1.930462300561110102e-04 1.128557658046778394e-03 5.001301065913274502e-03 1.680115215432956624e-02 4.278504079374346319e-02 8.259269841734888373e-02 1.208615555941538883e-01 1.340699734792644149e-01 1.127383531970021224e-01 7.186355034420928434e-02 3.472501734128573270e-02 1.271958941810628560e-02 3.531836037275813515e-03 7.434038293622047917e-04 1.186167098528726534e-04 1.434708834847566396e-05 1.315462557770789989e-06 9.143027565803239175e-08 4.817241138562456374e-09
4.474282401977723703e-05 3.450555361470338152e-04 2.017211460990376171e-03 8.939447407130584125e-03 3.003078880543287588e-02 7.647502458797962588e-02 1.476282019387014921e-01 2.160308898701807923e-01 2.396399378877263620e-01 2.015112799427278001e-01 1.284506612029822359e-01 6.206834224594636601e-02 2.273530410285195050e-02 6.312889804019474610e-03 1.328778121384574344e-03 2.120183978852296350e-04 2.564433535321151267e-05 2.351289833637337351e-06 1.634247028708280617e-07 8.610454207435569408e-09
6.062446040839480026e-05 4.675343174717074782e-04 2.733228378658340667e-03 1.211253843000528567e-02 4.069033206672621750e-02 1.036201268457186686e-01 2.000293964377233835e-01 2.927118798790176446e-01 3.247010497219163794e-01 2.730384789152536240e-01 1.740447143231325655e-01 8.409973754541756608e-02 3.080528718631885682e-02 8.553674167217733409e-03 1.800432994033024760e-03 2.872751385286471341e-04 3.474689019703299962e-05 3.185889146491956393e-06 2.214329257484254620e-07 1.166676783669794061e-08
6.226861410814254669e-05 4.802139895488172954e-04 2.807354358844459108e-03 1.244103413518557640e-02 4.179386617755865424e-02 1.064303360215867605e-01 2.054542541601000749e-01 3.006503145804764188e-01 3.335070403833747532e-01 2.804433650331325523e-01 1.787648596085213704e-01 8.638054786029121523e-02 3.164073589065347775e-02 8.785652397353380799e-03 1.849261281301005540e-03 2.950661271605564684e-04 3.568923636700022860e-05 3.272291423591079822e-06 2.274382536583597656e-07 1.198317410858203334e-08
