3.882260535941325919e-01 3.468870850866205835e-01 2.349570085318316015e-01 1.206383800194037459e-01 4.695473660199084298e-02 1.385383912157971478e-02 3.098544166043553424e-03 5.253419249778345851e-04 6.751857235147989023e-05 6.578111943224341315e-06 4.858207815448916026e-07 2.719867428524661634e-08 1.154293376272308619e-09 3.713483429067172355e-11 9.056149773995327764e-13 1.674181436051705867e-14 2.346163461851022093e-16 2.492360337271716299e-18 2.007059350848484994e-20 1.225198392881830599e-22
3.953694585975446318e-01 3.532698482120890104e-01 2.392802450967007888e-01 1.228581403869937611e-01 4.781870927273595973e-02 1.410875138926852637e-02 3.155557742783430923e-03 5.350082781260755670e-04 6.876092201630443668e-05 6.699149975920005331e-06 4.947599410101592758e-07 2.769913308798971121e-08 1.175532510027326932e-09 3.781811960503182871e-11 9.222783993951198042e-13 1.704986571194473884e-14 2.389333145227628813e-16 2.538220060334467453e-18 2.043989478737285107e-20 1.247742187273934457e-22
3.052237881987934220e-01 2.727230416587776429e-01 1.847234814459801922e-01 9.484603882402738162e-02 3.691587014023312713e-02 1.089190490601610849e-02 2.436079133549881939e-03 4.130244504636317363e-04 5.308318242968242389e-05 5.171719486414716363e-06 3.819528801739115016e-07 2.138363029083819821e-08 9.075068345797732923e-10 2.919545118469235497e-11 7.119955796177073612e-13 1.316243449693917350e-14 1.844556523010710843e-16 1.959496681523054597e-18 1.577952464896197483e-20 9.632524435400670005e-23
1.786201532993829666e-01 1.596003764871609110e-01 1.081021134315609949e-01 5.550489394867545029e-02 2.160355332243603724e-02 6.374056673353971879e-03 1.425618988781780002e-03 2.417062283826898277e-04 3.106483357395950452e-05 3.026544336325276375e-06 2.235228204604096733e-07 1.251392410528360893e-08 5.310824915366742254e-10 1.708548339901323125e-11 4.166672602102938022e-13 7.702794338248315315e-15 1.079453770146386753e-16 1.146717953108294248e-18 9.234342868299805638e-21 5.637054049636228593e-23
7.923906763279039978e-02 7.080155734436177628e-02 4.795601458864400674e-02 2.462295527301591389e-02 9.583719368753986639e-03 2.827644577085241390e-03 6.324298651862144457e-04 1.072251693009201162e-04 1.378091107358186282e-05 1.342628739981859236e-06 9.915868708413896981e-08 5.551398653589657867e-09 2.355976114012813321e-10 7.579423427793029044e-12 1.848409857583913268e-13 3.417096168912779031e-15 4.788648353455171295e-17 5.087044197626769863e-19 4.096518257148512582e-21 2.500697143284574480e-23
2.664680079081907516e-02 2.380940425722830045e-02 1.612682235721316776e-02 8.280296621887416053e-03 3.222847876476316476e-03 9.508905645130298796e-04 2.126758067103744784e-04 3.605806846900744061e-05 4.634294711738484634e-06 4.515040577726336884e-07 3.334544259979153455e-08 1.866844455037606351e-09 7.922761846335547150e-11 2.548835974769726701e-12 6.215899647264719903e-14 1.149113481724131845e-15 1.610344020239337003e-17 1.710689655971660434e-19 1.377592003480588686e-21 8.409434967619419286e-24
6.792780998687230135e-03 6.069474159325219734e-03 4.111036568225670713e-03 2.110806546654188289e-03 8.215657852829571627e-04 2.424002569449364478e-04 5.421514537686847031e-05 9.191893776232475295e-06 1.181370675877154984e-06 1.150970508071207127e-07 8.500393374154001947e-09 4.758944850915553698e-10 2.019664069596480442e-11 6.497472140877624214e-13 1.584552132360826726e-14 2.929310833696918943e-16 4.105076008148863035e-18 4.360876294665271308e-20 3.511746441400390722e-22 2.143726389751914995e-24
1.312644037829730631e-03 1.172871474811211642e-03 7.944209656728689261e-04 4.078944439711886514e-04 1.587602235292128578e-04 4.684167679020683172e-05 1.047659086208899339e-05 1.776251076557245002e-06 2.282892933625743235e-07 2.224147334397359710e-08 1.642624822432368665e-09 9.196234334835822301e-11 3.902819772766259336e-12 1.255578248192611914e-13 3.062004957285967002e-15 5.660630604086017602e-17 7.932691408682021175e-19 8.427002532558664589e-21 6.786135206721446946e-23 4.142559085579122218e-25
1.922839995467055384e-04 1.718092732160771303e-04 1.163715647205414893e-04 5.975083329471033583e-05 2.325615313013431424e-05 6.861650759170542126e-06 1.534674088725222962e-06 2.601959490588658083e-07 3.344118977908386381e-08 3.258064888224808247e-09 2.406215710499903509e-10 1.347119758068289278e-11 5.717085316276774752e-13 1.839246591981536435e-14 4.485409165399017679e-16 8.292032425711828968e-18 1.162028384902492966e-19 1.234438053617079234e-21 9.940739312468271753e-24 6.068269891742126256e-26
2.135188113355129111e-05 1.907829662374195944e-05 1.292230150764482881e-05 6.634939428901396451e-06 2.582443772903115005e-06 7.619414602106018327e-07 1.704155249446160423e-07 2.889305916682369317e-08 3.713425510239040435e-09 3.617868069250135673e-10 2.671945245230780625e-11 1.495888426220603444e-12 6.348449501325371179e-14 2.042363103526982270e-15 4.980753654007407936e-17 9.207759934614136346e-19 1.290356556278303826e-20 1.370762759756411504e-22 1.103854115162019150e-24 6.738417014428377130e-27
1.797322282548380429e-06 1.605940358155965468e-06 1.087751486448803557e-06 5.585046303102893363e-07 2.173805533777386567e-07 6.413741046366504671e-08 1.434494779918225783e-08 2.432110722549903034e-09 3.125824077227876483e-10 3.045387362130767076e-11 2.249144558722884564e-12 1.259183480760297347e-13 5.343889691496934766e-15 1.719185626813749028e-16 4.192613976370010971e-18 7.750751326932745993e-20 1.086174363994153991e-21 1.153857328442301224e-23 9.291835157071488622e-26 5.672149902569679412e-28
1.146865777291911435e-07 1.024745564568170050e-07 6.940908517740800708e-08 3.563800733910384038e-08 1.387098572907139763e-08 4.092588280862279973e-09 9.153466725285667467e-10 1.551922313188202085e-10 1.994578654488592880e-11 1.943252235916713606e-12 1.435172171194714249e-13 8.034810759524526671e-15 3.409919447563451140e-16 1.097007019469677313e-17 2.675293982377401921e-19 4.945730396529325060e-21 6.930844948244130590e-23 7.362727846402969292e-25 5.929091211607007528e-27 3.619381270733100214e-29
5.547483866180200730e-09 4.956778377156775239e-09 3.357374400840572785e-09 1.723839656313762710e-09 6.709509609898614793e-10 1.979618531526114731e-10 4.427606960078883359e-11 7.506775565581533247e-12 9.647940608822018283e-13 9.399670510808764832e-14 6.942045549299714053e-15 3.886503890762478177e-16 1.649406015497276040e-17 5.306312963635936669e-19 1.294061650315521432e-20 2.392290372985827716e-22 3.352506569702496723e-24 3.561411871181859097e-26 2.867950067807182491e-28 1.750724418018447423e-30
2.034118836934881728e-10 1.817522413891882072e-10 1.231062347567525804e-10 6.320874114010942664e-11 2.460203619030597664e-11 7.258749087079970591e-12 1.623488943329157705e-12 2.752540422097000598e-13 3.537650257926219259e-14 3.446616034988634790e-15 2.545468533000653327e-16 1.425080444526684881e-17 6.047945206890565233e-19 1.945687705340870162e-20 4.744989336714058263e-22 8.771909983866474285e-24 1.229277439805410104e-25 1.305877610103396291e-27 1.051603104585891036e-29 6.419453580899365409e-32
5.653968893325067421e-12 5.051924698042980368e-12 3.421819852658562092e-12 1.756929092357921216e-12 6.838299946233698667e-13 2.017617692614471781e-13 4.512595733134197843e-14 7.650869576335599585e-15 9.833134697242122201e-16 9.580099006617202465e-17 7.075299458024865952e-18 3.961106085611480368e-19 1.681066683391038327e-20 5.408168668600970572e-22 1.318901414303129678e-23 2.438210849989613945e-25 3.416858582559078830e-27 3.629773861757234270e-29 2.923000924769969686e-31 1.784329912270068176e-33
1.191316967646609911e-13 1.064463516797342271e-13 7.209930099747715631e-14 3.701929526264217948e-14 1.440860908418289059e-14 4.251212266613757268e-15 9.508244503005935979e-16 1.612073026135736141e-16 2.071886214975270277e-17 2.018570443815367222e-18 1.490797783743881407e-19 8.346230726540144096e-21 3.542083979332580703e-22 1.139525742068610349e-23 2.778985281237378045e-25 5.137421183413112841e-27 7.199476477943066411e-29 7.648098657452097972e-31 6.158895925720878522e-33 3.759664300375373219e-35
1.902821541722999365e-15 1.700205877316982913e-15 1.151600344887112776e-15 5.912877462352676294e-16 2.301403614338676135e-16 6.790214946178261182e-17 1.518696783109702046e-17 2.574870806231642458e-18 3.309303761233214705e-19 3.224145570229649704e-20 2.381164890872470965e-21 1.333095057818577310e-22 5.657565435150699614e-24 1.820098419012242741e-25 4.438712115144009307e-27 8.205705082849412949e-29 1.149930648467170789e-30 1.221586468911904799e-32 9.837247482374553509e-35 6.005093870637565995e-37
2.303910535994594821e-17 2.058586235345847247e-17 1.394342091291429186e-17 7.159231901076735582e-18 2.786508307999165322e-18 8.221500236959912573e-19 1.838817483860972045e-19 3.117618677960900164e-20 4.006860146962560678e-21 3.903751763345200348e-22 2.883082180714623121e-23 1.614093430122439188e-24 6.850103558487056318e-26 2.203750500066522440e-27 5.374332476322064555e-29 9.935356511952533883e-31 1.392320445493613841e-32 1.479080341820240978e-34 1.191080593890414329e-36 7.270886278526529729e-39
2.114608539384829878e-19 1.889441436337356757e-19 1.279775254726069600e-19 6.570989922105496514e-20 2.557553416725046125e-20 7.545976432684979164e-21 1.687730097585539385e-21 2.861457932486849725e-22 3.677634417879003492e-23 3.582997987742946511e-24 2.646192247415341463e-25 1.481470611543689304e-26 6.287261269107335311e-28 2.022678204430586485e-29 4.932747678510741838e-31 9.119012823532940077e-33 1.277919718497183343e-34 1.357550943226675050e-36 1.093214843018605749e-38 6.673470160086270939e-41
1.471265908939154780e-21 1.314603020107394535e-21 8.904199847458050042e-22 4.571850193695441589e-22 1.779450466710533514e-22 5.250209515515093474e-23 1.174259778970978630e-23 1.990895916440476815e-24 2.558761134172258878e-25 2.492916628766343198e-26 1.841122065672662372e-27 1.030752106247314923e-28 4.374442358263675646e-30 1.407304203830887158e-31 3.432022221428718681e-33 6.344669682619433477e-35 8.891289717069836313e-37 9.445334137346591173e-39 7.606181946789273721e-41 4.643152128627103156e-43
