8.548178012610058740e-13 1.822662916295136937e-11 2.946021940504469109e-10 3.609627741496071464e-09 3.352630363370121361e-08 2.360509494169722185e-07 1.259861047484143961e-06 5.097255052640452089e-06 1.563316461281422191e-05 3.634580198629674063e-05 6.405579578095608713e-05 8.557746647596538271e-05 8.666769346053514514e-05 6.653526202614950202e-05 3.872071105130354577e-05 1.708171988149303404e-05 5.712374698942128542e-06 1.448100146764541736e-06 2.782770095194482791e-07 4.053711873959340773e-08
6.199062034708733556e-12 1.321778801261389109e-10 2.136428691337466254e-09 2.617669667001650705e-08 2.431297473136462578e-07 1.711820316129459106e-06 9.136399332052155212e-06 3.696483652006055104e-05 1.133703077903713358e-04 2.635764965141367835e-04 4.645268864815519467e-04 6.206001122989448972e-04 6.285063406195198158e-04 4.825077533332322957e-04 2.807991240717888463e-04 1.238751006924347935e-04 4.142562903112801824e-05 1.050149239875652230e-05 2.018039917160747637e-06 2.939715497318768977e-07
3.407808851485336418e-11 7.266211361370677085e-10 1.174458420345382325e-08 1.439010903831359727e-07 1.336556563421718777e-06 9.410385624141425791e-06 5.022550563318389685e-05 2.032067051135575406e-04 6.232303148774612439e-04 1.448958427638273724e-03 2.553642513401842805e-03 3.411623474783480239e-03 3.455086364333326970e-03 2.652488688631987526e-03 1.543636335857592745e-03 6.809782871259026414e-04 2.277290088407039133e-04 5.772982839970873634e-05 1.109376588562281592e-05 1.616049079122051217e-06
1.420107726259210190e-10 3.027987585165585325e-09 4.894222503635167429e-08 5.996669976989641580e-07 5.569720559503663522e-06 3.921511421069605237e-05 2.093005556161752119e-04 8.468063337345375875e-04 2.597135649233031467e-03 6.038123462296446191e-03 1.064158120783481598e-02 1.421697362372780458e-02 1.439809289404247496e-02 1.105349461986294794e-02 6.432666803275540780e-03 2.837783951822154052e-03 9.489960823567850394e-04 2.405726932433772947e-04 4.623012420610704516e-05 6.734426381558985140e-06
4.486050656327366135e-10 9.565264270172540269e-09 1.546060884583706119e-07 1.894318634327511277e-06 1.759447407369482889e-05 1.238786224382071321e-04 6.611701897889978724e-04 2.675019675611987197e-03 8.204224136223322097e-03 1.907413587022228560e-02 3.361623310614580973e-02 4.491072238844479730e-02 4.548286928015202873e-02 3.491744737194408393e-02 2.032047893351311349e-02 8.964420321211160822e-03 2.997832079488089475e-03 7.599573387729776763e-04 1.460386949539399352e-04 2.127372264114182931e-05
1.074246322890316953e-09 2.290533646831191381e-08 3.702254716821008981e-07 4.536205636551858467e-06 4.213237995918969032e-05 2.966443422819229530e-04 1.583262650375417361e-03 6.405701295709414177e-03 1.964613930089056590e-02 4.567563295790240396e-02 8.049867816977594737e-02 1.075448809658158256e-01 1.089149651259283119e-01 8.361461409518657073e-02 4.866017226735401546e-02 2.146653327091093549e-02 7.178719846799934932e-03 1.819822020018688332e-03 3.497096735470355509e-04 5.094284499262551362e-05
1.950025980931655196e-09 4.157891934413443371e-08 6.720519057866826052e-07 8.234348731420242627e-06 7.648081618548184339e-05 5.384837371281327037e-04 2.874018032069174892e-03 1.162795132415483761e-02 3.566266064440665184e-02 8.291270732373920427e-02 1.461252512732561237e-01 1.952208795421267462e-01 1.977079252516190655e-01 1.517814549576408933e-01 8.833039325901298477e-02 3.896713138024317929e-02 1.303117349606128239e-02 3.303432503413186380e-03 6.348105966656168459e-04 9.247401565305304123e-05
2.683327854937351963e-09 5.721455690605987803e-08 9.247751652516788306e-07 1.133085278573136588e-05 1.052412154738566842e-04 7.409790563797227303e-04 3.954784560028759728e-03 1.600061024266625359e-02 4.907350549380620763e-02 1.140918014762876964e-01 2.010752476558876900e-01 2.686331510775485376e-01 2.720554434439275693e-01 2.088584510839044672e-01 1.215467932156680114e-01 5.362061330570273149e-02 1.793151022931326402e-02 4.545679155043372624e-03 8.735293648900113858e-04 1.272486133447300655e-04
2.799006452877547877e-09 5.968108357833539566e-08 9.646423377738113905e-07 1.181932726018235419e-05 1.097781773770162782e-04 7.729227557630605292e-04 4.125275814840535619e-03 1.669039854253927951e-02 5.118907042601854307e-02 1.190103132440404887e-01 2.097436266191634313e-01 2.802139596692863055e-01 2.837837874857057630e-01 2.178623649160854880e-01 1.267866906055617748e-01 5.593220462186782732e-02 1.870453986803613175e-02 4.741643949421310913e-03 9.111873245776936497e-04 1.327343169103482445e-04
2.213252073873641212e-09 4.719148891742680376e-08 7.627694650111647531e-07 9.345870047386517268e-06 8.680465116326022547e-05 6.111714713547903568e-04 3.261970061951845884e-03 1.319756128110246250e-02 4.047661846709070532e-02 9.410475718229709130e-02 1.658501058900384573e-01 2.215729537632205592e-01 2.243957156793067453e-01 1.722698175539494336e-01 1.002537545541741515e-01 4.422714629628958505e-02 1.479019871898604697e-02 3.749349449994366333e-03 7.205011027165295285e-04 1.049567077182017127e-04
1.326644862069909281e-09 2.828703835625895005e-08 4.572114508085843432e-07 5.602005585490416128e-06 5.203155385186578161e-05 3.663421360303809396e-04 1.955256644282872980e-03 7.910746847187618419e-03 2.426207956934040011e-02 5.640730854200860095e-02 9.941216974336003487e-02 1.328129877990627816e-01 1.345049788004619717e-01 1.032602074772598633e-01 6.009307749104871726e-02 2.651018250049388611e-02 8.865389248317508478e-03 2.247396599174564160e-03 4.318753825277835048e-04 6.291207344964862226e-05
6.028028519623351518e-10 1.285310626999006454e-08 2.077484143474770370e-07 2.545447572437515810e-06 2.364217429297495177e-05 1.664590808790620603e-04 8.884324020620298088e-04 3.594496837078508047e-03 1.102423955128149780e-02 2.563043617233739038e-02 4.517104852579850033e-02 6.034776156898494920e-02 6.111657093937414298e-02 4.691952559511327475e-02 2.730518131150675223e-02 1.204573588172354846e-02 4.028268661368695699e-03 1.021175386274167200e-03 1.962361742191357774e-04 2.858608085900353458e-05
2.076312587077089784e-10 4.427163249899028176e-09 7.155749947943598113e-08 8.767617500799513002e-07 8.143382850723706725e-06 5.733567512784009307e-05 3.060143748762129317e-04 1.238099488537459068e-03 3.797222801578428036e-03 8.828225855876533149e-03 1.555885416272807797e-02 2.078636763905680404e-02 2.105117869089663529e-02 1.616110495424568846e-02 9.405080195779484328e-03 4.149070123077563260e-03 1.387509182894609058e-03 3.517367745079680221e-04 6.759218826597424782e-05 9.846277155049209542e-06
5.421344364127775703e-11 1.155951983496917884e-09 1.868398086725624003e-08 2.289263862321457824e-07 2.126273423254389534e-06 1.497059937662636195e-05 7.990171214598757235e-05 3.232732742742283356e-04 9.914717351713672050e-04 2.305088972965245106e-03 4.062485911436621716e-03 5.427412893032988218e-03 5.496556234569611663e-03 4.219736267414173243e-03 2.455708202652526727e-03 1.083340633203143692e-03 3.622848089290107878e-04 9.184003372149564953e-05 1.764862050134064831e-05 2.570906687865890901e-06
1.073045337400970377e-11 2.287972876908979718e-10 3.698115671521971785e-09 4.531134251125531379e-08 4.208527681730833961e-07 2.963126999546596982e-06 1.581492595008774445e-05 6.398539852247788092e-05 1.962417531765942469e-04 4.562456853140142298e-04 8.040868228863257833e-04 1.074246479813119196e-03 1.087932004152639609e-03 8.352113466120024291e-04 4.860577118674802989e-04 2.144253412433198640e-04 7.170694184356988523e-05 1.817787496099299352e-05 3.493187052612106567e-06 5.088589193044740013e-07
1.610000342569678902e-12 3.432881153498824213e-11 5.548663500494596544e-10 6.798526998133063251e-09 6.314487163899472947e-08 4.445884361142151704e-07 2.372876085462253133e-06 9.600387788848114374e-06 2.944416967563118892e-05 6.845523521221120685e-05 1.206454205782542515e-04 1.611802540135456288e-04 1.632336340625416618e-04 1.253153531630255728e-04 7.292824033984473652e-05 3.217244051342098423e-05 1.075893039267093368e-05 2.727413641745440836e-06 5.241188005147528264e-07 7.634934012985713236e-08
1.831178516390637628e-13 3.904482534193821080e-12 6.310926232828945390e-11 7.732493126189660262e-10 7.181957003873601358e-09 5.056649811320332385e-08 2.698856388328721934e-07 1.091926715984339853e-06 3.348914252833038118e-06 7.785945924396243289e-06 1.372194132028586328e-05 1.833228295746262962e-05 1.856582982899342604e-05 1.425308904716007624e-05 8.294695561079814920e-06 3.659221698922264493e-06 1.223696770334613128e-06 3.102099505211043575e-07 5.961210455441318470e-08 8.683803828466896875e-09
1.578818548448318478e-14 3.366394587911733673e-13 5.441199372477715803e-12 6.666856051500900511e-11 6.192190892575442275e-10 4.359778385155070469e-09 2.326919242090227164e-08 9.414451607592843526e-08 2.887390766224897143e-07 6.712942366144509197e-07 1.183088119660153703e-06 1.580585841826826071e-06 1.600721952501152539e-06 1.228882993051748030e-06 7.151579754975154615e-07 3.154933852397051080e-07 1.055055605659170957e-07 2.674590267481464709e-08 5.139678930269325632e-09 7.487063895055728889e-10
1.031883278585245333e-15 2.200206152758974962e-14 3.556255817634306569e-13 4.357319773725598745e-12 4.047088404260410224e-11 2.849461338290166879e-10 1.520826480592716314e-09 6.153091626946389480e-09 1.887139122692182355e-08 4.387440839568857994e-08 7.732420226314133620e-08 1.033038345130052165e-07 1.046198892249922539e-07 8.031726084762258209e-08 4.674125200695398404e-08 2.061999772254137606e-08 6.895626090327519944e-09 1.748057100541021580e-09 3.359188268122507223e-10 4.893390723462367316e-11
5.112410865488111701e-17 1.090080445639237730e-15 1.761928045530106969e-14 2.158810925412319037e-13 2.005108442100089552e-12 1.411750476917878945e-11 7.534853975504134495e-11 3.048516546665423163e-10 9.349730493517468968e-10 2.173734247409381794e-09 3.830986508060074714e-09 5.118133581299688315e-09 5.183336812602794591e-09 3.979276005001262921e-09 2.315770490578115360e-09 1.021606828900196264e-09 3.416401300432706772e-10 8.660656006125351608e-11 1.664291975417555986e-11 2.424404428571340359e-12
