5.180655746836247305e-26 3.511719868318175207e-25 1.804478925778688678e-24 7.028790249073461268e-24 2.075420833285708454e-23 4.645458447914007495e-23 7.882206476250251766e-23 1.013827001839313644e-22 9.885001055130505108e-23 7.306113347056389047e-23 4.093482240568333638e-23 1.738586227472098484e-23 5.597529341608580972e-24 1.366134131907294365e-24 2.527476490548675216e-25 3.544685647064660595e-26 3.768470745681120993e-27 3.037032148286513527e-28 1.855369655540206723e-29 8.592278181597831105e-31
8.530617083810675956e-24 5.782499159595152542e-23 2.971307012828345872e-22 1.157380862719639673e-21 3.417447767560237100e-21 7.649345784480757251e-21 1.297906838636906170e-20 1.669396764531316978e-20 1.627692766999216347e-20 1.203045683410209207e-20 6.740445850893089309e-21 2.862806196456625543e-21 9.217053161237003342e-22 2.249515840063710673e-22 4.161815643197548757e-23 5.836781561109213069e-24 6.205272555039016525e-25 5.000864677039517389e-26 3.055105155365886375e-27 1.414829292402875282e-28
1.064812108607239215e-21 7.217854303686096822e-21 3.708856762136958346e-20 1.444670584538355715e-19 4.265740365180455982e-19 9.548097088657954363e-19 1.620078482068451154e-18 2.083781127998577596e-18 2.031725196858751567e-18 1.501670510254135227e-18 8.413586366528414227e-19 3.573423437758074139e-19 1.150494708101190753e-19 2.807899688229403990e-20 5.194878221738417137e-21 7.285610900716040900e-22 7.745570207755819102e-23 6.242199373505590355e-24 3.813455615861276223e-25 1.766023896468001771e-26
1.007540084949503185e-19 6.829634523785678119e-19 3.509372054452616751e-18 1.366967478773022347e-17 4.036303095320775588e-17 9.034542783698708181e-17 1.532940880605809042e-16 1.971702798783880008e-16 1.922446749891509836e-16 1.420901604365291520e-16 7.961052897444848397e-17 3.381223151893482982e-17 1.088614156961838462e-17 2.656873891215161804e-18 4.915466308585385934e-19 6.893746761968931856e-20 7.328966680621367533e-21 5.906456205949646939e-22 3.608344950342076632e-23 1.671036469520972375e-24
7.226841093641381649e-18 4.898731491513803399e-17 2.517187609192338294e-16 9.804926768510007751e-16 2.895142487270671716e-15 6.480258803278021098e-15 1.099541379600802878e-14 1.414254680637666326e-14 1.378924509306206840e-14 1.019178319338303111e-14 5.710270498150028393e-15 2.425269504001931757e-15 7.808365783328493751e-16 1.905711316549633992e-16 3.525744974709862203e-17 4.944717647740160928e-18 5.256890358272734720e-19 4.236558035215978393e-20 2.588178471179381560e-21 1.198594002095004951e-22
3.929447554127054144e-16 2.663585407266089328e-15 1.368669459595923189e-14 5.331229095768519791e-14 1.574174721437369702e-13 3.523508649865814105e-13 5.978532153606340663e-13 7.689721586149191019e-13 7.497620980190880524e-13 5.541574392256793688e-13 3.104843202115239116e-13 1.318690863285257037e-13 4.245639752066214602e-14 1.036191687994493271e-14 1.917051971647643188e-15 2.688589442468462793e-16 2.858326991415897614e-17 2.303542086188126043e-18 1.407269293933749984e-19 6.517110600463490422e-21
1.619613198904701224e-14 1.097858674176010875e-13 5.641289497224930619e-13 2.197390063349412127e-12 6.488327229471018339e-12 1.452296038353745465e-11 2.464191073344927067e-11 3.169497596105817129e-11 3.090318863563402648e-11 2.284088769421241184e-11 1.279733336914964383e-11 5.435291088714635342e-12 1.749939167153104238e-12 4.270905035260214810e-13 7.901575561189971542e-14 1.108164668818211454e-14 1.178125947302837052e-15 9.494584456546043560e-17 5.800387691838598726e-18 2.686178706252588922e-19
5.060436009474317827e-13 3.430228632287724163e-12 1.762605079467869185e-11 6.865683615664773665e-11 2.027259642948848774e-10 4.537658234615696767e-10 7.699295887569246400e-10 9.903006333933877948e-10 9.655614605085818805e-10 7.136571290868590157e-10 3.998490914391632084e-10 1.698241454558855210e-10 5.467635841594623615e-11 1.334432298285294046e-11 2.468825120002046003e-12 3.462429423461881472e-13 3.681021475657977263e-14 2.966556280931360452e-15 1.812314864101004222e-16 8.392890019787725037e-18
1.198564435695584729e-11 8.124497646580979055e-11 4.174730711881951983e-10 1.626137390744024649e-09 4.801565132747977968e-09 1.074744502483405786e-08 1.823578484830281436e-08 2.345527376712004564e-08 2.286932637577395045e-08 1.690297145547698209e-08 9.470427049110287253e-09 4.022285445063118481e-09 1.295009729359383248e-09 3.160603338474826203e-10 5.847413110740482027e-11 8.200765231094147819e-12 8.718500578794292805e-13 7.026289529512394461e-14 4.292468353175735109e-15 1.987856277915262298e-16
2.151947421056509647e-10 1.458702697764694498e-09 7.495467679070646837e-09 2.919627898240055302e-08 8.620909645508807037e-08 1.929636481389175329e-07 3.274121023995876274e-07 4.211247588373140941e-07 4.106044401950358443e-07 3.034822721958690085e-07 1.700355897245466819e-07 7.221761744693668867e-08 2.325108908909609639e-08 5.674665458654553768e-09 1.049866422593065627e-09 1.472396065172853244e-10 1.565352206127139052e-11 1.261526304495725278e-12 7.706858244314970352e-14 3.569071518635678430e-15
2.928860886504820484e-09 1.985335345426121117e-08 1.020154205278540372e-07 3.973695579469746808e-07 1.173330018185413710e-06 2.626289453084705328e-06 4.456170681046029095e-06 5.731626258283916614e-06 5.588441766490855414e-06 4.130478970279399153e-06 2.314232137760619295e-06 9.829020587922006874e-07 3.164538535437771581e-07 7.723379085950625633e-08 1.428897691040205496e-08 2.003972403104141244e-09 2.130488322005056609e-10 1.716972735663077983e-11 1.048925054987139591e-12 4.857606589169476317e-14
3.021778675289417296e-08 2.048319890422049822e-07 1.052518484992384447e-06 4.099760633719568821e-06 1.210553783679607884e-05 2.709608196495608576e-05 4.597542204711546279e-05 5.913461469547565905e-05 5.765734465535179152e-05 4.261517960320891017e-05 2.387650897240031111e-05 1.014084518264962362e-05 3.264933171656702542e-06 7.968402436126910271e-07 1.474229312785240179e-07 2.067548206700596368e-08 2.198077829183171112e-09 1.771443506445106591e-10 1.082202086736662268e-11 5.011713622771112292e-13
2.363324619882235255e-07 1.601985236713366374e-06 8.231717527179309302e-06 3.206411283700477140e-05 9.467707162198446796e-05 2.119176964672787032e-04 3.595724853112150488e-04 4.624901616385999371e-04 4.509364741214133879e-04 3.332921234786362309e-04 1.867375064651561071e-04 7.931126552236540661e-05 2.553495068962145076e-05 6.232065178176779704e-06 1.152990607402356249e-06 1.617023648901386636e-07 1.719110500251430673e-08 1.385440993990486976e-09 8.463872143209620705e-11 3.919647156607114165e-12
1.401138045826203839e-06 9.497647699886626490e-06 4.880316699954684106e-05 1.900976616738773843e-04 5.613094621067549498e-04 1.256390868212380269e-03 2.131787927749562508e-03 2.741953246035424337e-03 2.673455203008546100e-03 1.975980238395656091e-03 1.107105738627157856e-03 4.702106119960264329e-04 1.513883899339545590e-04 3.694788075980548524e-05 6.835705061085538556e-06 9.586805538332458978e-07 1.019204516644701861e-07 8.213827548684675708e-09 5.017953596002614262e-10 2.323830891081900697e-11
6.297023178442301999e-06 4.268452197484880119e-05 2.193321883543060088e-04 8.543407876860762860e-04 2.522648431176526505e-03 5.646497461034575421e-03 9.580724777655185570e-03 1.232294219397126779e-02 1.201509689214460587e-02 8.880490682832250376e-03 4.975577187336210905e-03 2.113230121263718914e-03 6.803727892486470660e-04 1.660519191751907541e-04 3.072116508353682615e-05 4.308521695055489920e-06 4.580529722965533650e-07 3.691475127084740085e-08 2.255178938042744565e-09 1.044380817972453474e-10
2.145292316570726669e-05 1.454191519298005119e-04 7.472287223969409408e-04 2.910598668003168757e-03 8.594248652822855314e-03 1.923668894877737789e-02 3.263995489654015342e-02 4.198223899949396487e-02 4.093346064504537613e-02 3.025437240644028233e-02 1.695097383004618569e-02 7.199427751533755797e-03 2.317918285858967982e-03 5.657116009639349659e-04 1.046619609650470178e-04 1.467842538649714430e-05 1.560511203792742594e-06 1.257624912999895751e-07 7.683024043548180083e-09 3.558033821505471324e-10
5.540315312799334261e-05 3.755515963898271273e-04 1.929752277058868109e-03 7.516753891855774278e-03 2.219503936384407267e-02 4.967962711992277014e-02 8.429417311830436632e-02 1.084210481703972717e-01 1.057125302066671269e-01 7.813329746618177807e-02 4.377666351203261808e-02 1.859285073046591449e-02 5.986129756661833640e-03 1.460976027014726075e-03 2.702942906769784429e-04 3.790770344369129866e-05 4.030091401244628413e-06 3.247873732372798011e-07 1.984176022460112525e-08 9.188784722939551041e-10
1.084624240787966350e-04 7.352151314745537921e-04 3.777864580339692236e-03 1.471550448457182095e-02 4.345109684218491364e-02 9.725751118008088558e-02 1.650222024549266586e-01 2.122552425591734682e-01 2.069527930157610829e-01 1.529610927535797193e-01 8.570131435710283407e-02 3.639911353245027514e-02 1.171901069886408658e-02 2.860144097664390258e-03 5.291535287487305434e-04 7.421168606169935170e-05 7.889686018921691202e-06 6.358343130781328320e-07 3.884409623724298107e-08 1.798882931961987130e-09
1.609611069778213151e-04 1.091078707064626133e-03 5.606450990086757173e-03 2.183819799060546935e-02 6.448257732131813802e-02 1.443327197821129559e-01 2.448973145184922262e-01 3.149923957014846287e-01 3.071234202894870813e-01 2.269983086148498197e-01 1.271830179487039025e-01 5.401724751180386058e-02 1.739132193287251313e-02 4.244529513204382994e-03 7.852778367440765026e-04 1.101321055714526574e-04 1.170850279346960615e-05 9.435949431960578772e-07 5.764566653385304161e-08 2.669589864981774936e-09
1.810753833355488202e-04 1.227423809642442338e-03 6.307053183486176738e-03 2.456717741790483134e-02 7.254055110673847395e-02 1.623690533267119207e-01 2.755005599606908384e-01 3.543549735110129717e-01 3.455026627513597126e-01 2.553648301798694398e-01 1.430762633361286618e-01 6.076743620605717933e-02 1.956460380295933082e-02 4.774941121574394209e-03 8.834089674404203320e-04 1.238946078859268880e-04 1.317163923273081604e-05 1.061509946475793650e-06 6.484927546310257713e-08 3.003191374776497319e-09
