8.944018127934170580e-15 4.965818076785748685e-13 2.089997462453464396e-11 6.668029798500917655e-10 1.612672293138072320e-08 2.956592946670141683e-07 4.108977544918351245e-06 4.328852805667661495e-05 3.457074103981528550e-04 2.092865787733138010e-03 9.604414343434494739e-03 3.341159559207331625e-02 8.810901863099543374e-02 1.761328373884578080e-01 2.669052510430151570e-01 3.065989930962922938e-01 2.669814883597781963e-01 1.762334709473566685e-01 8.818454109428199017e-02 3.344978595289820056e-02
9.450197070563328080e-15 5.246854240559350342e-13 2.208279054743423737e-11 7.045401157161667958e-10 1.703940081784260341e-08 3.123918758192840740e-07 4.341521562520215379e-06 4.573840472802033225e-05 3.652724212189461519e-04 2.211309710402623724e-03 1.014796783666236692e-02 3.530249584366472460e-02 9.309547206264018326e-02 1.861009224388573691e-01 2.820105220546169078e-01 3.239506969856147944e-01 2.820910739561488523e-01 1.862072512666731738e-01 9.317526865418368498e-02 3.534284755481162388e-02
7.569128513770883183e-15 4.202464111941538379e-13 1.768719512917532462e-11 5.643008964938747046e-10 1.364769577024441895e-08 2.502100471639338304e-07 3.477338557772960063e-06 3.663414221060420900e-05 2.925646817836830981e-04 1.771146914377436966e-03 8.128007504581303416e-03 2.827550853197523945e-02 7.456475106611573644e-02 1.490573993275519649e-01 2.258761238234973101e-01 2.594680766232533298e-01 2.259406418108124981e-01 1.491425633253444794e-01 7.462866408844148758e-02 2.830782820585514906e-02
4.595658110485414277e-15 2.551560360605686414e-13 1.073892477836097253e-11 3.426198917098696225e-10 8.286309796676255988e-09 1.519170708334301132e-07 2.111294466312537425e-06 2.224271822899252370e-05 1.776330326846215684e-04 1.075366294430213409e-03 4.934986047938827967e-03 1.716770561850770177e-02 4.527259675534325845e-02 9.050141570475928043e-02 1.371425308112931007e-01 1.575381589275782757e-01 1.371817034334962548e-01 9.055312372061136150e-02 4.531140206811903881e-02 1.718732877210116250e-02
2.115175293301822922e-15 1.174368785573433527e-13 4.942645388696403978e-12 1.576925681840850480e-10 3.813816722916154358e-09 6.992061357317004989e-08 9.717341422418079187e-07 1.023732551960221516e-05 8.175651734221422843e-05 4.949428705409242377e-04 2.271352722599922092e-03 7.901524851053593965e-03 2.083694561656679323e-02 4.165374227268741486e-02 6.312055550239628610e-02 7.250774829302403246e-02 6.313858490333647266e-02 4.167754115305809942e-02 2.085480596145296642e-02 7.910556508470164422e-03
7.379753183873231392e-16 4.097320828123057662e-14 1.724467147450916515e-12 5.501824060704865801e-11 1.330623811311379177e-09 2.439499327875989504e-08 3.390337506681537071e-07 3.571757661734875503e-06 2.852448783177503327e-05 1.726833816694231982e-04 7.924649337284977264e-04 2.756807124292340316e-03 7.269918301476181906e-03 1.453280671963842752e-02 2.202248304959685682e-02 2.529763315671290647e-02 2.202877342795996063e-02 1.454111004389454717e-02 7.276149696928659732e-03 2.759958229677631804e-03
1.951794674015178114e-16 1.083658053434350105e-14 4.560864991073191708e-13 1.455120602477420704e-11 3.519229442131883848e-10 6.451979729914167731e-09 8.966753391042111380e-08 9.446572815309452123e-07 7.544147079435106960e-06 4.567124350037064779e-05 2.095908627913320628e-04 7.291194337283821722e-04 1.922745580753883578e-03 3.843631900300891694e-03 5.824499011528318573e-03 6.690709625406097982e-03 5.826162688711114361e-03 3.845827960745719538e-03 1.924393658156039371e-03 7.299528370353805355e-04
3.913120660448355235e-17 2.172607997249949219e-15 9.144002319347135735e-14 2.917347080000390623e-12 7.055644542022877589e-11 1.293546678759145165e-09 1.797729465028733101e-08 1.893927662891546602e-07 1.512513493095492007e-06 9.156551603966459104e-06 4.202052328295178787e-05 1.461799418781877999e-04 3.854880616799608549e-04 7.706033631747109206e-04 1.167744113774303203e-03 1.341409238215484452e-03 1.168077661644014321e-03 7.710436476786430415e-04 3.858184819756127525e-04 1.463470295202700853e-04
5.947153798229597649e-18 3.301925758003206156e-16 1.389703841084592335e-14 4.433778887255246405e-13 1.072315598677225335e-11 1.965929934521433905e-10 2.732186033565820264e-09 2.878387883047537453e-08 2.298715308284334514e-07 1.391611079122075237e-06 6.386271631531235623e-06 2.221640148623055486e-05 5.858640683800077245e-05 1.171161616495584932e-04 1.774735420705725515e-04 2.038671366990101757e-04 1.775242346163018669e-04 1.171830760099135929e-04 5.863662405558264687e-05 2.224179543626359176e-05
6.851598720864062489e-19 3.804083611669439063e-17 1.601050415543241941e-15 5.108069302252696761e-14 1.235393674608953749e-12 2.264909145057796136e-11 3.147697700085530463e-10 3.316133970422964235e-09 2.648304617674449650e-08 1.603247706910062101e-07 7.357497725166549731e-07 2.559507844753793561e-06 6.749624505604063229e-06 1.349272224285673191e-05 2.044637712580986636e-05 2.348713116262392462e-05 2.045221731412953119e-05 1.350043131447942174e-05 6.755409932304340391e-06 2.562433431706258674e-06
5.983723109416524102e-20 3.322229445221894496e-18 1.398249191338930449e-16 4.461042389320808877e-15 1.078909314620865949e-13 1.978018524456446254e-12 2.748986366073085318e-11 2.896087217179993121e-10 2.312850210170329966e-09 1.400168157067293309e-08 6.425541097655939283e-08 2.235301111950525198e-07 5.894665723939822375e-07 1.178363140965424363e-06 1.785648347136789724e-06 2.051207247203858465e-06 1.786158389701093704e-06 1.179036399162527691e-06 5.899718324486738384e-07 2.237856121805782509e-07
3.961392521749657500e-21 2.199409070103468796e-19 9.256801808552698633e-18 2.953335178971333528e-16 7.142682260579860020e-15 1.309503739959662911e-13 1.819906074165834622e-12 1.917290963282926967e-11 1.531171706805331399e-10 9.269505899879764450e-10 4.253888421473296427e-09 1.479832028792333917e-08 3.902434034803802457e-08 7.801094484435480599e-08 1.182149287237326841e-07 1.357956727116062046e-07 1.182486949719875163e-07 7.805551642526592639e-08 3.905778998074319296e-08 1.481523516975955680e-08
1.988021539015163244e-22 1.103771610731424253e-20 4.645518280947633460e-19 1.482128800791757151e-17 3.584549145890406823e-16 6.571733616821469709e-15 9.133183481722326799e-14 9.621908736986539168e-13 7.684172462957958136e-12 4.651893818603467000e-11 2.134810362776420605e-10 7.426524716274012957e-10 1.958433271426805200e-09 3.914972772276647452e-09 5.932606356113476348e-09 6.814894529474494580e-09 5.934300912470975630e-09 3.917209593353894364e-09 1.960111938459288557e-09 7.435013435641175042e-10
7.562947973485087423e-24 4.199032607416767058e-22 1.767275272383900090e-20 5.638401189528764664e-19 1.363655180124413205e-17 2.500057391945825528e-16 3.474499151491963667e-15 3.660422875473445347e-14 2.923257893142692821e-13 1.769700691759277389e-12 8.121370613988951868e-12 2.825242028353741011e-11 7.450386552995037458e-11 1.489356871304653590e-10 2.256916856176515838e-10 2.592562090486004482e-10 2.257561509230739984e-10 1.490207815879509301e-10 7.456772636436451649e-11 2.828471356692253870e-11
2.181011520898049309e-25 1.210921789427883395e-23 5.096488489912690101e-22 1.626008534888905113e-20 3.932524286575425781e-19 7.209693883729753519e-18 1.001980009028474567e-16 1.055596903582493276e-15 8.430124292607555882e-15 5.103482941837061366e-14 2.342050075802718851e-13 8.147465029202655663e-13 2.148550930694581440e-12 4.295024250374777480e-12 6.508522446917891534e-12 7.476459983352094967e-12 6.510381504712782407e-12 4.297478213998370793e-12 2.150392556685923930e-12 8.156777802919665690e-13
4.767839485177825582e-27 2.647157369769039077e-25 1.114127038079772572e-23 3.554565219668000570e-22 8.596765487160176997e-21 1.576088106161745343e-19 2.190396430568912489e-18 2.307606607809076588e-17 1.842882492005398388e-16 1.115656072830051106e-15 5.119880716209137351e-15 1.781091255049524695e-14 4.696878427796259196e-14 9.389215056645416542e-14 1.422807262375381947e-13 1.634404989447289977e-13 1.423213665050231347e-13 9.394579587986792515e-14 4.700904347436900526e-14 1.783127090707391430e-14
7.901000906734197290e-29 4.386723345832890543e-27 1.846269943745191644e-25 5.890429640291348591e-24 1.424608611934026854e-22 2.611806373639395641e-21 3.629804283016245834e-20 3.824038530945941158e-19 3.053923330599764685e-18 1.848803775889918631e-17 8.484384238793374186e-17 2.951526297156349644e-16 7.783408152100328289e-16 1.555928988521967534e-15 2.357797804452877014e-15 2.708445899602752141e-15 2.358471272574533955e-15 1.556817969099532132e-15 7.790079684317364166e-16 2.954899971842498397e-16
9.925203424959904977e-31 5.510583037562053002e-29 2.319276378444893359e-27 7.399532430185486901e-26 1.789587223353366237e-24 3.280939955706518152e-23 4.559744559834249217e-22 4.803740788356788713e-21 3.836325379307191101e-20 2.322459367508918452e-19 1.065804706259100257e-18 3.707694665422309422e-18 9.777483911341280916e-18 1.954551316746488680e-17 2.961855481395117617e-17 3.402338113408345724e-17 2.962701489158763000e-17 1.955668050332184819e-17 9.785864661475586458e-18 3.711932661081964636e-18
9.451343364818102424e-33 5.247490675844968966e-31 2.208546915569445589e-29 7.046255753400133245e-28 1.704146767074704366e-26 3.124297684695453215e-25 4.342048182355442917e-24 4.574395272560948534e-23 3.653167281973874064e-22 2.211577938842486440e-21 1.014919876942936850e-20 3.530677798168396050e-20 9.310676439908343546e-20 1.861234961922522626e-19 2.820447294937649511e-19 3.239899917029643187e-19 2.821252911661173167e-19 1.862298379175905426e-19 9.318657066982935876e-20 3.534713458743097944e-20
6.822514780205805724e-35 3.787935885200323564e-33 1.594254212616946982e-31 5.086386365099272682e-30 1.230149626061204152e-28 2.255294968008771933e-27 3.134336226822258241e-26 3.302057512133468179e-25 2.637062988168193863e-24 1.596442176833371362e-23 7.326266324153445990e-23 2.548643143345560080e-22 6.720973429178841719e-22 1.343544779509394193e-21 2.035958552530463982e-21 2.338743204760032410e-21 2.036540092295898685e-21 1.344312414294068000e-21 6.726734297668118047e-22 2.551556311649368663e-22
