6.310846837902779008e-20 3.242110140391266497e-18 1.262596870003159898e-16 3.727335379541321147e-15 8.341209982077761363e-14 1.415000053789791345e-12 1.819619900379276748e-11 1.773788025728733995e-10 1.310749133016354945e-09 7.342336068825266806e-09 3.117782090869689141e-08 1.003584803794286720e-07 2.448833256819636935e-07 4.529613767816673248e-07 6.351260836441437036e-07 6.750804716836178406e-07 5.439361974070816068e-07 3.322287375709649801e-07 1.538236989340155063e-07 5.398910454248431701e-08
8.029848158445088725e-19 4.125223255924947238e-17 1.606513580802207144e-15 4.742618209898345084e-14 1.061325862188877012e-12 1.800429620297924381e-11 2.315263209744794003e-10 2.256947265195108191e-09 1.667781960532032735e-08 9.342303065706234848e-08 3.967029690919077554e-07 1.276949638547889359e-06 3.115866970421825301e-06 5.763427905351840185e-06 8.081270460408127601e-06 8.589645449472496901e-06 6.920980947958435481e-06 4.227239838153479658e-06 1.957234864570083163e-06 6.869510904350146055e-07
7.745043214388853594e-18 3.978908661247644704e-16 1.549533299048716218e-14 4.574405674954006073e-13 1.023682453890024491e-11 1.736571469163790312e-10 2.233144794064252720e-09 2.176897216063639601e-08 1.608628594416663720e-07 9.010947596775415312e-07 3.826325950711565708e-06 1.231658424667739996e-05 3.005352512279256850e-05 5.559009001062905145e-05 7.794641655483689076e-05 8.284985455481575064e-05 6.675505622298073241e-05 4.077306890249428968e-05 1.887815100321797057e-05 6.625861132872277484e-06
5.662877630291932239e-17 2.909224936136404490e-15 1.132959134465957461e-13 3.344629442538450548e-12 7.484772270716890216e-11 1.269714248703109491e-09 1.632789559652219075e-08 1.591663494580553598e-07 1.176167340918947913e-06 6.588458212694291025e-06 2.797662328369571370e-05 9.005412556322201271e-05 2.197398134759251213e-04 4.064533514832644563e-04 5.699142102264339498e-04 6.057662624267588043e-04 4.880872890311265650e-04 2.981169935596103071e-04 1.380297773145891223e-04 4.844574749570835777e-05
3.138682082206747638e-16 1.612454440356608744e-14 6.279490335794915728e-13 1.853779860394998819e-11 4.148477531958565775e-10 7.037463321844003670e-09 9.049828849348533240e-08 8.821885298420254981e-07 6.518974273559807387e-06 3.651690375743701830e-05 1.550620231513931023e-04 4.991301044933746465e-04 1.217920393714708345e-03 2.252790780307982032e-03 3.158781871718628100e-03 3.357493906832300680e-03 2.705251514601212433e-03 1.652330364833704077e-03 7.650378785351793793e-04 2.685133063983458860e-04
1.318725179761222960e-15 6.774767931325639707e-14 2.638343675781878282e-12 7.788702759976147977e-11 1.742993280549506138e-09 2.956807934378894409e-08 3.802308377717177186e-07 3.706537320853092477e-06 2.738963455233023810e-05 1.534266905999993240e-04 6.514969945942785702e-04 2.097107701680596403e-03 5.117123200343610089e-03 9.465157186730301445e-03 1.327170156934126544e-02 1.410659518826349983e-02 1.136618235442179298e-02 6.942307632056420215e-03 3.214325909638268003e-03 1.128165417758662283e-03
4.200085087596530222e-15 2.157735531025500837e-13 8.403015350486030422e-12 2.480669575128679261e-10 5.551361419171826218e-09 9.417310826142311399e-08 1.211019472501831066e-06 1.180516787489701911e-05 8.723485181255897722e-05 4.886576559833499768e-04 2.074990948534730009e-03 6.679201186184455068e-03 1.629782548707297066e-02 3.014613367657171736e-02 4.226981990175885523e-02 4.492892150411068736e-02 3.620082011200659311e-02 2.211096231906879706e-02 1.023749491322464844e-02 3.593160136919668502e-03
1.014048432461422992e-14 5.209533348179926016e-13 2.028783790422156565e-11 5.989209841349834012e-10 1.340294119698272017e-08 2.273670433356933953e-07 2.923827427680695086e-06 2.850183205534438701e-05 2.106156491871235073e-04 1.179791646420545910e-03 5.009758790237668277e-03 1.612594352658851954e-02 3.934868947417804325e-02 7.278338167428252681e-02 1.020542291830893872e-01 1.084742367671823193e-01 8.740152669003410646e-02 5.338364869340277152e-02 2.471691752089689997e-02 8.675153784827981801e-03
1.855906645434790894e-14 9.534463296819988180e-13 3.713070498669799726e-11 1.096142352735944363e-09 2.452999959328693483e-08 4.161260874446707522e-07 5.351175130723892039e-06 5.216391823631394523e-05 3.854677650949530103e-04 2.159249091786985802e-03 9.168836845651499867e-03 2.951362557925981886e-02 7.201578538710988464e-02 1.332078009317927414e-01 1.867791676141919710e-01 1.985290351329833669e-01 1.599618608072266857e-01 9.770250137575316185e-02 4.523678555505412230e-02 1.587722543029869079e-02
2.574840757767754013e-14 1.322788770678789053e-12 5.151425735748819016e-11 1.520761840625197331e-09 3.403233826237233835e-08 5.773234407875897322e-07 7.424093158151896462e-06 7.237098002214412541e-05 5.347888132269768783e-04 2.995690856208793173e-03 1.272062626079740327e-02 4.094650247516732483e-02 9.991298855118048439e-02 1.848093361460215189e-01 2.591329766817488389e-01 2.754344635373379147e-01 2.219272827692945205e-01 1.355501276408293543e-01 6.276044082500997767e-02 2.202768509868787208e-02
2.707954997522686655e-14 1.391174367354647802e-12 5.417744388038090605e-11 1.599382258471400471e-09 3.579174370180067939e-08 6.071699354421820944e-07 7.807904278756475685e-06 7.611241838368338979e-05 5.624363506862904791e-04 3.150562224335941731e-03 1.337825780123514351e-02 4.306335670437047569e-02 1.050782949774170527e-01 1.943636179813063025e-01 2.725296456145213653e-01 2.896738875116058876e-01 2.334004899715619030e-01 1.425578045758627843e-01 6.600503307480345971e-02 2.316647340884922177e-02
2.158884109702068671e-14 1.109096804878352148e-12 4.319230666854907312e-11 1.275088007855413095e-09 2.853453133712919780e-08 4.840588291585802332e-07 6.224756501826217710e-06 6.067969768694542740e-05 4.483955240490587377e-04 2.511747325553361984e-03 1.066565294069009295e-02 3.433173615682237612e-02 8.377238968478531445e-02 1.549540249922598534e-01 2.172709376183039887e-01 2.309389754691412722e-01 1.860756952967274891e-01 1.136524718078386620e-01 5.262170796631151365e-02 1.846918850791613720e-02
1.304710135659661256e-14 6.702767583722814982e-13 2.610304093662223894e-11 7.705926595275311674e-10 1.724469233181230037e-08 2.925383802773481776e-07 3.761898502771800542e-06 3.667145274039159899e-05 2.709854514108068005e-04 1.517961144434829945e-03 6.445730659005604636e-03 2.074820224823507864e-02 5.062739839483732657e-02 9.364564131076122400e-02 1.313065361966093136e-01 1.395667422162035487e-01 1.124538573249597995e-01 6.868526719154209592e-02 3.180164948680091336e-02 1.116175589759311852e-02
5.977169368140430188e-15 3.070687962651299786e-13 1.195838772439744153e-11 3.530257575191636469e-10 7.900179814009050460e-09 1.340183844525065925e-07 1.723409965344702735e-06 1.680001388923489067e-05 1.241445049835111119e-04 6.954120004560171301e-04 2.952933590173470457e-03 9.505216180407078524e-03 2.319354518705147444e-02 4.290116581485330788e-02 6.015446531303146604e-02 6.393865070758159019e-02 5.151763084849057817e-02 3.146625935363460413e-02 1.456904794203496036e-02 5.113450384289614306e-03
2.075744555186370410e-15 1.066385010457346328e-13 4.152895238343917573e-12 1.225983820898366015e-10 2.743565427697493940e-09 4.654175156972536926e-08 5.985038454801486107e-07 5.834289646117889318e-06 4.311276197883640851e-05 2.415018857006102698e-04 1.025491406400700538e-03 3.300960624859748498e-03 8.054627896962079231e-03 1.489866789219568451e-02 2.089037404715863785e-02 2.220454163130340317e-02 1.789098403332097659e-02 1.092756662937088320e-02 5.059522338637827306e-03 1.775793212416035402e-03
5.464482910996730358e-16 2.807302397410871303e-14 1.093266751170766910e-12 3.227452829741903698e-11 7.222548823455002889e-10 1.225230751371451381e-08 1.575585987987074006e-07 1.535900744114150959e-06 1.134961190145428623e-05 6.357636463924076081e-05 2.699648302894142949e-04 8.689914604063445069e-04 2.120413920268484059e-03 3.922135596603285208e-03 5.499476884080219292e-03 5.845436905403756170e-03 4.709875127299576782e-03 2.876726857154832378e-03 1.331940064022489557e-03 4.674848665008386902e-04
1.090488415358463040e-16 5.602233171274010107e-15 2.181715537345952117e-13 6.440682456645240852e-12 1.441326828104570963e-10 2.445061979831146342e-09 3.144228457267926262e-08 3.065032860156607990e-07 2.264920670251103688e-06 1.268725518203726681e-05 5.387399407771620443e-05 1.734153324391495379e-04 4.231483295819909118e-04 7.826986562541541747e-04 1.097471788328319544e-03 1.166511329960204625e-03 9.398994100190750153e-04 5.740776141078092953e-04 2.658010343202628573e-04 9.329095535254870784e-05
1.649642587184939257e-17 8.474810270804946469e-16 3.300402657047836901e-14 9.743179222609471504e-13 2.180375402623513875e-11 3.698781494079701352e-10 4.756449581578508184e-09 4.636645989103455240e-08 3.426271697726819229e-07 1.919271783909011422e-06 8.149819266363848608e-06 2.623350359649781352e-05 6.401200556955575854e-05 1.184031868751989747e-04 1.660206724585227710e-04 1.764646686048043710e-04 1.421838208091174964e-04 8.684391940747572525e-05 4.020920348689592674e-05 1.411264262703278773e-05
1.891714021216162729e-18 9.718418729590699754e-17 3.784709506469931868e-15 1.117291035634861196e-13 2.500327496816340837e-12 4.241547149740872796e-11 5.454419299415841385e-10 5.317035518566781348e-09 3.929048789984540801e-08 2.200909077123749998e-07 9.345737977622752765e-07 3.008305372608337862e-06 7.340523905165198595e-06 1.357778772859610473e-05 1.903828358586837348e-05 2.023594022379277582e-05 1.630481229717070443e-05 9.958754779775284830e-06 4.610957222430600659e-06 1.618355645117564969e-06
1.644439594905889098e-19 8.448080618728878748e-18 3.289993147936131776e-16 9.712449119820907709e-15 2.173498472751918032e-13 3.687115493392601196e-12 4.741447683203146446e-11 4.622021952679217046e-10 3.415465196168441618e-09 1.913218377946628475e-08 8.124114639769031291e-08 2.615076281511576769e-07 6.381011094502819496e-07 1.180297418199418560e-06 1.654970412891571701e-06 1.759080969477635441e-06 1.417353713524767925e-06 8.657001265599576624e-07 4.008238318235598499e-07 1.406813118485995388e-07
