5.018690537796336111e-06 1.061951184092408700e-05 1.703395553935970827e-05 2.071205948011647788e-05 1.909096490630776626e-05 1.333918492694875638e-05 7.065249889367845816e-06 2.836759904478165260e-06 8.634047870455663122e-07 1.992063343587084586e-07 3.484084305169000728e-08 4.619244876633906463e-09 4.642481008668298492e-10 3.536927072659683463e-11 2.042673214827989223e-12 8.942696718517944361e-14 2.967802047311129593e-15 7.466175207038844084e-17 1.423830342525768043e-18 2.058330596106625067e-20
4.367456585959717788e-05 9.241505643758290772e-05 1.482360004966311328e-04 1.802442687070798387e-04 1.661368832854768205e-04 1.160826925306251354e-04 6.148450861510953850e-05 2.468657039977545779e-05 7.513678907141930096e-06 1.733569763681537233e-06 3.031983508457313871e-07 4.019843683662116570e-08 4.040064655073210406e-09 3.077969307175019285e-10 1.777612410623204087e-11 7.782276947620098275e-13 2.582694928036958987e-14 6.497351417533140342e-16 1.239071658218628270e-17 1.791238063065661036e-19
2.881134915981913513e-04 6.096460047724782403e-04 9.778870343195554277e-04 1.189039995605312193e-03 1.095976035125294842e-03 7.657772710697332121e-04 4.056025768692473818e-04 1.628529981575290212e-04 4.956642892899288207e-05 1.143605729588689036e-05 2.000146625150282875e-06 2.651820748721482705e-07 2.665160170790350871e-08 2.030482654305288373e-09 1.172659895416880427e-10 5.133832334294942792e-12 1.703758786845855847e-13 4.286189378650847137e-15 8.173939563300380328e-17 1.181648500622756715e-18
1.440772511656085659e-03 3.048663915892286993e-03 4.890131144977422246e-03 5.946046231382249268e-03 5.480660194297760218e-03 3.829431367785376700e-03 2.028301556336261930e-03 8.143808951278557005e-04 2.478674216389808679e-04 5.718842565212680149e-05 1.000215665296635577e-05 1.326099107474476027e-06 1.332769767890825547e-07 1.015385838924005841e-08 5.864134072535569169e-10 2.567281547862715252e-11 8.520006518831980115e-13 2.143399742322651336e-14 4.087551530271775449e-16 5.909083495857995661e-18
5.461652340884045817e-03 1.155681572079880759e-02 1.853741378262165757e-02 2.254015610091367888e-02 2.077597978696136757e-02 1.451653375179902568e-02 7.688845986136508097e-03 3.087139216123530559e-03 9.396109883213677903e-04 2.167887687386479999e-04 3.791598038941659360e-05 5.026950636542315785e-06 5.052237645965004694e-07 3.849104837296882209e-08 2.222964508651514422e-09 9.732000827442072038e-11 3.229747456414104062e-12 8.125157945060192505e-14 1.549501063018751618e-15 2.240003848389342775e-17
1.569457316941899605e-02 3.320960006513520163e-02 5.326900703754049171e-02 6.477126464601276612e-02 5.970173760273728841e-02 4.171462900127995144e-02 2.209462418808596021e-02 8.871185730542312589e-03 2.700060803323270538e-03 6.229629754731394551e-04 1.089551460567029628e-04 1.444541681895122607e-05 1.451808142571306053e-06 1.106076581504678165e-07 6.387898195732746116e-09 2.796582234423450774e-10 9.280983960475084243e-12 2.334840775698150048e-13 4.452637460571877785e-15 6.436862345697414086e-17
3.418784968050451317e-02 7.234123558000181420e-02 1.160371031164901534e-01 1.410927353952395880e-01 1.300496680473194333e-01 9.086793571121809521e-02 4.812922800355999564e-02 1.932430789736760274e-02 5.881604544181144069e-03 1.357014576445721805e-03 2.373395004180207002e-04 3.146678367404229899e-05 3.162507065810039956e-06 2.409392055165274810e-07 1.391490554936586650e-08 6.091859397357393180e-10 2.021698080621593374e-11 5.086037358634066089e-13 9.699282582620878767e-15 1.402156528331703324e-16
5.645350121897380058e-02 1.194551885878490649e-01 1.916090307946005655e-01 2.329827404782821576e-01 2.147476124484978821e-01 1.500478435285778900e-01 7.947453429095416300e-02 3.190972376545701122e-02 9.712139617069714612e-03 2.240802646597260181e-03 3.919125040437944525e-04 5.196027615368637511e-05 5.222165130687617202e-06 3.978566028410462235e-07 2.297731927378235704e-08 1.005932795213627459e-09 3.338377117173628327e-11 8.398440349675630198e-13 1.601617142400744399e-14 2.315344370035199143e-16
7.066539604744177805e-02 1.495274523140665279e-01 2.398456739617795264e-01 2.916350141730930656e-01 2.688092812003536891e-01 1.878216595970461644e-01 9.948186241934481311e-02 3.994284178945869956e-02 1.215712360950278563e-02 2.804913832921512602e-03 4.905745740512422199e-04 6.504102338829984464e-05 6.536819846722852017e-06 4.980150708598214164e-07 2.876174783725604810e-08 1.259171492218980778e-09 4.178797347320316266e-11 1.051270693005625922e-12 2.004816481534397202e-14 2.898221073306281707e-16
6.705320364161276858e-02 1.418840800566009974e-01 2.275855187724696860e-01 2.767275510809362737e-01 2.550685976624536555e-01 1.782208081139359801e-01 9.439666304244424822e-02 3.790108956207080548e-02 1.153568975311445449e-02 2.661535475012335918e-03 4.654979474419323549e-04 6.171633119252086712e-05 6.202678211222047756e-06 4.725581094958677123e-07 2.729153790527806122e-08 1.194806612713087194e-09 3.965190392745898152e-11 9.975330473382020926e-13 1.902336579421944865e-14 2.750073143244694617e-16
4.823131318768498349e-02 1.020570998834366555e-01 1.637020729324952240e-01 1.990498955901149059e-01 1.834706285467723186e-01 1.281940779242804751e-01 6.789944062041823603e-02 2.726222196023874236e-02 8.297611972310676293e-03 1.914440236764298814e-03 3.348322834997710445e-04 4.439250530744317743e-05 4.461581239381994925e-06 3.399106521486303143e-07 1.963078034449274483e-08 8.594233952562245119e-10 2.852158126605015584e-11 7.175246850006788642e-13 1.368349107387738784e-14 1.978125307327758449e-16
2.629877141719023231e-02 5.564800466641987853e-02 8.926075431160233886e-02 1.085346294505748349e-01 1.000398248155468656e-01 6.989954304683826392e-02 3.702308210607461320e-02 1.486509274311208217e-02 4.524384391508901905e-03 1.043874256183245381e-03 1.825718004523393912e-04 2.420560985295640324e-05 2.432737104153546256e-06 1.853408491769487031e-07 1.070394668732976914e-08 4.686121510827936502e-10 1.555177532185020965e-11 3.912399731600589493e-13 7.461107321310667105e-15 1.078599396403223855e-16
1.087022800206328792e-02 2.300132158221154452e-02 3.689467981645117023e-02 4.486126555235298713e-02 4.135005730041998312e-02 2.889199491891508362e-02 1.530297128515588703e-02 6.144277419888260518e-03 1.870090778177220612e-03 4.314707706375598296e-04 7.546349090539250027e-05 1.000504905178333277e-05 1.005537732988652430e-06 7.660803832579594913e-08 4.424326108905210746e-09 1.936942546098429315e-10 6.428108024653676110e-12 1.617135509604481275e-13 3.083943977607134657e-15 4.458239199009519671e-17
3.405953120550034123e-03 7.206971464153115632e-03 1.156015769206351733e-02 1.405631670015184027e-02 1.295615479919610263e-02 9.052687784866723930e-03 4.794858285628511227e-03 1.925177728362398311e-03 5.859528908166007589e-04 1.351921245258318823e-04 2.364486856099379735e-05 3.134867827308627166e-06 3.150637115296417397e-07 2.400348798069689005e-08 1.386267823830045193e-09 6.068994604306243504e-11 2.014109969141973316e-12 5.066947753298454911e-14 9.662877919523685908e-16 1.396893764246970530e-17
8.089757401793166817e-04 1.711786647763061152e-03 2.745747458795455825e-03 3.338630569543440604e-03 3.077322132039455715e-03 2.150177804030415675e-03 1.138865948350117809e-03 4.572646841149696751e-04 1.391744562479530661e-04 3.211058553472905642e-05 5.616085826361458120e-06 7.445880583793168340e-07 7.483335507482672825e-08 5.701264453379711906e-09 3.292637917131907102e-10 1.441496470559182666e-11 4.783877068824818984e-13 1.203492139819167765e-14 2.295109045994933865e-16 3.317876455977383950e-18
1.456562583340369991e-04 3.082075590104407055e-04 4.943724283866501304e-04 6.011211616945909102e-04 5.540725205703128393e-04 3.871399822429111878e-04 2.050530622141442266e-04 8.233060603488375482e-05 2.505839118025664702e-05 5.781517923970086871e-06 1.011177477051792980e-06 1.340632421927721043e-07 1.347376189101246985e-08 1.026513907410952238e-09 5.928401746038816570e-11 2.595417536956432532e-12 8.613381088789772505e-14 2.166890220733043428e-15 4.132348839461161038e-17 5.973843790237022556e-19
1.988014832346725693e-05 4.206624595209400492e-05 6.747528266736098086e-05 8.204506961491022244e-05 7.562355381691961500e-05 5.283947533022037471e-05 2.798702464022963688e-05 1.123703628155032233e-05 3.420138201466861754e-06 7.891005520663658610e-07 1.380123206174759820e-07 1.829785530673909140e-08 1.838989878856549732e-09 1.401055400491702058e-10 8.091482465660261684e-12 3.542400868055579077e-13 1.175612332557595051e-14 2.957517890515328090e-16 5.640108347723400184e-18 8.153504831819778696e-20
2.056870315522366223e-06 4.352322285351763547e-06 6.981230908933675164e-06 8.488672492783618439e-06 7.824279802616746702e-06 5.466958622547707131e-06 2.895636353695043379e-06 1.162623436500474275e-06 3.538595702164418480e-07 8.164312836598300445e-08 1.427924182634731981e-08 1.893160695070257826e-09 1.902683838581337204e-10 1.449581369708347134e-11 8.371733360027360083e-13 3.665092972461981262e-14 1.216330014271235685e-15 3.059952399573611921e-17 5.835455172669877487e-19 8.435903889228781354e-21
1.613210426254130360e-07 3.413541260312540411e-07 5.475403288864733590e-07 6.657694880942175998e-07 6.136609420757472247e-07 4.287754353416347145e-07 2.271057499915843722e-07 9.118495392810683202e-08 2.775332716870857022e-08 6.403298492766652486e-09 1.119925822227514330e-09 1.484812410784505845e-10 1.492281444824650276e-11 1.136911628151612032e-12 6.565979119002375667e-14 2.874544958788447956e-15 9.539717919891675209e-17 2.399931136922388293e-18 4.576767458525378541e-20 6.616308284620964974e-22
9.591177961968483862e-09 2.029486121299235996e-08 3.255345149174994911e-08 3.958264550017471607e-08 3.648458507315983264e-08 2.549240594502763910e-08 1.350234060545594778e-08 5.421308382001470599e-09 1.650045744682570549e-09 3.807015773530256026e-10 6.658404688177912177e-11 8.827800663947766391e-12 8.872207043622186789e-13 6.759392063906523765e-14 3.903735879710966647e-15 1.709031370658655897e-16 5.671741936922435437e-18 1.426854566278749736e-19 2.721070386780917266e-21 3.933658571522883203e-23
