1.650739049062694641e-06 1.823778345751043362e-05 1.527434178585117600e-04 9.697276373377486380e-04 4.666957667048154783e-03 1.702608390274051864e-02 4.708607568312007247e-02 9.871133895808528735e-02 1.568694626311363804e-01 1.889759747845740079e-01 1.725725033310309964e-01 1.194630017894419416e-01 6.268910461051563354e-02 2.493719089830999380e-02 7.519687839646608044e-03 1.718893282054170584e-03 2.978481010240813243e-04 3.912348885467329242e-05 3.895624929529363119e-06 2.940448083630637606e-07
2.390085843664817305e-06 2.640627426022961637e-05 2.211554157781020578e-04 1.404057352085731234e-03 6.757233651998712474e-03 2.465186858704039932e-02 6.817538058959515812e-02 1.429229980273876155e-01 2.271294679500531488e-01 2.736161129657846969e-01 2.498657176926283585e-01 1.729690889548987365e-01 9.076682445156465662e-02 3.610626826854342053e-02 1.088766844433886917e-02 2.488765563849092838e-03 4.312507965594679555e-04 5.664644385763327786e-05 5.640429964737725978e-06 4.257440534109531594e-07
2.623284503414723582e-06 2.898271216633922464e-05 2.427333631529158013e-04 1.541050043618660305e-03 7.416531239756834690e-03 2.705713061144273193e-02 7.482719496838567685e-02 1.568678743906230522e-01 2.492902985562233387e-01 3.003126063150619585e-01 2.742449050083541340e-01 1.898455370663169328e-01 9.962286695228254885e-02 3.962912640818420235e-02 1.194996907080005458e-02 2.731592320661899078e-03 4.733275730235065779e-04 6.217338960404343335e-05 6.190761958743925689e-06 4.672835415908807805e-07
2.182599781076603988e-06 2.411391564541164907e-05 2.019566633309941256e-04 1.282169541066522636e-03 6.170630535563359151e-03 2.251181191831245695e-02 6.225699848567108063e-02 1.305156904854395117e-01 2.074121012589671964e-01 2.498631879022594482e-01 2.281745913771283385e-01 1.579534461854770477e-01 8.288725348594039311e-02 3.297184217349287405e-02 9.942497599421451504e-03 2.272713002843001866e-03 3.938134258460570581e-04 5.172890182591164684e-05 5.150777842915390806e-06 3.887847293152397953e-07
1.376574246337819233e-06 1.520874121936477843e-05 1.273748600307437551e-04 8.086693607200593241e-04 3.891840892026620247e-03 1.419828811210812995e-02 3.926573323827325240e-02 8.231675812623406863e-02 1.308156261387829755e-01 1.575896930606565383e-01 1.439106101272840665e-01 9.962185831063422037e-02 5.227731601903595066e-02 2.079547023868803454e-02 6.270772249820368363e-03 1.433409008905681820e-03 2.483796729853721434e-04 3.262562136323613957e-05 3.248615796922383971e-06 2.452080543510305622e-07
6.581456159125928497e-07 7.271359596987305766e-06 6.089842660483821187e-05 3.866280339739374588e-04 1.860704591656360757e-03 6.788257952164710590e-03 1.877310305282363367e-02 3.935596908125144067e-02 6.254347055027817404e-02 7.534425831138893970e-02 6.880423441783246885e-02 4.762960622766088808e-02 2.499399247162888485e-02 9.942396935613304759e-03 2.998081124636130072e-03 6.853185416846557625e-04 1.187513083961978360e-04 1.559843918608996006e-05 1.553176118336422841e-06 1.172349449271792702e-07
2.385289873918292726e-07 2.635328717074655239e-06 2.207116431470212303e-05 1.401239956802278824e-04 6.743674520534425742e-04 2.460240190522554587e-03 6.803857920079475242e-03 1.426362073347273857e-02 2.266737077271640047e-02 2.730670721840806892e-02 2.493643346875267300e-02 1.726220074808544266e-02 9.058469084945505040e-03 3.603381707574010787e-03 1.086582114182141389e-03 2.483771582406104315e-04 4.303854444722424654e-05 5.653277654659945587e-06 5.629111822529581864e-07 4.248897512086563211e-08
6.553256330969839159e-08 7.240203712007072791e-07 6.063749268326959439e-06 3.849714333896923495e-05 1.852731956351148107e-04 6.759172032103569075e-04 1.869266518812525563e-03 3.918733898812704584e-03 6.227548804319155834e-03 7.502142775754824799e-03 6.850942616566419070e-03 4.742552575089593707e-03 2.488689971349249391e-03 9.899796350231427830e-04 2.985235126658080003e-04 6.823821299483430068e-05 1.182424899206025545e-05 1.553160393049974959e-06 1.546521162567630541e-07 1.167326236747234727e-08
1.364802993515530718e-08 1.507868943430617090e-07 1.262856622017021123e-06 8.017543312401739563e-06 3.858561289995671590e-05 1.407687683374375827e-04 3.892996720572545338e-04 8.161285757456161706e-04 1.296970059027278011e-03 1.562421245410948543e-03 1.426800130998261921e-03 9.876997975492201112e-04 5.183028636889688671e-04 2.061764565829271459e-04 6.217150118111878035e-05 1.421151755156770863e-05 2.462557483700400504e-06 3.234663573018902095e-07 3.220836490452147359e-08 2.431112506301219816e-09
2.154664202958297906e-09 2.380527629701115241e-08 1.993717752567308138e-07 1.265758769066123476e-06 6.091651268333529696e-06 2.222367825043575527e-05 6.146015737000413775e-05 1.288451912492388210e-04 2.047573878260981045e-04 2.466651336070790923e-04 2.252541342336370725e-04 1.559317650356728546e-04 8.182636116621973277e-05 3.254982826112657083e-05 9.815241370044080861e-06 2.243624045636159309e-06 3.887729205655464925e-07 5.106681215172542145e-08 5.084851896230916444e-09 3.838085874356546600e-10
2.578612276414353894e-10 2.848916207854056496e-09 2.385998275469928274e-08 1.514807317266311663e-07 7.290234238167225897e-07 2.659637148330404248e-06 7.355295367466480038e-06 1.541965525097055070e-05 2.450451041094914704e-05 2.951985468590950576e-05 2.695747555700140098e-05 1.866126346053774518e-05 9.792637718110929002e-06 3.895427725307791968e-06 1.174647161168598968e-06 2.685075706828272326e-07 4.652672209114431297e-08 6.111463148224656660e-09 6.085338729518781192e-10 4.593261140162832938e-11
2.339318281807920348e-11 2.584538136783848508e-10 2.164578768674128828e-09 1.374233917642326193e-08 6.613703963172417440e-08 2.412824084090820269e-07 6.672727450571803061e-07 1.398871856684463014e-06 2.223050348259284656e-06 2.678042619074417921e-06 2.445583462806343891e-06 1.692950707408148489e-06 8.883885588628783262e-07 3.533933882431295029e-07 1.065640462480265948e-07 2.435901956441463999e-08 4.220906437774254997e-09 5.544322270549841345e-10 5.520622185492758364e-11 4.167008687805608584e-12
1.608753123684442919e-12 1.777391231097971460e-11 1.488584466101075963e-10 9.450629804729277771e-10 4.548255358246883933e-09 1.659303187757019069e-08 4.588845909974255439e-08 9.620065326622209884e-08 1.528795469894744784e-07 1.841694421105618887e-07 1.681831867692709595e-07 1.164245053769160193e-07 6.109463086876879205e-08 2.430292284922358382e-08 7.328427414395007397e-09 1.675173879454175807e-09 2.902724468643569007e-10 3.812839766535304655e-11 3.796541178111628260e-12 2.865658895183172702e-13
8.386607360045615110e-14 9.265736402281356051e-13 7.760154902363766958e-12 4.926717487633336988e-11 2.371055651813127313e-10 8.650130415982817827e-10 2.392215953841660638e-09 5.015046092814598378e-09 7.969779297434673391e-09 9.600956019668920914e-09 8.767574907731825579e-09 6.069337795270297656e-09 3.184930449302363131e-09 1.266938156248132746e-09 3.820389989382904170e-10 8.732866081161545076e-11 1.513222261048783006e-11 1.987675397668526051e-12 1.979178763870588138e-13 1.493899569045218450e-14
3.314210112095158011e-15 3.661623343277876961e-14 3.066649330856348444e-13 1.946934703863570761e-12 9.369911193191593804e-12 3.418348858463336497e-11 9.453532237968360898e-11 1.981840303221140769e-10 3.149488464734919359e-10 3.794095056572976738e-10 3.464760441294647190e-10 2.398474118466032681e-10 1.258617251081163571e-10 5.006672029074124938e-11 1.509737441063541781e-11 3.451044246049094826e-12 5.979934798554939997e-13 7.854873394812134311e-14 7.821296492445093453e-15 5.903575600512332005e-16
9.928201539869782290e-17 1.096892872980016770e-15 9.186596980600418183e-15 5.832327906544418543e-14 2.806894058924929826e-13 1.024016439891711433e-12 2.831943966970541254e-12 5.936892739059767109e-12 9.434753732501334329e-12 1.136576713878505892e-11 1.037919708922603309e-11 7.184980321370966127e-12 3.770372217708054227e-12 1.499821896242216070e-12 4.522639506911205511e-13 1.033810821852918821e-13 1.791377005901477819e-14 2.353042308610785624e-15 2.342983855992832585e-16 1.768502490347291466e-17
2.254540029488178717e-18 2.490872974589271820e-17 2.086133177732664179e-16 1.324430882834178189e-15 6.374019492821261116e-15 2.325381938832115941e-14 6.430903934778883901e-14 1.348175928665074157e-13 2.142485713335575345e-13 2.580988800169777312e-13 2.356954098648787053e-13 1.631597191149299049e-13 8.561928418512362477e-14 3.405862067366223894e-14 1.027021033600988793e-14 2.347623455693918580e-15 4.067938338570986649e-16 5.343392813429807694e-17 5.320551633211196105e-18 4.015993874344533484e-19
3.880986535678582112e-20 4.287812303186833605e-19 3.591089387865417417e-18 2.279887851396116648e-17 1.097229745590633304e-16 4.002934468618128715e-16 1.107021887244341270e-15 2.320762797927743020e-15 3.688095175771499848e-15 4.442938537875539835e-15 4.057283083212747827e-15 2.808646840455036437e-15 1.473858457914974691e-15 5.862883183683118345e-16 1.767923723301098319e-16 4.041221226158330417e-17 7.002587540461038623e-18 9.198166939830557005e-19 9.158847916114858304e-20 6.913169848324715170e-21
5.064343335608291586e-22 5.595214892490389520e-21 4.686053260380615452e-20 2.975051508168485338e-19 1.431787536140349175e-18 5.223474576027712451e-18 1.444565412814074219e-17 3.028389689364900162e-17 4.812637212935272248e-17 5.797640875059893095e-17 5.294394699452897005e-17 3.665035108411866763e-17 1.923254613318706189e-17 7.650542743649073226e-18 2.306983712428220985e-18 5.273435400062591346e-19 9.137755881533045176e-20 1.200279233470685650e-20 1.195148449483505282e-21 9.021073721187150287e-23
5.009575947667806342e-24 5.534706494003106543e-23 4.635376819267995787e-22 2.942878373510521461e-21 1.416303739279895556e-20 5.166986293234734379e-20 1.428943432011010766e-19 2.995639738984118597e-19 4.760591853489675599e-19 5.734943378878806169e-19 5.237139464331646871e-19 3.625400275957566074e-19 1.902455938241653402e-19 7.567807388909074442e-20 2.282035271223106231e-20 5.216406825340251341e-21 9.038937340193122480e-22 1.187299039581737500e-22 1.182223741492420545e-23 8.923517017111850793e-25
