2.778534249931018222e-31 2.667568921998969301e-29 1.941388099435515489e-27 1.071040507622792496e-25 4.479156629418486017e-24 1.419983904158480093e-22 3.412458773116295932e-21 6.216532726791977616e-20 8.584714466825718330e-19 8.986701256237449103e-18 7.131347082515400230e-17 4.289825859025054882e-16 1.956160886748791482e-15 6.761861928017008235e-15 1.771841402363317855e-14 3.519493860800797966e-14 5.299469509905332941e-14 6.048969616284655791e-14 5.233921778063931785e-14 3.432968921746366039e-14
1.353670236947687088e-29 1.299609193158687795e-27 9.458221681577458715e-26 5.217987353477183988e-24 2.182194088851450647e-22 6.917999834091827205e-21 1.662511043761027658e-19 3.028623933456492723e-18 4.182375101809449556e-17 4.378218486675529373e-16 3.474311067133549311e-15 2.089954294137266675e-14 9.530193018634890207e-14 3.294302108578880175e-13 8.632209486100227173e-13 1.714657319269848435e-12 2.581841180236933878e-12 2.946989094688595367e-12 2.549907071922329849e-12 1.672503354547403110e-12
4.999272677514169149e-28 4.799618513778067810e-26 3.493038994282743073e-24 1.927067678364052204e-22 8.059114389651445156e-21 2.554903447652545033e-19 6.139860218749319652e-18 1.118508516160842424e-16 1.544603183470861679e-15 1.616930583180892669e-14 1.283106322132797138e-13 7.718461346607582647e-13 3.519618904891303616e-12 1.216626773152002814e-11 3.187982409050131307e-11 6.332442904893914416e-11 9.535060842545692405e-11 1.088359754088193535e-10 9.417124205674694480e-11 6.176763066234683163e-11
1.399579555402073407e-26 1.343685047592411112e-24 9.778994421746973227e-23 5.394953823274068276e-21 2.256202544249151546e-19 7.152621715242772872e-18 1.718894605177033226e-16 3.131338802147938414e-15 4.324219093945686662e-14 4.526704448235039145e-13 3.592141280753560580e-12 2.160834464673481061e-11 9.853406645027962055e-11 3.406027372575751136e-10 8.924968271397816111e-10 1.772809405916884358e-09 2.669403546392963340e-09 3.046935342405996827e-09 2.636386402411211139e-09 1.729225802174730766e-09
2.970196443686309331e-25 2.851576771316087152e-23 2.075304282789203689e-21 1.144920458282707053e-19 4.788127082379181130e-18 1.517933832317545540e-16 3.647848829787817436e-15 6.645346695883134123e-14 9.176884675818325825e-13 9.606600354993148218e-12 7.623264584089968720e-11 4.585736350317151491e-10 2.091096091129265009e-09 7.228292489751647493e-09 1.894062321602248813e-08 3.762267155492471820e-08 5.665024820959353892e-08 6.466225148277861517e-08 5.594955632497174615e-08 3.669773760359396528e-08
4.778257796611999891e-24 4.587430225075644905e-22 3.338613811439564381e-20 1.841873158901306668e-18 7.702825720898242985e-17 2.441952681086187788e-15 5.868420638926760000e-14 1.069059917847875576e-12 1.476317192556344317e-11 1.545447040809585624e-10 1.226380952411209308e-09 7.377232746907214102e-09 3.364018639959878630e-08 1.162840424873777859e-07 3.047043596965804193e-07 6.052489358703094107e-07 9.113521456228758589e-07 1.040244014670648082e-06 9.000798728146790507e-07 5.903692033405235295e-07
5.827077575630423738e-23 5.594363663940699775e-21 4.071434087989850168e-19 2.246161307788645484e-17 9.393583380758683100e-16 2.977957304605276081e-14 7.156529380583644470e-13 1.303716823046603257e-11 1.800366404123768890e-10 1.884670141115275284e-09 1.495569567645059048e-08 8.996523280972712124e-08 4.102415234860688694e-07 1.418081998133918607e-06 3.715864687844383201e-06 7.381000883595537071e-06 1.111392452501644127e-05 1.268575876205133260e-05 1.097645934230150642e-05 7.199542788519187206e-06
5.386775076411933371e-22 5.171645368053982238e-20 3.763790576971175328e-18 2.076438076094732476e-16 8.683790489642506929e-15 2.752938497705028510e-13 6.615771559685687082e-12 1.205206074217507621e-10 1.664328086981765340e-09 1.742261710377041027e-08 1.382562144997529588e-07 8.316732831390305912e-07 3.792430743098422821e-06 1.310929649504421903e-05 3.435088520446525842e-05 6.823281667813654145e-05 1.027414014236889783e-04 1.172720428685894407e-04 1.014706202979664501e-04 6.655534811643684288e-05
3.774884809260752137e-21 3.624128585623872741e-19 2.637547637075456030e-17 1.455103366974370840e-15 6.085330896716975933e-14 1.929173869041109374e-12 4.636127406090166445e-11 8.445710164350937220e-10 1.166309475345361922e-08 1.220922940157304739e-07 9.688566470620967477e-07 5.828108280475499430e-06 2.657617776725775647e-05 9.186588171451876819e-05 2.407203436260195244e-04 4.781544050339973928e-04 7.199798581060825415e-04 8.218060841524564997e-04 7.110746183302637429e-04 4.663992259115185414e-04
2.005281673086819229e-20 1.925197456577438086e-18 1.401109227371784557e-16 7.729751400843485945e-15 3.232629110143670530e-13 1.024809285384177839e-11 2.462788082624616021e-10 4.486501884038288581e-09 6.195630156236634524e-08 6.485745975989575274e-07 5.146727850968316431e-06 3.095988172919023675e-05 1.411770819778089070e-04 4.880068619104716270e-04 1.278746552022462990e-03 2.540035825644632473e-03 3.824652903076279122e-03 4.365570772753938136e-03 3.777346786415225043e-03 2.477590356579377137e-03
8.075025177458479096e-20 7.752535786910754029e-18 5.642096289635173518e-16 3.112676788255057379e-14 1.301740389100198956e-12 4.126782233456428782e-11 9.917347792505084393e-10 1.806659690683542135e-08 2.494904839219850377e-07 2.611730948006741905e-06 2.072524650071769770e-05 1.246716747126647531e-04 5.685029224328674207e-04 1.965144223670840361e-03 5.149356692256839424e-03 1.022841504961927682e-02 1.540141163302970878e-02 1.757962204367020595e-02 1.521091566021319334e-02 9.976954747713699667e-03
2.464956190317177995e-19 2.366514117125721179e-17 1.722288150175035973e-15 9.501656959639091181e-14 3.973650805765475722e-12 1.259728259528602130e-10 3.027337660928252085e-09 5.514951211271095938e-08 7.615866195506826913e-07 7.972485814289924030e-06 6.326522027498198222e-05 3.805687407613945182e-04 1.735393719608636139e-03 5.998735994688355819e-03 1.571876046920841000e-02 3.122293050438244150e-02 4.701385334430412816e-02 5.366298832224795229e-02 4.643235147018569264e-02 3.045533088186798756e-02
5.703892662391892003e-19 5.476098342495622100e-17 3.985363626703572613e-15 2.198677267593804478e-13 9.195002232878136786e-12 2.915003035087735677e-10 7.005239743644011194e-09 1.276156139041594119e-07 1.762306505931052299e-06 1.844828054785847710e-05 1.463953100377995075e-04 8.806336017214658630e-04 4.015689829506861007e-03 1.388103624646012599e-02 3.637310993777816137e-02 7.224965900079663439e-02 1.087897521971126352e-01 1.241758074791202843e-01 1.074441606259600307e-01 7.047343844494506626e-02
1.000530432702826345e-18 9.605726068910261738e-17 6.990800546081316709e-15 3.856740735014137279e-13 1.612912462996303650e-11 5.113261101942541355e-10 1.228802147366504338e-08 2.238529245843526266e-07 3.091294656647338621e-06 3.236047242065684940e-05 2.567947392550711341e-04 1.544735798400425405e-03 7.043996303100119941e-03 2.434898414832785754e-02 6.380274941838007252e-02 1.267344721602548796e-01 1.908301300217068175e-01 2.178190960841243362e-01 1.884698027914920027e-01 1.236187706095588090e-01
1.330411778100915166e-18 1.277279599058927933e-16 9.295712634883277039e-15 5.128333063376587661e-13 2.144700118735306283e-11 6.799136310279676648e-10 1.633946151338766490e-08 2.976586795314556347e-07 4.110514469483996047e-06 4.302992917171879843e-05 3.414616232475700783e-04 2.054045167516117733e-03 9.366447376545889922e-03 3.237700147532591999e-02 8.483892795957180544e-02 1.685196461220339614e-01 2.537480563300519854e-01 2.896354588063653202e-01 2.506095139683098272e-01 1.643766776479061165e-01
1.341030571390467636e-18 1.287474313401227147e-16 9.369907145615739621e-15 5.169265284224563644e-13 2.161818222771815947e-11 6.853404187499924129e-10 1.646987629708789065e-08 3.000344672693674607e-07 4.143322885783099433e-06 4.337337616358985309e-05 3.441870278578304933e-04 2.070439701449357673e-03 9.441206462556837181e-03 3.263542123051842159e-02 8.551607698496301035e-02 1.698646998240937733e-01 2.557733677427644348e-01 2.919472085345434231e-01 2.526097748416941124e-01 1.656886638993043392e-01
1.024679612783571134e-18 9.837573498096175358e-17 7.159533146088127150e-15 3.949828484762038916e-13 1.651842326846776125e-11 5.236676701423216705e-10 1.258460979692270735e-08 2.292559232445596772e-07 3.165907311001456464e-06 3.314153699444842641e-05 2.629928339849907457e-04 1.582020124547284983e-03 7.214012855972138337e-03 2.493668041798833765e-02 6.534271665474791768e-02 1.297933832044385061e-01 1.954360780509712958e-01 2.230764599827430861e-01 1.930187810720423447e-01 1.266024799053834526e-01
5.935185975286260021e-19 5.698154577130311354e-17 4.146970446969823086e-15 2.287833810205556215e-13 9.567860323728333171e-12 3.033206646023143689e-10 7.289302786872381988e-09 1.327904374613348638e-07 1.833768178549768531e-06 1.919635982944337897e-05 1.523316518056066289e-04 9.163433661304741561e-04 4.178526379771375053e-03 1.444391339893877010e-02 3.784804251378020429e-02 7.517938856881013765e-02 1.132011855258876626e-01 1.292111466050740731e-01 1.118010301067252771e-01 7.333114212448017810e-02
2.606017859121948464e-19 2.501942256547885105e-17 1.820849269265408908e-15 1.004540682115884899e-13 4.201050309298480577e-12 1.331818534896449133e-10 3.200582647660104303e-09 5.830554476065332106e-08 8.051698198993224431e-07 8.428726033854027077e-06 6.688568930576945350e-05 4.023474895592908402e-04 1.834704829105406445e-03 6.342024736879416785e-03 1.661829555710945053e-02 3.300972034641901781e-02 4.970430789913232728e-02 5.673395190185372139e-02 4.908952850669593554e-02 3.219819341836008958e-02
8.673956959098011701e-20 8.327548244338173994e-18 6.060575577150771840e-16 3.343546787231899009e-14 1.398291628674337918e-12 4.432869333026390409e-11 1.065292627702617394e-09 1.940661242824596322e-08 2.679954144644487633e-07 2.805445349569168376e-06 2.226245642128186385e-05 1.339186834358188302e-04 6.106692885700928334e-04 2.110900714232317576e-03 5.531289046672330061e-03 1.098706566858189196e-02 1.654374799810818045e-02 1.888351820743173343e-02 1.633912276997830093e-02 1.071695433298637014e-02
