4.056930947553055544e-07 5.143968800263369342e-06 4.944198008115015133e-05 3.602385652293017067e-04 1.989671469828274523e-03 8.330467230520005248e-03 2.643955659451929785e-02 6.361152306656878141e-02 1.160150255839689087e-01 1.603945123799855044e-01 1.680976300128821932e-01 1.335458801428119902e-01 8.042595348790534948e-02 3.671628746738281324e-02 1.270627129961296800e-02 3.333299260238557337e-03 6.628683867034631388e-04 9.992568361589697975e-05 1.141888681587499116e-05 9.891615532516811959e-07
6.188581960941264219e-07 7.846786878183179377e-06 7.542049642919677454e-05 5.495202938462789713e-04 3.035113272954644871e-03 1.270758114828233684e-02 4.033180872719004106e-02 9.703520450482555626e-02 1.769733090872874226e-01 2.446713041905347052e-01 2.564219046918092548e-01 2.037154774123800249e-01 1.226845148170328387e-01 5.600828735584668927e-02 1.938258313295634916e-02 5.084729303754412753e-03 1.011162229148993745e-03 1.524300736331366457e-04 1.741876257602480597e-05 1.508901044668308830e-06
7.156183987121217850e-07 9.073653861645978951e-06 8.721270110887579434e-05 6.354393223262367859e-04 3.509661686651330270e-03 1.469444685427584961e-02 4.663779935480646954e-02 1.122069289939321701e-01 2.046435788733866334e-01 2.829263440651050288e-01 2.965141836828080191e-01 2.355669596990356274e-01 1.418665804125268382e-01 6.476533907955756009e-02 2.241310399062914488e-02 5.879740892506334950e-03 1.169260259989712792e-03 1.762629401975717076e-04 2.014223461994124709e-05 1.744821925629549004e-06
6.272904388060070668e-07 7.953703150574563163e-06 7.644813722858401640e-05 5.570077740510516505e-04 3.076468161582011831e-03 1.288072809729186481e-02 4.088134915881599940e-02 9.835735617243836215e-02 1.793846561538160467e-01 2.480050692349153318e-01 2.599157773602989718e-01 2.064911994769006165e-01 1.243561507628048735e-01 5.677142740285907180e-02 1.964668021754184535e-02 5.154011203685735822e-03 1.024939804352949365e-03 1.545070072272568685e-04 1.765610165419922691e-05 1.529460552350611900e-06
4.168239431179149329e-07 5.285101931287597260e-06 5.079850103293605045e-05 3.701222948164412975e-04 2.044261335192943622e-03 8.559027116629305473e-03 2.716496873249448288e-02 6.535680842272120761e-02 1.191980860655337954e-01 1.647951960952778461e-01 1.727096612600886594e-01 1.372099280660761811e-01 8.263257002702112386e-02 3.772365839264812254e-02 1.305488847086521027e-02 3.424753734304206414e-03 6.810552565125579027e-04 1.026673068927965062e-04 1.173218250480942060e-05 1.016300805552754825e-06
2.099585025664562491e-07 2.662160141530836652e-06 2.558772687028359859e-05 1.864344025077685680e-04 1.029715437124485971e-03 4.311269893449527421e-03 1.368327384141101132e-02 3.292089587347781648e-02 6.004130058341519000e-02 8.300903336668954968e-02 8.699563078282689099e-02 6.911405045140364689e-02 4.162287448344410140e-02 1.900179430241690295e-02 6.575881447720872963e-03 1.725083641632309869e-03 3.430545298160557455e-04 5.171457727812071858e-05 5.909620863236566251e-06 5.119211571552560659e-07
8.016985445426753725e-08 1.016510350720023732e-06 9.770332298673576195e-06 7.118749053558931549e-05 3.931831086357313442e-04 1.646200918972135592e-03 5.224775652877343413e-03 1.257040509633769107e-02 2.292596999015910492e-02 3.169589248375661444e-02 3.321812154670359535e-02 2.639027854411436433e-02 1.589313958957084064e-02 7.255581769604749383e-03 2.510912642870629687e-03 6.587001849440474004e-04 1.309907976530990260e-04 1.974652173106744744e-05 2.256509923124542655e-06 1.954702675030122943e-07
2.320521213811218603e-08 2.942295266670443051e-07 2.828028505152174792e-06 2.060526155003229352e-05 1.138070850586267983e-04 4.764938368260962444e-04 1.512314425720009872e-03 3.638511244758723794e-03 6.635935673266235221e-03 9.174394964280938730e-03 9.615005073516383338e-03 7.638681848292240735e-03 4.600278723556903808e-03 2.100132466189543346e-03 7.267851605158963391e-04 1.906611609948694096e-04 3.791536442684521934e-05 5.715642480312258593e-06 6.531481417086806785e-07 5.657898539267565838e-08
5.091629690619845092e-09 6.455910788139090013e-08 6.205189513912151437e-07 4.521155026151249727e-06 2.497126636199514888e-05 1.045510875979646171e-04 3.318282541749317479e-04 7.983530498754074249e-04 1.456040431690467903e-03 2.013022829336057890e-03 2.109700399048330347e-03 1.676060492982320814e-03 1.009381667988259925e-03 4.608058204959496152e-04 1.594693847209834785e-04 4.183439575521605313e-05 8.319294566125947973e-06 1.254111997792470039e-06 1.433121339681768294e-07 1.241441966468185215e-08
8.468858897672547967e-10 1.073805458033142758e-08 1.032103228627411592e-07 7.519993852168132795e-07 4.153446816950052809e-06 1.738988226297294394e-05 5.519267569763909267e-05 1.327892981372389011e-04 2.421818104331079969e-04 3.348241591655351946e-04 3.509044467396982129e-04 2.787775364964292226e-04 1.678894860684434478e-04 7.664539077136498250e-05 2.652439002366367024e-05 6.958274977715151729e-06 1.383740297109422198e-06 2.085952474263635288e-07 2.383696998108054371e-08 2.064878532513288486e-09
1.067799721204962417e-10 1.353912236076188923e-09 1.301331800540413398e-08 9.481616633162933378e-08 5.236891305861495724e-07 2.192610794034230679e-06 6.958992283918186947e-06 1.674279584099747973e-05 3.053559786342129121e-05 4.221644829953441377e-05 4.424393828325654774e-05 3.514978574396877592e-05 2.116841815210747434e-05 9.663867102544507732e-06 3.344339138792782384e-06 8.773370971281225718e-07 1.744694912651788907e-07 2.630082160275040310e-08 3.005494625393275531e-09 2.603510990064746842e-10
1.020590516951268750e-11 1.294053520977099094e-10 1.243797754076894161e-09 9.062418568768305174e-09 5.005359618408121986e-08 2.095671818710641798e-07 6.651323643809658530e-07 1.600256894925072495e-06 2.918556822030031304e-06 4.034998880243944298e-06 4.228784007689515493e-06 3.359575516903270963e-06 2.023252712645446471e-06 9.236611441333262891e-07 3.196480334972588893e-07 8.385485627286863239e-08 1.667559044514626551e-08 2.513801847176329142e-09 2.872616701906399471e-10 2.488405432659259011e-11
7.394521459286792996e-13 9.375852872820377797e-12 9.011732943598831264e-11 6.566026968384623658e-10 3.626551344052298498e-09 1.518384697652288346e-08 4.819107624449988075e-08 1.159439927508176872e-07 2.114592551292482409e-07 2.923492361783989314e-07 3.063896202461192704e-07 2.434125424567508603e-07 1.465914620283638782e-07 6.692235561629664541e-08 2.315957481336432740e-08 6.075566291047028837e-09 1.208202597857373525e-09 1.821333962505137596e-10 2.081307389569520439e-11 1.802933406256936948e-12
4.061303430781520356e-14 5.149512872271906217e-13 4.949526770952777697e-12 3.606268235223495328e-11 1.991815900000851520e-10 8.339445650099140535e-10 2.646805264714430559e-09 6.368008235962594123e-09 1.161400643781149388e-08 1.605673825432652474e-08 1.682788024502439207e-08 1.336898133594980656e-08 8.051263505515547730e-09 3.675585958562645799e-09 1.271996587782298441e-09 3.336891826959380359e-10 6.635828136781915931e-11 1.000333816224323980e-11 1.143119387550591233e-12 9.902276528125929775e-14
1.690898822825532859e-15 2.143968162500458273e-14 2.060705173397251081e-13 1.501447704575742130e-12 8.292803574020341898e-12 3.472077147916179540e-11 1.101981169994190058e-10 2.651281248360303296e-10 4.835420487211557144e-10 6.685124683588038112e-10 7.006184931000144425e-10 5.566093543270159093e-10 3.352094276076937531e-10 1.530307714371306253e-10 5.295879930117144817e-11 1.389294485936987904e-11 2.762786424652313270e-12 4.164828610111475433e-13 4.759307595951732185e-14 4.122752217378390172e-15
5.336624245718690129e-17 6.766550620060059690e-16 6.503765360279322650e-15 4.738699983555657165e-14 2.617281177365049930e-13 1.095817847907228446e-12 3.477948739883458146e-12 8.367674991088981662e-12 1.526100903375033098e-11 2.109883689697838114e-11 2.211213105600606716e-11 1.756707696284136323e-11 1.057950206491623363e-11 4.829784693017650846e-12 1.671425921880509805e-12 4.384734638176312935e-13 8.719595058268827734e-14 1.314456254859976429e-14 1.502079010673600759e-15 1.301176578122338185e-16
1.276769347415747560e-18 1.618874408547801956e-17 1.556003921664651793e-16 1.133717984821050235e-15 6.261756921538411267e-15 2.621707233147378092e-14 8.320875029807156382e-14 2.001938012842225394e-13 3.651144927537075672e-13 5.047825549606118812e-13 5.290252758754275144e-13 4.202863899935030936e-13 2.531110178544624835e-13 1.155509694280942583e-13 3.998830131698252336e-14 1.049032970059080028e-14 2.086133701694814371e-15 3.144792245904311348e-16 3.593673359639640735e-17 3.113021067306139052e-18
2.315554939611651027e-20 2.935998299858242522e-19 2.821976086877678907e-18 2.056116310430284606e-17 1.135635202996014316e-16 4.754740663391891767e-16 1.509077839012936465e-15 3.630724268103571263e-15 6.621733744868405908e-15 9.154760340500433263e-15 9.594427475974421942e-15 7.622333888033926146e-15 4.590433415787393726e-15 2.095637857986676949e-15 7.252297278959217968e-16 1.902531166300629202e-16 3.783421968444847766e-17 5.703410121644286520e-18 6.517503036948044488e-19 5.645789761561874117e-20
3.183424476474200235e-22 4.036409886358776856e-21 3.879652170333738592e-20 2.826748299999030874e-19 1.561271054173120836e-18 6.536816530756812502e-18 2.074679916868786831e-17 4.991519011139644382e-17 9.103558252711847688e-17 1.258596271919690016e-16 1.319041701074734455e-16 1.047918313313512325e-16 6.310926959000831670e-17 2.881082515822154764e-17 9.970456875611007716e-18 2.615599473995722210e-18 5.201447779596882020e-19 7.841047115754542364e-20 8.960261895921673101e-21 7.761830656023134628e-22
3.317652019679185041e-24 4.206603144096846218e-23 4.043235815292877036e-22 2.945936765870215494e-21 1.627101288069801428e-20 6.812438217336608766e-20 2.162157785508676376e-19 5.201983980130618573e-19 9.487405354383422947e-19 1.311664370979429785e-18 1.374658452227027825e-18 1.092103278816878462e-18 6.577024121761542353e-19 3.002561957450986985e-19 1.039085633566880084e-19 2.725884952415973780e-20 5.420764292906341521e-21 8.171661049988012804e-22 9.338066976472814777e-23 8.089104466798505984e-24
