4.467072413729801378e-20 1.009354836697208761e-18 1.728866916020304748e-17 2.244791856697063744e-16 2.209466454590022119e-15 1.648525106402818018e-14 9.323962936918979346e-14 3.997627562509565596e-13 1.299274582399530631e-12 3.201078861867023540e-12 5.978450311873737050e-12 8.464039744752270680e-12 9.083716747058372201e-12 7.390031543660500964e-12 4.557491006677364576e-12 2.130601203179496194e-12 7.550493446633121303e-13 2.028361325879253975e-13 4.130590361069238664e-14 6.376402927962910581e-15
1.514061327448504904e-18 3.421088763233965620e-17 5.859789802838542364e-16 7.608456330258106268e-15 7.488725060528826446e-14 5.587480747482303509e-13 3.160246889654788744e-12 1.354948550942409748e-11 4.403737429690429297e-11 1.084967795903504493e-10 2.026324979075670224e-10 2.868786100742123257e-10 3.078818286882019874e-10 2.504763731720828199e-10 1.544707639436529599e-10 7.221420624466454144e-11 2.559150394688932876e-11 6.874890660305588366e-12 1.400014717917849949e-12 2.161206308584834131e-13
3.890099951911809559e-17 8.789853483524176141e-16 1.505564379525492863e-14 1.954851832477493764e-13 1.924089101921451321e-12 1.435599614958683784e-11 8.119668636007521147e-11 3.481289163990824746e-10 1.131458709954641532e-09 2.787623654441192950e-09 5.206266457478130628e-09 7.370814160710910895e-09 7.910452933850721937e-09 6.435526154503827229e-09 3.968839970317665260e-09 1.855410181522343077e-09 6.575262604515007072e-10 1.766375730111454945e-10 3.597078327088626300e-11 5.552819033602392416e-12
7.576608957056568918e-16 1.711968418748587089e-14 2.932334054227069031e-13 3.807395204945404072e-12 3.747479731627082468e-11 2.796066177193554320e-10 1.581438905847947450e-09 6.780382763438753175e-09 2.203701782050334548e-08 5.429355186301054509e-08 1.014005952601962617e-07 1.435587190077102845e-07 1.540690709593014640e-07 1.253424480304734881e-07 7.729968083070605755e-08 3.613716247426334903e-08 1.280640450379278745e-08 3.440307021343378170e-09 7.005901187412881274e-10 1.081502762062184406e-10
1.118628307982904067e-14 2.527590306480432114e-13 4.329366739279354652e-12 5.621327535933567460e-11 5.532866926550182578e-10 4.128177651149827562e-09 2.334873473679011767e-08 1.001071606193663157e-07 3.253596971581796532e-07 8.016027275412674176e-07 1.497102159386599736e-06 2.119534581367320677e-06 2.274711881483397268e-06 1.850585286286625258e-06 1.141270608861719741e-06 5.335375382708513459e-07 1.890767582518560240e-07 5.079349936151532339e-08 1.034367674983671475e-08 1.596756031176312323e-09
1.251968947104618667e-13 2.828879398217865639e-12 4.845427815052367717e-11 6.291390505916381082e-10 6.192385380442999112e-09 4.620256961573203754e-08 2.613190693998690320e-07 1.120399471243996298e-06 3.641426151783294649e-06 8.971538764343254174e-06 1.675556930590335478e-05 2.372183377847105531e-05 2.545857832225235356e-05 2.071175291976410466e-05 1.277310213179312263e-05 5.971352819009453913e-06 2.116147323120923890e-06 5.684809106079537003e-07 1.157664435744060474e-07 1.787089556797909881e-08
1.062180020755933013e-12 2.400042896322726903e-11 4.110897981189018610e-10 5.337663776415952382e-09 5.253667071486917547e-08 3.919861308613981450e-07 2.217050951630987426e-06 9.505554721409882274e-06 3.089413770547111659e-05 7.611522037316527161e-05 1.421555302492235543e-04 2.012578503121584814e-04 2.159925237226101487e-04 1.757200943129178048e-04 1.083679744521009070e-04 5.066141357503213283e-05 1.795355557974052051e-05 4.823035482033005476e-06 9.821713527566275793e-07 1.516180434764165915e-07
6.831239610440242786e-12 1.543548906940213434e-10 2.643857780679348179e-09 3.432832429922263937e-08 3.378811302933886299e-07 2.520995623677694954e-06 1.425860587018694490e-05 6.113344316709096822e-05 1.986906674010050498e-04 4.895227722326277175e-04 9.142503813906414228e-04 1.294357427271153023e-03 1.389121104502384066e-03 1.130115465518177070e-03 6.969511618694524280e-04 3.258207162363641572e-04 1.154653991112349938e-04 3.101857536726651288e-05 6.316676757312525812e-06 9.751070101247359852e-07
3.330410205836640057e-11 7.525209663302068863e-10 1.288950679185393019e-08 1.673596713262314132e-07 1.647259983340276097e-06 1.229052124175840003e-05 6.951447939038487732e-05 2.980417239800101938e-04 9.686696181839186785e-04 2.386553143504689493e-03 4.457212708832523386e-03 6.310335212361994559e-03 6.772333232913296461e-03 5.509612156457518485e-03 3.397821471394919714e-03 1.588462271134802014e-03 5.629243966693129762e-04 1.512237688395181451e-04 3.079547188971903119e-05 4.753904889149373174e-06
1.230814936973260314e-10 2.781080973513574199e-09 4.763556591866336791e-08 6.185087439206720236e-07 6.087755163073681341e-06 4.542190358722845495e-05 2.569036673610353063e-04 1.101468537037779676e-03 3.579898455041640414e-03 8.819950322510318810e-03 1.647245726572577756e-02 2.332101560063627732e-02 2.502841507818433925e-02 2.036179485401800812e-02 1.255728021981222450e-02 5.870457298938142401e-03 2.080391642425907187e-03 5.588755198590082901e-04 1.138103850588111131e-04 1.756893831354735608e-05
3.448137748146859883e-10 7.791220269886525366e-09 1.334514134207732360e-07 1.732757121648502346e-06 1.705489407765156440e-05 1.272498209494939191e-04 7.197176492213761293e-04 3.085772789121247160e-03 1.002911374127229277e-02 2.470916035404652558e-02 4.614771887832486152e-02 6.533400903910455138e-02 7.011730213447230076e-02 5.704372879063247109e-02 3.517931952180490540e-02 1.644613239836938134e-02 5.828233585480017270e-03 1.565694174365480675e-03 3.188406908819811582e-04 4.921951917709177759e-05
7.322734279633977586e-10 1.654604308692113324e-08 2.834078308638036018e-07 3.679818180058092690e-06 3.621910335950606684e-05 2.702376453623209782e-04 1.528448538473666874e-03 6.553187787872992789e-03 2.129860822034503401e-02 5.247430026332076947e-02 9.800289537122877648e-02 1.387483977035681715e-01 1.489065720218100963e-01 1.211425119190211175e-01 7.470954695326906259e-02 3.492628957345498414e-02 1.237729144928893278e-02 3.325030274156262448e-03 6.771149610013260786e-04 1.045264100887191219e-04
1.178850583515686365e-09 2.663665210704276016e-08 4.562441760530595423e-07 5.923956329888764387e-06 5.830733370800785095e-05 4.350421492273528730e-04 2.460573308613140005e-03 1.054965119942614590e-02 3.428757042086849616e-02 8.447576700555234352e-02 1.577699886173866417e-01 2.233641469821211478e-01 2.397172867591827738e-01 1.950213068108657966e-01 1.202711851295744649e-01 5.622609707171200011e-02 1.992558611326165213e-02 5.352800920003288401e-03 1.090053709996854393e-03 1.682718706161297553e-04
1.438603358514591709e-09 3.250588133611980454e-08 5.567748900078643625e-07 7.229265176640032772e-06 7.115501088205115237e-05 5.309011215886182610e-04 3.002746128424100061e-03 1.287420463532389266e-02 4.184263438684596853e-02 1.030895041548464675e-01 1.925336753203217011e-01 2.725811197055322266e-01 2.925375774063705969e-01 2.379931018257687714e-01 1.467722315952294798e-01 6.861518602493517360e-02 2.431607152233170380e-02 6.532259039997539464e-03 1.330240617505616197e-03 2.053495850932626190e-04
1.330822688527614943e-09 3.007052926482918255e-08 5.150611192719665468e-07 6.687646085011974848e-06 6.582405242125872514e-05 4.911258226898724145e-04 2.777779331560430772e-03 1.190966469251619753e-02 3.870776949059632349e-02 9.536600221758778639e-02 1.781089845963229890e-01 2.521592462726794937e-01 2.706205591381937170e-01 2.201625748669375771e-01 1.357760043424646457e-01 6.347451213641847056e-02 2.249430288498181080e-02 6.042859893462553325e-03 1.230578522217113053e-03 1.899647218980648306e-04
9.332460108582351111e-10 2.108710778882647087e-08 3.611891644562719311e-07 4.689744986068884630e-06 4.615944323028285570e-05 3.444044190153442092e-04 1.947931533306910970e-03 8.351711434411162802e-03 2.714401533557072102e-02 6.687588204520940327e-02 1.248998088215865498e-01 1.768279220918270722e-01 1.897740093019936736e-01 1.543900975735304493e-01 9.521359645819262030e-02 4.451181645244085133e-02 1.577424146388117093e-02 4.237585471276036735e-03 8.629492920484654970e-04 1.332137034057516683e-04
4.960996350209408016e-10 1.120959142173410731e-08 1.920027630179658494e-07 2.492998361482938780e-06 2.453767031723409146e-05 1.830802431354469856e-04 1.035491297552558259e-03 4.439645009145388316e-03 1.442935297263762615e-02 3.555021965089516511e-02 6.639487214479716792e-02 9.399908126110675943e-02 1.008810277845176850e-01 8.207146900809086931e-02 5.061412521710302592e-02 2.366181654060076772e-02 8.385351067042929457e-03 2.252637119484492655e-03 4.587309496593775784e-04 7.081441428140254862e-05
1.999118288610032584e-10 4.517096493749461984e-09 7.737079568636883228e-08 1.004596308099484480e-06 9.887873731049130790e-06 7.377531376732304096e-05 4.172689202938984236e-04 1.789030853115658026e-03 5.814554453198056763e-03 1.432556874693293944e-02 2.675494876527899704e-02 3.787853672855193143e-02 4.065173472850737435e-02 3.307210146611785917e-02 2.039582701552236643e-02 9.534933478847179567e-03 3.379020561834030194e-03 9.077386366093951383e-04 1.848534782688964514e-04 2.853587882224176551e-05
6.106676253309211410e-11 1.379830600792779376e-09 2.363433936898727572e-08 3.068725074341965361e-07 3.020433760880678349e-06 2.253603297164523937e-05 1.274625029104407836e-04 5.464925357045754108e-04 1.776163111768933826e-03 4.376009712905427548e-03 8.172793536746275275e-03 1.157069904608682386e-02 1.241782362438415520e-02 1.010248457136548456e-02 6.230282280539362755e-03 2.912621638444587348e-03 1.032184275535910937e-03 2.772855417299011711e-04 5.646691106363440368e-05 8.716811534561745301e-06
1.414060919975934558e-11 3.195133404543342305e-10 5.472763625388391022e-09 7.105934589910053437e-08 6.994111306167265520e-07 5.218439981851622978e-06 2.951519560747983375e-05 1.265457191020446365e-04 4.112880296371143737e-04 1.013308068706184929e-03 1.892490688544716613e-03 2.679309113367164558e-03 2.875469137385501701e-03 2.339329618020348674e-03 1.442683110727397246e-03 6.744461737870719592e-04 2.390124161990843463e-04 6.420819312668354234e-05 1.307546837177962113e-05 2.018463404071850043e-06
