5.491910892295035982e-06 1.083853093927050185e-05 1.621489649120097428e-05 1.838885799714172917e-05 1.580855435927559812e-05 1.030211454209325201e-05 5.089292485997237592e-06 1.905834862229315398e-06 5.410157924007301146e-07 1.164210300372702143e-07 1.899108386961878411e-08 2.348361141700353766e-09 2.201287861008285899e-10 1.564175975825632561e-11 8.425413093451554720e-13 3.440278606098332831e-14 1.064860813798901451e-15 2.498554896135451393e-17 4.444078948437737570e-19 5.991995170012904280e-21
4.851743816922810399e-05 9.575132681578699654e-05 1.432479975296024779e-04 1.624535245338265413e-04 1.396582307529965685e-04 9.101243904185747776e-05 4.496056807128967785e-05 1.683680360121959428e-05 4.779520420333915317e-06 1.028503600514656704e-06 1.677737959484279542e-07 2.074623363815203912e-08 1.944693746560591066e-09 1.381847096233540093e-10 7.443301008128936293e-12 3.039260975455167415e-13 9.407348317469167390e-15 2.207309715380595725e-16 3.926052877196131695e-18 5.293535544782389817e-20
3.249144748468629339e-04 6.412331986640994446e-04 9.593117371088934718e-04 1.087928456296933339e-03 9.352715727668405726e-04 6.094975322619701442e-04 3.010946149453742589e-04 1.127537109669506321e-04 3.200777753301887286e-05 6.887744280184939309e-06 1.123557567353634613e-06 1.389346153042715982e-07 1.302334111701857912e-08 9.254036085444990763e-10 4.984674231454425635e-11 2.035350424559093800e-12 6.299969152556438668e-14 1.478204340665576980e-15 2.629222516584260205e-17 3.545006468843288177e-19
1.649442107924967453e-03 3.255247521288427096e-03 4.869986708224776327e-03 5.522914936528241538e-03 4.747945794640033405e-03 3.094140065206629157e-03 1.528519579173650764e-03 5.723989944779934481e-04 1.624888397752643219e-04 3.496592587852838862e-05 5.703787629480924388e-06 7.053074654160328547e-07 6.611354336985282254e-08 4.697850655863902869e-09 2.530491008602979696e-10 1.033254272907670298e-11 3.198206052147293321e-13 7.504167011212512702e-15 1.334735958440295929e-16 1.799637564726050205e-18
6.347488380360838400e-03 1.252705124799484773e-02 1.874099363320891332e-02 2.125363370857332596e-02 1.827134800140052182e-02 1.190706725428245828e-02 5.882146588439184955e-03 2.202742338711149560e-03 6.252999225958419047e-04 1.345581073480232469e-04 2.194967954814873562e-05 2.714209198249524371e-06 2.544223566915950373e-07 1.807856869149547400e-08 9.737996984884558454e-10 3.976235031061763528e-11 1.230754062629283224e-12 2.887801437777120293e-14 5.136416092655602482e-16 6.925480122082064879e-18
1.851669918240244489e-02 3.654353118933531541e-02 5.467065407463126553e-02 6.200045093934439255e-02 5.330061818556500880e-02 3.473493282387847547e-02 1.715921832356807897e-02 6.425772654968975491e-03 1.824105830789805134e-03 3.925287998991379814e-04 6.403093459780339941e-05 7.917808151897567199e-06 7.421931261366649689e-07 5.273824827227034183e-08 2.840738730080182528e-09 1.159935135549092772e-10 3.590318150992918987e-12 8.424206129667386642e-14 1.498379610392420213e-15 2.020279903324701488e-17
4.094699611336357487e-02 8.081072197794107737e-02 1.208962265821355575e-01 1.371050098417560259e-01 1.178665908100062359e-01 7.681126886205437432e-02 3.794512397065025189e-02 1.420966476457250459e-02 4.033745627552129225e-03 8.680205411085525511e-04 1.415951301192503917e-04 1.750908498477012781e-05 1.641252512227729641e-06 1.166229912663124842e-07 6.281881916093344767e-09 2.565028411339137409e-10 7.939468148521883617e-12 1.862891070658460530e-13 3.313449307498084210e-15 4.467556152122471796e-17
6.864001073368861117e-02 1.354641207039048167e-01 2.026600014146575368e-01 2.298310069223675756e-01 1.975813814508781685e-01 1.287597826361422670e-01 6.360793132237971270e-02 2.381985577799333037e-02 6.761823075021264513e-03 1.455074728651665041e-03 2.373578570773703360e-04 2.935071910926957651e-05 2.751254078421595713e-06 1.954967184931552374e-07 1.053040474457876892e-08 4.299792277780159930e-10 1.330903926201476283e-11 3.122789831314584276e-13 5.554380482576469468e-15 7.489025602416860850e-17
8.722268622767638535e-02 1.721378590849445001e-01 2.575254509046200901e-01 2.920523698627824349e-01 2.510719135167984173e-01 1.636184784875619191e-01 8.082828915701961714e-02 3.026852391636809803e-02 8.592428324172370416e-03 1.849002136485901338e-03 3.016169384334326268e-04 3.729673897279874126e-05 3.496091691270723066e-06 2.484228768819211762e-07 1.338126522809579601e-08 5.463860344429335929e-10 1.691214997104878841e-11 3.968212048633132994e-13 7.058098925720593913e-15 9.516503906227447904e-17
8.401917097310111771e-02 1.658155789383652101e-01 2.480670548600305558e-01 2.813258689665807943e-01 2.418505430255596667e-01 1.576090981940323765e-01 7.785962734993151502e-02 2.915682141907909725e-02 8.276845573848902113e-03 1.781091976799769380e-03 2.905391500150887618e-04 3.592690415788147375e-05 3.367687218205707849e-06 2.392988002214134794e-07 1.288979805209268515e-08 5.263183654461790037e-10 1.629100044260504108e-11 3.822467536729397108e-13 6.798869033192102137e-15 9.166981703319752700e-17
6.135135313223880060e-02 1.210796300469469400e-01 1.811402005866573350e-01 2.054260061400554893e-01 1.766008626190228858e-01 1.150872036484566485e-01 5.685361372846042816e-02 2.129050342175164631e-02 6.043807261378280130e-03 1.300565115842713081e-03 2.121536047650709751e-04 2.623406251704095529e-05 2.459107431912329288e-06 1.747375631831128687e-07 9.412215604345324757e-09 3.843211439066564534e-10 1.189579603626060152e-11 2.791191021838142832e-13 4.964579037428878350e-15 6.693790537604782820e-17
3.395992472269531576e-02 6.702142515069364759e-02 1.002668606659358475e-01 1.137098262456148062e-01 9.775419276536864710e-02 6.370442660038640181e-02 3.147028294991507241e-02 1.178497060941007500e-02 3.345439491652106145e-03 7.199041451585067941e-04 1.174337659992757537e-04 1.452138775698887502e-05 1.361194154801453425e-06 9.672279728101877435e-08 5.209960613393270748e-09 2.127339732553012160e-10 6.584701351854376138e-12 1.545012980952120570e-13 2.748052353915601946e-15 3.705225902297098672e-17
1.424971280506139720e-02 2.812244337941818481e-02 4.207235381178119071e-02 4.771307299249048783e-02 4.101802886112396879e-02 2.673061824721773699e-02 1.320504970467785942e-02 4.945018222845301049e-03 1.403759058714706791e-03 3.020745010316903609e-04 4.927565219213041181e-05 6.093229203471647118e-06 5.711622135866012007e-07 4.058525141652024591e-08 2.186119170544596813e-09 8.926397945581370198e-11 2.762965581850010041e-12 6.482932879985537426e-14 1.153093157194204767e-15 1.554726796856623246e-17
4.532547076017313589e-03 8.945183685706929386e-03 1.338236965611133179e-02 1.517656899043598462e-02 1.304701009219253437e-02 8.502472101299290638e-03 4.200260752367001964e-03 1.572910850445257249e-03 4.465075264359161396e-04 9.608382394235051290e-05 1.567359400976532638e-05 1.938133672412616308e-06 1.816752138473971406e-07 1.290935229038698979e-08 6.953605444425379771e-10 2.839307673151201789e-11 8.788437872728598436e-13 2.062090574819013616e-14 3.667757441511216134e-16 4.945273279188684481e-18
1.092887238723769120e-03 2.156861679358277901e-03 3.226755459073890001e-03 3.659372599794926979e-03 3.145893598922431048e-03 2.050115112158929203e-03 1.012766397918525184e-03 3.792600864969387594e-04 1.076618443122077251e-04 2.316772077007220096e-05 3.779215216284361552e-06 4.673225720540743098e-07 4.380550703087138001e-08 3.112701565308463981e-09 1.676652558898559668e-10 6.846135452660373951e-12 2.119067146647558951e-13 4.972110463533222960e-15 8.843692597858080645e-17 1.192403734188218585e-18
1.997584712534404257e-04 3.942322469396467933e-04 5.897879623573967171e-04 6.688619377927633447e-04 5.750079914745565273e-04 3.747210564711816322e-04 1.851139442540350845e-04 6.932134661444678929e-05 1.967848527286933328e-05 4.234607486917433586e-06 6.907668306423665727e-07 8.541745137838725765e-08 8.006792290106006796e-09 5.689411351168405972e-10 3.064593858556338497e-11 1.251340031762487680e-12 3.873241435155032487e-14 9.088048152693942408e-16 1.616454516978765906e-17 2.179481456261533651e-19
2.767781970363896983e-05 5.462341088059415126e-05 8.171891175916032421e-05 9.267511913107836390e-05 7.967105182734653568e-05 5.192001007560710781e-05 2.564872639214501435e-05 9.604917985049310505e-06 2.726580575059404772e-06 5.867320760073250618e-07 9.571018278126844882e-08 1.183513672266668968e-08 1.109392517971744544e-09 7.883044989751043713e-11 4.246191700895926547e-12 1.733812016569059519e-13 5.366624876442555556e-15 1.259207465144835372e-16 2.239701595598817687e-18 3.019811596239991278e-20
2.907069171661234319e-06 5.737230588328538979e-06 8.583137388004790530e-06 9.733894674173645189e-06 8.368045645251892832e-06 5.453285782597011945e-06 2.693948532989949456e-06 1.008828053280518882e-06 2.863794337370950674e-07 6.162590653632421753e-08 1.005267484060187878e-08 1.243073387906222995e-09 1.165222124719336418e-10 8.279755166376328179e-12 4.459879109991959472e-13 1.821065212792397350e-14 5.636697507688873339e-16 1.322576431902603051e-17 2.352413424179421081e-19 3.171782058577460909e-21
2.314598539273510784e-07 4.567963386860900878e-07 6.833864654588570390e-07 7.750093673006703153e-07 6.662609344106516694e-07 4.341887502947575303e-07 2.144912615124793169e-07 8.032254482499607245e-08 2.280143264107717950e-08 4.906633617144763644e-09 8.003905352053388694e-10 9.897307831218007135e-11 9.277458734369741373e-12 6.592312766567452643e-13 3.550940505287285766e-14 1.449925898750603897e-15 4.487919291637603200e-17 1.053030835042017934e-18 1.872983528720666990e-20 2.525362035153123884e-22
1.396988410535493548e-08 2.757018896762154892e-08 4.124615806862498972e-08 4.677610764047682860e-08 4.021253742155944914e-08 2.620569579798693903e-08 1.294573557400242374e-08 4.847910439814618441e-09 1.376192743696642018e-09 2.961425137702951637e-10 4.830800169497694484e-11 5.973573430169675587e-12 5.599460170403356884e-13 3.978825864294582556e-14 2.143189260779700414e-15 8.751105828164993802e-17 2.708707852120314613e-18 6.355624301706921545e-20 1.130449293192716654e-21 1.524195853256939012e-23
