4.833363680694570119e-07 6.376906627500775505e-06 6.377749553394507730e-05 4.835280616068874477e-04 2.778898762447271683e-03 1.210655520338197594e-02 3.998206928156260165e-02 1.000937055573375978e-01 1.899525320625542746e-01 2.732626187825089592e-01 2.979972006732568013e-01 2.463434175933422732e-01 1.543712992769411818e-01 7.333123109976948106e-02 2.640634007972854011e-02 7.208157501584706688e-03 1.491547685419631827e-03 2.339628143159709303e-04 2.781975817460101489e-05 2.507590891647200537e-06
5.211073757862824135e-07 6.875239062940836208e-06 6.876147860477052176e-05 5.213140494877560593e-04 2.996059757428701058e-03 1.305263917351146170e-02 4.310652493425942006e-02 1.079156704968113889e-01 2.047966427654639987e-01 2.946171146669795404e-01 3.212846156285589228e-01 2.655942742256954259e-01 1.664348639524797224e-01 7.906180442040922074e-02 2.846990107123502714e-02 7.771449218497941680e-03 1.608106800060686093e-03 2.522461711017961127e-04 2.999377273280630978e-05 2.703550147304611196e-06
4.258942586876531084e-07 5.619043176261761803e-06 5.619785924629885866e-05 4.260631704071362268e-04 2.448640546391580609e-03 1.066775168233267609e-02 3.523040036379487816e-02 8.819806938574203947e-02 1.673776238931780347e-01 2.407867235777695070e-01 2.625817241492872656e-01 2.170667347825617766e-01 1.360250426236389032e-01 6.461618113413154785e-02 2.326807866296111069e-02 6.351504042418980658e-03 1.314284704700295495e-03 2.061575042688664080e-04 2.451351908809568911e-05 2.209576258777458556e-06
2.638597643855521649e-07 3.481238308140769530e-06 3.481698472619189827e-05 2.639644124421899885e-04 1.517037866691777533e-03 6.609129820386291064e-03 2.182674443145549495e-02 5.464248773649214852e-02 1.036976186059770377e-01 1.491777051566093304e-01 1.626806430297428885e-01 1.344821544957079118e-01 8.427334946426365270e-02 4.003249628694843104e-02 1.441557294674892208e-02 3.935029237751828252e-03 8.142557581929871831e-04 1.277234181797004726e-04 1.518717672028852429e-05 1.368927284508218932e-06
1.239199913544338240e-07 1.634940522485925903e-06 1.635156635686512959e-05 1.239691386213692985e-04 7.124667899350524067e-04 3.103934061753616577e-03 1.025078600953037433e-02 2.566248258297022106e-02 4.870090000668422792e-02 7.006032153606180091e-02 7.640188690657112591e-02 6.315865346594787266e-02 3.957842061043145149e-02 1.880099682999142319e-02 6.770178390366777925e-03 1.848060428073174458e-03 3.824098257289955459e-04 5.998445770405555819e-05 7.132556993897862828e-06 6.429076356379696267e-07
4.411704324485597087e-08 5.820589635693052525e-07 5.821359025305808315e-06 4.413454027723194404e-05 2.536469526711581106e-04 1.105038757143733587e-03 3.649406078336004788e-03 9.136159884365196993e-03 1.733812025142156266e-02 2.494233739989976800e-02 2.720001278086913235e-02 2.248525855908558788e-02 1.409040522476624757e-02 6.693386443376748464e-03 2.410266895265674413e-03 6.579322749564905882e-04 1.361426081017903973e-04 2.135520577127899484e-05 2.539278141540423317e-06 2.288830369812125188e-07
1.190606477523708445e-08 1.570828689674610233e-07 1.571036328307961419e-06 1.191078677801699705e-05 6.845284331008360406e-05 2.982217767559673703e-04 9.848816231554399607e-04 2.465616536821242308e-03 4.679116450496597149e-03 6.731300714801454095e-03 7.340589718556563004e-03 6.068197802980426075e-03 3.802640997138156259e-03 1.806374287556760001e-03 6.504695616469895322e-04 1.775591405769119397e-04 3.674141763611129451e-05 5.763225377326508526e-06 6.852864066099692337e-07 6.176969406418801608e-08
2.435717427025183758e-09 3.213567947546615335e-08 3.213992730249659413e-07 2.436683444317926172e-06 1.400393719733265188e-05 6.100957725962464112e-05 2.014849892355620475e-04 5.044105907761935398e-04 9.572436986281905461e-04 1.377075193786055952e-03 1.501722243214827007e-03 1.241419009419172156e-03 7.779362132073876310e-04 3.695442125498246081e-04 1.330716804387158570e-04 3.632467160184639461e-05 7.516481131197639260e-06 1.179028398755575785e-06 1.401944365828571994e-07 1.263671272871607491e-08
3.777307885132898297e-10 4.983597609885092142e-09 4.984256362429977869e-08 3.778805983679372338e-07 2.171729027820582063e-06 9.461358476745100463e-06 3.124626979020816433e-05 7.822393848905853349e-05 1.484492466450895124e-04 2.135566683636985058e-04 2.328869189683791690e-04 1.925191223334966493e-04 1.206422616874560212e-04 5.730887550755482825e-05 2.063674144758867967e-05 5.633226044373116896e-06 1.165655060406640980e-06 1.828435933495910894e-07 2.174133768065843878e-08 1.959700008823928262e-09
4.440528752624401935e-11 5.858619194190064874e-10 5.859393610707167584e-09 4.442289887769389292e-08 2.553041871143917575e-07 1.112258667614412094e-06 3.673249934478068273e-06 9.195852140391970366e-06 1.745140105278338976e-05 2.510530131568333262e-05 2.737772750427557738e-05 2.263216883952343678e-05 1.418246666927282789e-05 6.737118530196712741e-06 2.426014678844995230e-06 6.622309586816063033e-07 1.370321130493636959e-07 2.149473270891340122e-08 2.555868836412931674e-09 2.303784732494690140e-10
3.957161792043031318e-12 5.220888169157123368e-11 5.221578287749599214e-10 3.958731221517449696e-09 2.275134406010963703e-08 9.911854528024767276e-08 3.273403935229657264e-07 8.194851731053333657e-07 1.555175550273822866e-06 2.237250216777340759e-06 2.439756688183940755e-06 2.016857874186681389e-06 1.263865596803110702e-06 6.003759804596066507e-07 2.161934564298713073e-07 5.901448213017645341e-08 1.221156921281909795e-08 1.915495648026580852e-09 2.277653646302651672e-10 2.053009771670121663e-11
2.673189503839891812e-13 3.526877137693988370e-12 3.527343334901660927e-11 2.674249703704963730e-10 1.536926143935481498e-09 6.695775123772239711e-09 2.211289176772926841e-08 5.535884753821487969e-08 1.050570882893838307e-07 1.511334161008616999e-07 1.648133766956567997e-07 1.362452076347664343e-07 8.537816812120065986e-08 4.055731995970793300e-08 1.460456026057054803e-08 3.986617239713281974e-09 8.249306033117465697e-10 1.293978646830108076e-10 1.538627971421770232e-11 1.386873840727112197e-12
1.368902468711575736e-14 1.806063810177552914e-13 1.806302543162098083e-12 1.369445382040598414e-11 7.870381017277335596e-11 3.428811568990193661e-10 1.132369855848779089e-09 2.834848144930802098e-09 5.379824636764744970e-09 7.739328098816112023e-09 8.439859497850580791e-09 6.976924038248953087e-09 4.372095017854140848e-09 2.076882889799600420e-09 7.478788378610767946e-10 2.041490202401497287e-10 4.224352735812682003e-11 6.626281307634138990e-12 7.879095834704037685e-13 7.101984433336171295e-14
5.313884194802128750e-16 7.010882188516761286e-15 7.011808915922365238e-14 5.315991706932599120e-13 3.055169688907368263e-12 1.331015760426001018e-11 4.395698318324106169e-11 1.100447628397540919e-10 2.088371214277841424e-10 3.004296814614925230e-10 3.276233114999830208e-10 2.708342429251449466e-10 1.697184945207615644e-10 8.062163240123713971e-11 2.903159010208711477e-11 7.924773874208280498e-12 1.639833497943221154e-12 2.572227920962918616e-13 3.058552656769785269e-14 2.756889091416151937e-15
1.563682169387027827e-17 2.063046740947071606e-16 2.063319442998320940e-15 1.564302333285852911e-14 8.990249301385157695e-14 3.916693581292381488e-13 1.293493578405667592e-12 3.238215722790220785e-12 6.145314258112060731e-12 8.840549000211164263e-12 9.640758279398856855e-12 7.969663263187694107e-12 4.994195845609803414e-12 2.372400384186087971e-12 8.542937355690113065e-13 2.331971708311764119e-13 4.825431468765469810e-14 7.569127945135691538e-15 9.000204141069588730e-16 8.112518371103744823e-17
3.488041967885642082e-19 4.601954127899281175e-18 4.602562433230190948e-17 3.489425342172577891e-16 2.005418203193981925e-15 8.736808447621785875e-15 2.885343310167818659e-14 7.223355591876566837e-14 1.370810159365291617e-13 1.972025168258718196e-13 2.150524584798867843e-13 1.777760242851166563e-13 1.114034875268540406e-13 5.292016668523492990e-14 1.905638153906061611e-14 5.201834072010949644e-15 1.076389294814817912e-15 1.688414464895946182e-16 2.007638788635362132e-17 1.809626348476291575e-18
5.898094666570623105e-21 7.781661272274951860e-20 7.782689884447834170e-19 5.900433879395114689e-18 3.391056219335563699e-17 1.477348144953761385e-16 4.878963081754979192e-16 1.221431263827817360e-15 2.317967548634245236e-15 3.334590361680853492e-15 3.636423443499969356e-15 3.006098637384702383e-15 1.883774110716326220e-15 8.948520566953391579e-16 3.222333428166838733e-16 8.796026561317682883e-17 1.820117423285857073e-17 2.855019647713701005e-18 3.394811111985668217e-19 3.059982538255842208e-20
7.560292451259653833e-23 9.974684758535155668e-22 9.976003253623141377e-21 7.563290899751696037e-20 4.346721812070594266e-19 1.893693584045263452e-18 6.253949765511963122e-18 1.565654348681250073e-17 2.971215884263477074e-17 4.274342777566384242e-17 4.661238291968887611e-17 3.853275696772739818e-17 2.414658291235562871e-17 1.147038769583122933e-17 4.130449656986646314e-18 1.127491791366506117e-18 2.333061911275711488e-19 3.659619709589725276e-20 4.351534906495607009e-21 3.922345128857214258e-22
7.346191941815951956e-25 9.692210885717397708e-24 9.693492042240453721e-23 7.349105477012136251e-22 4.223626659287277796e-21 1.840065928278215842e-20 6.076843676102904334e-20 1.521316461512672370e-19 2.887073790741415400e-19 4.153297332285826585e-19 4.529236322549998985e-19 3.744154482874642341e-19 2.346277395441002061e-19 1.114555689529982393e-19 4.013479132169837067e-20 1.095562263708493432e-20 2.266991749706138405e-21 3.555982654641827658e-22 4.228303451317239038e-23 3.811267932344474666e-24
5.411065198803780870e-27 7.139098112131268078e-26 7.140041787647973909e-25 5.413211253389670348e-24 3.111043028799456547e-23 1.355357549444803087e-22 4.476087419818069236e-22 1.120572757485509780e-21 2.126563618156380660e-21 3.059239784777660460e-21 3.336149291526683101e-21 2.757872947193913673e-21 1.728223283813683229e-21 8.209605128087101133e-22 2.956252359074759856e-22 8.069703167611897833e-23 1.669822985836379441e-23 2.619269159107461391e-24 3.114487864817328335e-25 2.807307437018599387e-26
