2.857159432993113150e-07 4.636358230914312011e-07 5.703169949850328145e-07 5.318050555831345956e-07 3.759113418296594840e-07 2.014258552391217123e-07 8.181667440076637898e-08 2.519215087749692034e-08 5.880110587630353589e-09 1.040405306658629478e-09 1.395456949411762157e-10 1.418819492370333700e-11 1.093539989573511369e-12 6.389090086247578468e-14 2.829698558354566780e-15 9.500318268681364849e-17 2.417870048295470223e-18 4.664709206936777239e-20 6.822020418703800237e-22 7.563072678512957290e-24
3.703427381530274487e-06 6.009610742990243590e-06 7.392403626447279948e-06 6.893214924375405694e-06 4.872532979027157388e-06 2.610865949679451186e-06 1.060501240296993784e-06 3.265386603281963297e-07 7.621752676868842390e-08 1.348565101434525607e-08 1.808780222944836787e-09 1.839062565713616942e-10 1.417437855731530140e-11 8.281487863519562773e-13 3.667832813763859467e-14 1.231423714168759043e-15 3.134023967454585740e-17 6.046359053106318970e-19 8.842648724547805403e-21 9.803194782436880259e-23
3.638899075621830241e-05 5.904899630697795279e-05 7.263598810404426308e-05 6.773107943595631317e-05 4.787634244361074727e-05 2.565374371384422522e-05 1.042023127619139317e-05 3.208490694725267073e-06 7.488951696149134027e-07 1.325067780591460594e-07 1.777264140267096412e-08 1.807018845235395290e-09 1.392740499974806917e-10 8.137191694813971517e-12 3.603924705559031504e-13 1.209967458126830888e-14 3.079416913916854550e-16 5.941007640369842077e-18 8.688574921242171123e-20 9.632384479808554986e-22
2.710397621242041232e-04 4.398205495705146935e-04 5.410219005321673189e-04 5.044881783537812732e-04 3.566021534981904210e-04 1.910793470579405778e-04 7.761405160420606244e-05 2.389812238822403031e-05 5.578070850830214194e-06 9.869634979875989891e-07 1.323777438723152827e-07 1.345939933447762066e-08 1.037368846920849899e-09 6.060905937449064605e-11 2.684347311120027701e-12 9.012321727353312029e-14 2.293672922727733811e-15 4.425100185964237825e-17 6.471598224936718452e-19 7.174585345294457239e-21
1.530357244475981978e-03 2.483335135145980054e-03 3.054742884994691727e-03 2.848464492609794306e-03 2.013463577169210487e-03 1.078881049585109740e-03 4.382280489576279156e-04 1.349346842675905528e-04 3.149516170567070685e-05 5.572638963896873008e-06 7.474373418670163247e-07 7.599508321725178468e-08 5.857239977031565430e-09 3.422136750995305414e-10 1.515648597853936758e-11 5.088578788924417555e-13 1.295064217236977341e-14 2.498520539587518558e-16 3.654023730411692719e-18 4.050947570656128824e-20
6.550123061275745472e-03 1.062898927443950946e-02 1.307468690039306075e-02 1.219178922412803186e-02 8.617879424859867937e-03 4.617747698303343272e-03 1.875671618464563612e-03 5.775375588787744598e-04 1.348032858024348225e-04 2.385160139656368521e-05 3.199126600990599031e-06 3.252685926254668380e-07 2.506972982123386402e-08 1.464717923376712481e-09 6.487168188623008872e-11 2.177976246707377109e-12 5.543039068672883451e-14 1.069398473101433728e-15 1.563968490978976002e-17 1.733856927743651875e-19
2.125215205424235004e-02 3.448620646209720614e-02 4.242137612825932352e-02 3.955677717511124625e-02 2.796107526666488305e-02 1.498247823963117821e-02 6.085696110825733821e-03 1.873845102375391218e-03 4.373749776125354974e-04 7.738753224557332164e-05 1.037970192758209186e-05 1.055347742978051208e-06 8.133980157860830408e-08 4.752339419118201118e-09 2.104789230008878864e-10 7.066536297493318195e-12 1.798462533116101529e-13 3.469708697732439412e-15 5.074362094787207360e-17 5.625572332610926286e-19
5.227008291811467700e-02 8.481949812443623227e-02 1.043362028497257371e-01 9.729066579418294003e-02 6.877081054840603058e-02 3.684969775792852620e-02 1.496788840562666978e-02 4.608758615451031410e-03 1.075732297028815423e-03 1.903361465220138569e-04 2.552907955087434363e-05 2.595648379143619547e-06 2.000568301132656111e-07 1.168847158905710521e-08 5.176770206467497490e-10 1.738028399529117563e-11 4.423353714539971431e-13 8.533816286900422101e-15 1.248049264724316603e-16 1.383620498935433081e-18
9.745413767309855924e-02 1.581403852090939033e-01 1.945279997495794888e-01 1.813920585025103616e-01 1.282186609417506618e-01 6.870384200727353008e-02 2.790664517679571077e-02 8.592727838520211256e-03 2.005632237819032944e-03 3.548692481774324420e-04 4.759729264474115465e-05 4.839415978893590889e-06 3.729928244966530904e-07 2.179238784090986036e-08 9.651748155697687599e-10 3.240439836164221835e-11 8.247052574010702040e-13 1.591074015710632985e-14 2.326905910170306220e-16 2.579669575076284561e-18
1.377349628805765724e-01 2.235047234193241472e-01 2.749324704366782335e-01 2.563670362409997683e-01 1.812154201666515696e-01 9.710127609324671616e-02 3.944132931985717266e-02 1.214436942484156158e-02 2.834622402126572675e-03 5.015477422737396260e-04 6.727073362067257712e-05 6.839697073227253644e-06 5.271623561956707917e-07 3.079985931859935559e-08 1.364111576685430587e-09 4.579814374305673229e-11 1.165581582555099430e-12 2.248714377107947619e-14 3.288688472509792109e-16 3.645927219213038568e-18
1.475655324068473051e-01 2.394569455499435118e-01 2.945552496434404310e-01 2.746647430926456579e-01 1.941493241654876634e-01 1.040316939462063023e-01 4.225637875958134643e-02 1.301115056368091355e-02 3.036938154220619225e-03 5.373447530548082192e-04 7.207205356232495544e-05 7.327867369358164781e-06 5.647875610516635673e-07 3.299814036575348567e-08 1.461472431298823891e-09 4.906689865338860001e-11 1.248772738571045922e-12 2.409212064598170957e-14 3.523412321873183127e-16 3.906148300822312492e-18
1.198457068608053261e-01 1.944755420462313811e-01 2.392237640274393340e-01 2.230696406456511294e-01 1.576788468936586585e-01 8.448959383371242027e-02 3.431862101684766270e-02 1.056703764723007123e-02 2.466456725013863299e-03 4.364058510645144962e-04 5.853349398877554779e-05 5.951345346972156704e-06 4.586935944757658605e-07 2.679952013673822368e-08 1.186938397671921409e-09 3.984980135042695451e-11 1.014193823730657352e-12 1.956647451135752646e-14 2.861547906138047826e-16 3.172387864426925515e-18
7.378309230044124978e-02 1.197290019378088460e-01 1.472782757432928580e-01 1.373329785129504543e-01 9.707509112274081975e-02 5.201607686706670453e-02 2.112828275985620743e-02 6.505604034472083942e-03 1.518475788274214599e-03 2.686735639762516392e-04 3.603618604926076707e-05 3.663949878133308656e-06 2.823950286190432340e-07 1.649914310366647012e-08 7.307394452775870385e-10 2.453355775695611259e-11 6.243891288802537946e-13 1.204611356285359602e-14 1.761713947133212973e-16 1.953082782395132726e-18
3.443404509379522499e-02 5.587667476681443951e-02 6.873372516877589156e-02 6.409232559302568966e-02 4.530425550061620288e-02 2.427553360259721710e-02 9.860419489398307077e-03 3.036119193448987615e-03 7.086618646228503909e-04 1.253880439138710065e-04 1.681783206342003442e-05 1.709939383013545707e-06 1.317917539988166693e-07 7.700032892728645692e-09 3.410309086537545891e-10 1.144963714280654542e-11 2.913979713996019151e-13 5.621835635991608269e-15 8.221793856367038537e-17 9.114898617566725109e-19
1.218192872878685884e-02 1.976781025165094685e-02 2.431632237773101446e-02 2.267430795045132993e-02 1.602754512622461477e-02 8.588094120065985909e-03 3.488376899333144477e-03 1.074105221328236015e-03 2.507073538449987901e-04 4.435924417941860100e-05 5.949740467936069151e-06 6.049350181681163425e-07 4.662472125718067905e-08 2.724084598629894620e-09 1.206484516186585477e-10 4.050603501976397953e-12 1.030895240345337332e-13 1.988868889962179755e-15 2.908670953651290639e-17 3.224629724067004882e-19
3.266937937167008199e-03 5.301312352388773408e-03 6.521127962312712849e-03 6.080774111515741681e-03 4.298251646209870665e-03 2.303146826208574485e-03 9.355095638212105897e-04 2.880525058215335429e-04 6.723445717323164503e-05 1.189621946575198263e-05 1.595595679776549976e-06 1.622308917063450300e-07 1.250377293088053103e-08 7.305423892594584285e-10 3.235538578731338627e-11 1.086286953703601900e-12 2.764644946551483460e-14 5.333729472012522508e-16 7.800445805239417239e-18 8.647780998731824203e-20
6.641444280657783292e-04 1.077717767521610892e-03 1.325697299480876976e-03 1.236176603952227927e-03 8.738029115209696189e-04 4.682127916302713405e-04 1.901822061403738709e-04 5.855895349443140452e-05 1.366827009402910596e-05 2.418413825172990458e-06 3.243728532805763402e-07 3.298034577306500995e-08 2.541924971199557326e-09 1.485138887313138255e-10 6.577611696902060832e-12 2.208341393250998505e-13 5.620319614717279208e-15 1.084307929252918243e-16 1.585773197292917700e-18 1.758030203175932800e-20
1.023483868798317901e-04 1.660823615411643702e-04 2.042974003229590396e-04 1.905017583021389744e-04 1.346579368369164962e-04 7.215422115250344243e-05 2.930814622416292318e-05 9.024263660512924228e-06 2.106357196484938236e-06 3.726911547465758866e-07 4.998767870049387893e-08 5.082456535008334481e-09 3.917249161142868792e-10 2.288682445950651390e-11 1.013646909092436396e-12 3.403178130055994524e-14 8.661228220955881350e-16 1.670979424810522272e-17 2.443765570282378422e-19 2.709223292064696647e-21
1.195628586754108027e-05 1.940165597796801971e-05 2.386591713579912187e-05 2.225431733676325196e-05 1.573067086094664886e-05 8.429018970880423930e-06 3.423762554413430483e-06 1.054209835234998066e-06 2.460635633651496851e-07 4.353758884041708080e-08 5.839534892715252273e-09 5.937299560300786926e-10 4.576110304503362770e-11 2.673627051488125086e-12 1.184137101065220194e-13 3.975575172365654903e-15 1.011800222072372212e-16 1.952029562055645983e-18 2.854794358982545048e-20 3.164900703023129472e-22
1.058786506125498835e-06 1.718109768664000115e-06 2.113441523533111019e-06 1.970726625328300181e-06 1.393026415091665528e-06 7.464300908422025862e-07 3.031906089358359202e-07 9.335534132734438986e-08 2.179010969012212557e-08 3.855462480921258476e-09 5.171188456810875843e-10 5.257763762856693524e-11 4.052365337051338289e-12 2.367625093519047048e-13 1.048610243933779948e-14 3.520562650660320729e-16 8.959976650719926333e-18 1.728615878509126494e-19 2.528057440697117643e-21 2.802671494067527498e-23
