1.043694686423340253e-08 3.700091139747740665e-08 9.943704053355798321e-08 2.025726354697210055e-07 3.128312901562375535e-07 3.662152393182222785e-07 3.249821136347026762e-07 2.186146815777887913e-07 1.114797560755851617e-07 4.309327633953979696e-08 1.262757155910266163e-08 2.804961997494084476e-09 4.723141366540519737e-10 6.028811798363807531e-11 5.833501694080739465e-12 4.278817362195150047e-13 2.379112560471704241e-14 1.002773964718139603e-15 3.203966223283300560e-17 7.760141275077339202e-19
1.414996972746125839e-07 5.016426575447900326e-07 1.348125205235993026e-06 2.746393841796308883e-06 4.241233900196285367e-06 4.964990832564165122e-06 4.405969609422908321e-06 2.963885096421345367e-06 1.511395232929698185e-06 5.842403564889636556e-07 1.711992574236190200e-07 3.802848463973256234e-08 6.403434665754340413e-09 8.173607238698425489e-10 7.908814086158439263e-11 5.801039032964737871e-12 3.225499865699486101e-13 1.359518394490763409e-14 4.343801463877349103e-16 1.052087028434168852e-17
1.454234248505259518e-06 5.155529991679456025e-06 1.385508154779005113e-05 2.822550197314591632e-05 4.358841546930695819e-05 5.102667957103034435e-05 4.528145308651281611e-05 3.046072393699426762e-05 1.553305592229203364e-05 6.004410978465106921e-06 1.759465414126814337e-06 3.908299865442711468e-07 6.580999237711115400e-08 8.400257957639012410e-09 8.128122201443003890e-10 5.961899425325996668e-11 3.314941631391663507e-12 1.397217272418907117e-13 4.464253266364465215e-15 1.081260962832886055e-16
1.132948178681260816e-05 4.016511315294283880e-05 1.079405839958961160e-04 2.198960111530090685e-04 3.395836397630736447e-04 3.975328166254640024e-04 3.527735635103913629e-04 2.373099226703126853e-04 1.210131547555233527e-04 4.677847801410246086e-05 1.370744182676588226e-05 3.044833539606685080e-06 5.127049584983425873e-07 6.544376852176347353e-08 6.332364441071865361e-09 4.644728387016470590e-10 2.582566795947860588e-11 1.088528045351748710e-12 3.477959353864851575e-14 8.423764189158651517e-16
6.690869234084275460e-05 2.372037176416566160e-04 6.374663432601862783e-04 1.298643206641714306e-03 2.005484249362419688e-03 2.347715581655473137e-03 2.083380181993310307e-03 1.401484807880540176e-03 7.146692225726275624e-04 2.762603667593704470e-04 8.095224699814854434e-05 1.798191959386508912e-05 3.027889445898591831e-06 3.864922558721824037e-07 3.739714067689676358e-08 2.743044284826870304e-09 1.525190387797648177e-10 6.428536579280668588e-12 2.053983728122199511e-13 4.974835187433523356e-15
2.995379533815712282e-04 1.061917572008955288e-03 2.853819991535424139e-03 5.813787636272316033e-03 8.978185443123683218e-03 1.051029239771640068e-02 9.326911257673240613e-03 6.274190637434505155e-03 3.199443133392836872e-03 1.236767032271396220e-03 3.624083738468623114e-04 8.050175850963992485e-05 1.355530613376652136e-05 1.730254997841462746e-06 1.674201451078495515e-07 1.228010655067760468e-08 6.827997847437794956e-10 2.877938011980645259e-11 9.195308721124281181e-13 2.227142540558717198e-14
1.016524835063173111e-03 3.603768980026361094e-03 9.684845821524583689e-03 1.972991886782929360e-02 3.046875487298228435e-02 3.566817869134747410e-02 3.165220574161290573e-02 2.129236222278805754e-02 1.085776732714450674e-02 4.197145601411459044e-03 1.229884588217461600e-03 2.731942175189535195e-04 4.600186779771730047e-05 5.871867509415375044e-06 5.681641790989146998e-07 4.167429584485423083e-08 2.317178610363516790e-09 9.766693769266611020e-11 3.120559373385537947e-12 7.558126368112240820e-14
2.615055727972557479e-03 9.270857325312752834e-03 2.491470022818969773e-02 5.075610114783313254e-02 7.838223839345000166e-02 9.175798935336414164e-02 8.142671882918305071e-02 5.477555675194895057e-02 2.793209340534996352e-02 1.079734529596982837e-02 3.163933261860114605e-03 7.028043769609635446e-04 1.183418680315675070e-04 1.510564251333646542e-05 1.461627832131720469e-06 1.072089950970416654e-07 5.961045897506310335e-09 2.512525774452652940e-10 8.027778940927858816e-12 1.944361905377749804e-13
5.099654133055288481e-03 1.807921925727052487e-02 4.858648044606964783e-02 9.898013194426104333e-02 1.528542209275153829e-01 1.789384465659222545e-01 1.587913017594902720e-01 1.068185245126876404e-01 5.447073806335879509e-02 2.105604327113422269e-02 6.170027339365879819e-03 1.370547941812709156e-03 2.307800135825630625e-04 2.945770962032835888e-05 2.850339415480858050e-06 2.090696535064701860e-07 1.162471301218454681e-08 4.899709139288319779e-10 1.565507595782546793e-11 3.791725400285217379e-13
7.538714843535133416e-03 2.672614162024661288e-02 7.182440451397252568e-02 1.463203131888115294e-01 2.259612817139978469e-01 2.645210612346859391e-01 2.347379473912173942e-01 1.579076492832400258e-01 8.052298270873842201e-02 3.112671993289015462e-02 9.121025754824632972e-03 2.026053109317400933e-03 3.411573939316889454e-04 4.354673218559419057e-05 4.213598706884275241e-06 3.090634107920759916e-07 1.718457649289401597e-08 7.243140231399917431e-10 2.314257995163716340e-11 5.605230435620500233e-13
8.447938220678274587e-03 2.994950704078710654e-02 8.048694567501556152e-02 1.639675981788069614e-01 2.532138418555686665e-01 2.964242088683357590e-01 2.630490367082140013e-01 1.769524505707120443e-01 9.023463513167923056e-02 3.488082683362282721e-02 1.022108723903410177e-02 2.270409725605210607e-03 3.823034359674780088e-04 4.879878213350908429e-05 4.721789098179506076e-06 3.463386870087813673e-07 1.925716034809085952e-08 8.116715178721653473e-10 2.593374199134173863e-11 6.281261649443481708e-13
7.176306211793398275e-03 2.544133583871005175e-02 6.837158998181182279e-02 1.392862569074211632e-01 2.150986452259226744e-01 2.518047405011668571e-01 2.234533902621110013e-01 1.503165550044362753e-01 7.665200143501869900e-02 2.963036515417602837e-02 8.682550692099347267e-03 1.928654660056056385e-03 3.247569348468908089e-04 4.145331016927552876e-05 4.011038380122454814e-06 2.942058057292394253e-07 1.635846236295161778e-08 6.894940757715593551e-10 2.203004672690073902e-11 5.335770198042690850e-13
4.621128164380350865e-03 1.638275599089038248e-02 4.402736878607320381e-02 8.969233275584359566e-02 1.385111474117493580e-01 1.621477601307137750e-01 1.438911223533841655e-01 9.679520987581101410e-02 4.935947717857577799e-02 1.908024976830223832e-02 5.591062917017494867e-03 1.241942596359910242e-03 2.091247744880937330e-04 2.669354588231278861e-05 2.582877859410944513e-06 1.894516057223592972e-07 1.053390824198123497e-08 4.439945006088432619e-10 1.418608214139385145e-11 3.435928904526829966e-13
2.255754772661617419e-03 7.997068832813274478e-03 2.149149379418587719e-02 4.378236233408558387e-02 6.761274968507326177e-02 7.915071185659154629e-02 7.023892747536615577e-02 4.724955657606651899e-02 2.409430603545803171e-02 9.313821852027087678e-03 2.729218149915731140e-03 6.062411254257623174e-04 1.020820438977280119e-04 1.303017172027800394e-05 1.260804472699477462e-06 9.247879491650588579e-08 5.142015747320212627e-09 2.167312132789995742e-10 6.924785757399536487e-12 1.677212306002268795e-13
8.347041555646544974e-04 2.959180965938779974e-03 7.952566208308291945e-03 1.620092761128372194e-02 2.501896208544536482e-02 2.928839114219983913e-02 2.599073505535139453e-02 1.748390458954654503e-02 8.915693149354702793e-03 3.446423298443401177e-03 1.009901323843445881e-03 2.243293432423941155e-04 3.777374530362969724e-05 4.821596130240631757e-06 4.665395128367640730e-07 3.422022435858032390e-08 1.902716538288765677e-09 8.019774425705620601e-11 2.562400628892916763e-12 6.206242356443765357e-14
2.341370195959048800e-04 8.300591379482714742e-04 2.230718677676672614e-03 4.544408794789038183e-03 7.017893917284307413e-03 8.215481575211354415e-03 7.290479150484376579e-03 4.904287685888375839e-03 2.500878673845111869e-03 9.667320738538270116e-04 2.832803508576133195e-04 6.292505372655050964e-05 1.059564887200518138e-05 1.352472178440286296e-06 1.308657328840435052e-07 9.598875587004979848e-09 5.337176967921091960e-10 2.249570784269004867e-11 7.187610631383632751e-13 1.740869598576062815e-14
4.978567679118693450e-05 1.764994533149283925e-04 4.743284051814980972e-04 9.662994252462566097e-04 1.492248423268407792e-03 1.746897227500958470e-03 1.550209528016262533e-03 1.042822198907444008e-03 5.317738201541651012e-04 2.055608748058151665e-04 6.023525888145302642e-05 1.338005579939873428e-05 2.253003608933700329e-06 2.875826422541444405e-07 2.782660807612312137e-08 2.041054927402022501e-09 1.134869521961462225e-10 4.783370189720833079e-12 1.528336101708978268e-13 3.701694474453250356e-15
8.024824888157478127e-06 2.844949184176910639e-05 7.645577275218111782e-05 1.557553131124875592e-04 2.405316761401924102e-04 2.815778603773957164e-04 2.498742771833910130e-04 1.680898217134802549e-04 8.571525109003110660e-05 3.313382744784016141e-05 9.709166084934301417e-06 2.156696698817553364e-06 3.631558431938458581e-07 4.635470468027602124e-08 4.485299215251514324e-09 3.289923816484424087e-10 1.829266924068386565e-11 7.710191087436899113e-13 2.463485559893984482e-14 5.966665888974267764e-16
9.805359762295779359e-07 3.476181803975715482e-06 9.341965316225046969e-06 1.903140443862844913e-05 2.939004466331873315e-05 3.440538903437408526e-05 3.053159685443695027e-05 2.053853133559473975e-05 1.047336092396957424e-05 4.048550628280423519e-06 1.186341979812597564e-06 2.635220995447445278e-07 4.437322610678315628e-08 5.663980988991305544e-09 5.480489987013530904e-10 4.019886671767820280e-11 2.235141643804387171e-12 9.420915534235824040e-14 3.010079661629503682e-15 7.290539848308671927e-17
9.082142683643892081e-08 3.219787942854853027e-07 8.652926971008261208e-07 1.762769901073859433e-06 2.722231367148032481e-06 3.186773967213428412e-06 2.827966802990261484e-06 1.902366426366476176e-06 9.700873868448560929e-07 3.749940375404430503e-07 1.098840572243511035e-07 2.440854151585369877e-08 4.110037577458957385e-09 5.246220918611284591e-10 5.076263721575532031e-11 3.723390595566034332e-12 2.070283581561609183e-13 8.726054032356474182e-15 2.788064246370181196e-16 6.752809152168007859e-18
