3.214137270675306232e-19 3.154297808178595628e-17 2.346593087003842355e-15 1.323334695493289866e-13 5.657159592355390519e-12 1.833259658109214137e-10 4.503460439680481195e-09 8.386206301757388591e-08 1.183808764875056424e-06 1.266760112148821264e-05 1.027552518185444929e-04 6.318449160153953754e-04 2.945193154076448244e-03 1.040672045347034932e-02 2.787473930575417105e-02 5.659845283716928577e-02 8.711543792869182179e-02 1.016441780241336690e-01 8.990145313821659712e-02 6.027645942906910415e-02
6.087994345899493912e-19 5.974650615167950511e-17 4.444752741629033854e-15 2.506568159798304871e-13 1.071539660932851302e-11 3.472432411323098504e-10 8.530140247555843573e-09 1.588456629231602814e-07 2.242287886376229593e-06 2.399408535140966014e-05 1.946318216680709178e-04 1.196796512483381441e-03 5.578579183032844266e-03 1.971168308775204242e-02 5.279838444834008410e-02 1.072048365833948164e-01 1.650079784672675298e-01 1.925273032830085440e-01 1.702850539045630274e-01 1.141714598013766069e-01
8.741397699903846483e-19 8.578654016052929079e-17 6.381962463300726972e-15 3.599035725365143227e-13 1.538561600955349718e-11 4.985864139945544035e-10 1.224793324423258173e-08 2.280772670972422945e-07 3.219571021069257088e-06 3.445171440465926284e-05 2.794605352094829448e-04 1.718410643485826332e-03 8.009958036859858230e-03 2.830286156894447694e-02 7.581013551469889533e-02 1.539292020794742477e-01 2.369253782916333206e-01 2.764387794184348657e-01 2.445024246009591395e-01 1.639321719762482366e-01
9.514464232385518906e-19 9.337327919383395442e-17 6.946366665158072653e-15 3.917325106995288351e-13 1.674627997050453751e-11 5.426801028348945381e-10 1.333110868233095423e-08 2.482478288387240556e-07 3.504301528796163632e-06 3.749853463950009690e-05 3.041752998657389095e-04 1.870382422272845241e-03 8.718337943307410964e-03 3.080589321257426808e-02 8.251458720552594384e-02 1.675423013325325061e-01 2.578784440301742364e-01 3.008863078326631246e-01 2.661255846559808513e-01 1.784299079336521265e-01
7.850270391113153589e-19 7.704117342534938628e-17 5.731363871408803225e-15 3.232137989981054686e-13 1.381715487102961095e-11 4.477588479054969616e-10 1.099933797779117660e-08 2.048263079025881566e-07 2.891357186398675837e-06 3.093959144736740328e-05 2.509713938611623867e-04 1.543230116904393753e-03 7.193396132921758140e-03 2.541757322869569319e-02 6.808179682567924718e-02 1.382371445501737184e-01 2.127724130577587081e-01 2.482576859588324081e-01 2.195770299321113950e-01 1.472203782502837788e-01
4.910002495868585603e-19 4.818590124377508477e-17 3.584718679907547712e-15 2.021561654202901425e-13 8.642029066840681909e-12 2.800536734699026159e-10 6.879607227923663600e-09 1.281099418129283549e-07 1.808418091908815319e-06 1.935136799869998557e-05 1.569716849046263389e-04 9.652232787138101400e-04 4.499156233701290773e-03 1.589758591412321342e-02 4.258220108134442433e-02 8.646131801160263086e-02 1.330798847831078935e-01 1.552743787088317617e-01 1.373358765097525969e-01 9.207993975212806770e-02
2.327960620379276828e-19 2.284619623867408527e-17 1.699608896122669787e-15 9.584752607789885990e-14 4.097412040972731980e-12 1.327807723069509950e-10 3.261801745265654704e-09 6.074027454579096154e-08 8.574183224321163051e-07 9.174989766165460867e-06 7.442438191834551829e-05 4.576376049930332601e-04 2.133167660465250248e-03 7.537461334961729868e-03 2.018933540865854720e-02 4.099357254634013875e-02 6.309665451297923056e-02 7.361964465235427968e-02 6.511453151989023136e-02 4.365750808685275181e-02
8.366934431963510637e-20 8.211162348511478639e-18 6.108572485871051856e-16 3.444860532172733987e-14 1.472652827004058095e-12 4.772280106425226781e-11 1.172325729816491457e-09 2.183069120908481174e-08 3.081651305332155009e-07 3.297587472718310056e-06 2.674890280355146581e-05 1.644797511202610225e-04 7.666828120395723870e-04 2.709042593805132716e-03 7.256258723210002974e-03 1.473351957179094840e-02 2.267759886334932973e-02 2.645967179678258147e-02 2.340284500629483469e-02 1.569096592218561029e-02
2.279575187263879175e-20 2.237135010495060255e-18 1.664283422037854440e-16 9.385538582358383412e-15 4.012249493754739026e-13 1.300209940180806713e-11 3.194006917123115612e-10 5.947781998976546516e-09 8.395973350284765015e-08 8.984292445180342756e-07 7.287751041118160763e-06 4.481258488517846761e-05 2.088830896236591739e-04 7.380799178355651382e-04 1.976971072535926594e-03 4.014154277176484702e-03 6.178522384271072088e-03 7.208949918463368814e-03 6.376116034079253557e-03 4.275010981772871428e-03
4.708019966814432311e-21 4.620368021513798918e-19 3.437254285434302154e-17 1.938400772737279856e-15 8.286522345907500351e-14 2.685331193997249366e-12 6.596601166732357500e-11 1.228398894929695807e-09 1.734025286589800817e-08 1.855531173348952229e-07 1.505143484911302818e-06 9.255169365886067260e-06 4.314074666949054975e-05 1.524360771116055281e-04 4.083049918825175937e-04 8.290456306248938185e-04 1.276053841657772640e-03 1.488868642960973054e-03 1.316862973719314404e-03 8.829205183925256661e-04
7.370882537932552759e-22 7.233654531767275439e-20 5.381370038684062972e-18 3.034762916893834745e-16 1.297339078639568094e-14 4.204158212139555653e-13 1.032764786307231397e-11 1.923183000088110396e-10 2.714792374575752115e-09 2.905022158069013686e-08 2.356454710943440431e-07 1.448990589366093012e-06 6.754121234423658777e-06 2.386541320667168111e-05 6.392428570887916930e-05 1.297954980011909712e-04 1.997791650255279102e-04 2.330974795993023103e-04 2.061682483561181505e-04 1.382301578428782362e-04
8.747772985887103499e-23 8.584910609629928382e-21 6.386616963328566256e-19 3.601660578140495451e-17 1.539683706429278627e-15 4.989500435976996581e-14 1.225686592065524285e-12 2.282436086657113578e-11 3.221919122220500370e-10 3.447684076768287452e-09 2.796643516807314795e-08 1.719663916665345755e-07 8.015799868446930293e-07 2.832350344371549789e-06 7.586542544783355844e-06 1.540414658979289309e-05 2.370981729744910867e-05 2.766403920593585915e-05 2.446807453837366621e-05 1.640517311719370274e-05
7.869956597831173724e-24 7.723437039695524863e-22 5.745736473666781176e-20 3.240243256862569082e-18 1.385180429754549854e-16 4.488816975400369777e-15 1.102692113485515424e-13 2.053399530176955346e-12 2.898607873627435754e-11 3.101717899055494539e-10 2.516007575000839519e-09 1.547100091514353494e-08 7.211435089062408719e-08 2.548131314794966351e-07 6.825252627310867128e-07 1.385838033107188352e-06 2.133059847054430858e-06 2.488802444035281222e-06 2.201276655900463909e-06 1.475895643617106805e-06
5.367153173853550908e-25 5.267229762370433018e-23 3.918477486809146555e-21 2.209781167652199746e-19 9.446653799800777984e-18 3.061283499709158402e-16 7.520139918316716741e-15 1.400377456797631312e-13 1.976792661472065746e-12 2.115309641085162408e-11 1.715866901391387723e-10 1.055091354471844828e-09 4.918054660805420455e-09 1.737774650163418340e-08 4.654685937037936175e-08 9.451138523289910586e-08 1.454704201455535393e-07 1.697313545576549537e-07 1.501226702254211109e-07 1.006531343527250112e-07
2.774677176609341720e-26 2.723019398217285081e-24 2.025749908289004527e-22 1.142398804836681795e-20 4.883671817180066052e-19 1.582603138504267877e-17 3.887714756849528717e-16 7.239583522496760689e-15 1.021949868581306326e-13 1.093559507705760284e-12 8.870581060707399204e-12 5.454545092457158357e-11 2.542505044784547155e-10 8.983838365911157978e-10 2.406350334233275135e-09 4.885990301394262648e-09 7.520438518802981310e-09 8.774665085773538964e-09 7.760947624810480755e-09 5.203502594321901479e-09
1.087371017533511203e-27 1.067126799025060019e-25 7.938731603135180433e-24 4.476958117204514649e-22 1.913867039349106232e-20 6.202079288986068339e-19 1.523560429542085051e-17 2.837127636951209432e-16 4.004929574637680383e-15 4.285561306560879242e-14 3.476300895616925995e-13 2.137587138917323438e-12 9.963848482762446769e-12 3.520685414378494812e-11 9.430270424016760988e-11 1.914775632449716221e-10 2.947192182725174369e-10 3.438712288141875523e-10 3.041445537144238822e-10 2.039205842908298336e-10
3.230277735711675135e-29 3.170137776792142313e-27 2.358376996801620664e-25 1.329980098469353747e-23 5.685568206834485545e-22 1.842465756331658199e-20 4.526075511672725467e-19 8.428319397186182594e-18 1.189753509100368050e-16 1.273121413978132667e-15 1.032712588865719011e-14 6.350178579019762183e-14 2.959983059772884703e-13 1.045897998487085118e-12 2.801471816081646425e-12 5.688267384958987250e-12 8.755290638806447677e-12 1.021546056018591467e-11 9.035291215782154784e-12 6.057915032370084399e-12
7.274427072415095963e-31 7.138994833737391152e-29 5.310949359812570662e-27 2.995049969580172781e-25 1.280362082449462166e-23 4.149142542662489898e-22 1.019250012774933684e-20 1.898016202137639026e-19 2.679266565973409184e-18 2.867007000026125364e-17 2.325618113704882931e-16 1.430029079518595320e-15 6.665736715409118174e-15 2.355311009659359431e-14 6.308777166809905161e-14 1.280969924128370295e-13 1.971648522530659724e-13 2.300471629255533170e-13 2.034703279554367622e-13 1.364212761852644867e-13
1.241808259275378713e-32 1.218688792836605690e-30 9.066254584663798351e-29 5.112811981126009350e-27 2.185689942343337685e-25 7.082948838579253560e-24 1.739948825564681192e-22 3.240079490233329143e-21 4.573742120589548681e-20 4.894231444746292432e-19 3.970033313648122023e-18 2.441184583022566126e-17 1.137899497094287360e-16 4.020721681365624800e-16 1.076963383326839463e-15 2.186727581197492805e-15 3.365776294536169423e-15 3.927106067598247445e-15 3.473416273986339598e-15 2.328830378273442175e-15
1.606967572547376441e-34 1.577049722843741190e-32 1.173222759084797876e-30 6.616257378571009613e-29 2.828401916925692166e-27 9.165721854878364674e-26 2.251588616591939234e-24 4.192839461640380356e-23 5.918671596909950702e-22 6.333402250713206687e-21 5.137439495440296225e-20 3.159025907758837672e-19 1.472503970714031196e-18 5.203033006047859176e-18 1.393649318162035997e-17 2.829744678159713950e-17 4.355497977541508769e-17 5.081889299292294277e-17 4.494789977891854914e-17 3.013633442921677875e-17
