4.571956665596144657e-31 4.448716494036408526e-29 3.281437782313012425e-27 1.834807208893613828e-25 7.777025460724729773e-24 2.498811081000087212e-22 6.086255008897538933e-21 1.123734426952772667e-19 1.572801978640194121e-18 1.668711377022267599e-17 1.342101081690574584e-16 8.182500589864263692e-16 3.781670481486777673e-15 1.324884872427436013e-14 3.518596112125486404e-14 7.083656855432455943e-14 1.081041660987730175e-13 1.250616535121514696e-13 1.096737570708849584e-13 7.290848862257087819e-14
2.118298815850810582e-29 2.061198644398026555e-27 1.520370002819210301e-25 8.501108436046510442e-24 3.603285207898339044e-22 1.157760001040424821e-20 2.819910100051780720e-19 5.206535144694908574e-18 7.287174425759547853e-17 7.731546015172277267e-16 6.218281011914485306e-15 3.791151705491467535e-14 1.752139989241744483e-13 6.138514123549170060e-13 1.630251230038899086e-12 3.282030654767685553e-12 5.008729167508637705e-12 5.794410838069281029e-12 5.081452138017398589e-12 3.378027755093031619e-12
7.439935336458446636e-28 7.239386867974843116e-26 5.339876708528850563e-24 2.985777860004310201e-22 1.265553695492833806e-20 4.066309945709478365e-19 9.904149802672960162e-18 1.828650637656618253e-16 2.559417307296607377e-15 2.715490466845728339e-14 2.183998229446646979e-13 1.331536576827657018e-12 6.153904313611072317e-12 2.155982328810365887e-11 5.725803953112079683e-11 1.152721970150296534e-10 1.759176790604502650e-10 2.035125621820934164e-10 1.784718711036679414e-10 1.186438281256348828e-10
1.980833251952027439e-26 1.927438557369980484e-24 1.421706623409060482e-22 7.949434774058181392e-21 3.369452459994478465e-19 1.082627951580929247e-17 2.636913948070344133e-16 4.868660580318642621e-15 6.814278187433755459e-14 7.229812584160484002e-13 5.814749886188657381e-12 3.545127488737185390e-11 1.638436053872269034e-10 5.740159415903539451e-10 1.524457182968168446e-09 3.069045503043684763e-09 4.683691087764752927e-09 5.418386479581156658e-09 4.751694750461709493e-09 3.158812936699659826e-09
3.997822373585467987e-25 3.890058378599794425e-23 2.869363457089765535e-21 1.604396945869627739e-19 6.800407060020795602e-18 2.185016958309873261e-16 5.321959114138797754e-15 9.826188134821825953e-14 1.375293643254018963e-12 1.459158991666939699e-11 1.173563558108708260e-10 7.154963689002948305e-10 3.306778249711198048e-09 1.158509315119384489e-08 3.076740067664634923e-08 6.194109860347346398e-08 9.452872927681613287e-08 1.093567400257232666e-07 9.590121514329549387e-08 6.375283239951878738e-08
6.116400144625162853e-24 5.951528458761644457e-22 4.389933674863606057e-20 2.454619739133682935e-18 1.040416677845478413e-16 3.342929422806967250e-15 8.142240563383012093e-14 1.503340891932536615e-12 2.104107049397680037e-11 2.232415408606183096e-10 1.795473546791246358e-09 1.094661464485144003e-08 5.059148975305148513e-08 1.772441564528733441e-07 4.707205982731162127e-07 9.476572720181823638e-07 1.446226168626422022e-06 1.673084789680612260e-06 1.467224282018592691e-06 9.753755841807500131e-07
7.093574023202903316e-23 6.902361957224706616e-21 5.091282248261824361e-19 2.846776928690766672e-17 1.206636672677011342e-15 3.877005551355638015e-14 9.443068600055127134e-13 1.743519005767210723e-11 2.440265312066202856e-10 2.589072587967051643e-09 2.082323623325809001e-08 1.269547764218249181e-07 5.867413331724955496e-07 2.055611984581273097e-06 5.459242902920517455e-06 1.099057754354863661e-05 1.677279468129589087e-05 1.940381682373005365e-05 1.701632301196905796e-05 1.131204424695947070e-05
6.236359459025698388e-22 6.068254189038743324e-20 4.476032265774639628e-18 2.502761537259684358e-16 1.060822090901204803e-14 3.408493400337394161e-13 8.301932142182938412e-12 1.532825513350728931e-10 2.145374336217172679e-09 2.276199172836998348e-08 1.830687687561059607e-07 1.116130765981988058e-06 5.158372706287002201e-06 1.807203985212194403e-05 4.799527150260830219e-05 9.662434197439583798e-05 1.474590614305956488e-04 1.705898552606242738e-04 1.496000558060213751e-04 9.945053637234021115e-05
4.156176607307543963e-21 4.044144067285540017e-19 2.983019294957815770e-17 1.667947305342282514e-15 7.069772016328697327e-14 2.271565747567983737e-12 5.532762566285094441e-11 1.021540464998752274e-09 1.429769192858038166e-08 1.516956457990292541e-07 1.220048554339732334e-06 7.438372676797743459e-06 3.437760141073255472e-05 1.204398010942321862e-04 3.198610118469322953e-04 6.439459310339495229e-04 9.827302381782765991e-04 1.136883738880812861e-03 9.969987401752919594e-04 6.627808989693536766e-04
2.099682685985926840e-20 2.043084324853333348e-18 1.507008618106443881e-16 8.426398608775296670e-15 3.571618653175953510e-13 1.147585322014743547e-11 2.795128038032443276e-10 5.160778836059638133e-09 7.223132948493476221e-08 7.663599291321127829e-07 6.163633232296225217e-06 3.757834133882201295e-05 1.736741753007495746e-04 6.084567354922205702e-04 1.615924182134366753e-03 3.253187363900249610e-03 4.964711226346273445e-03 5.743488133564652980e-03 5.036795089542589650e-03 3.348340818148402322e-03
8.041001810081671388e-20 7.824251189927302552e-18 5.771281111608833866e-16 3.226996484652941847e-14 1.367796774569488685e-12 4.394823900360355294e-11 1.070429820812444202e-09 1.976385871977665143e-08 2.766190601130013184e-07 2.934872787423998561e-06 2.360441713805985539e-05 1.439110360542171865e-04 6.651073361125661243e-04 2.330162430782721766e-03 6.188387112120212474e-03 1.245849463647584823e-02 1.901299287936833449e-02 2.199541806313003167e-02 1.928904719857947592e-02 1.282289688780252970e-02
2.334336561007905360e-19 2.271412946612855162e-17 1.675427119764074794e-15 9.368106181651059632e-14 3.970771421669180021e-12 1.275835816494902548e-10 3.107502679060147687e-09 5.737531104435971015e-08 8.030367368949319604e-07 8.520058832720790859e-06 6.852461326096263828e-05 4.177797753666641161e-04 1.930834500914466786e-03 6.764559297130554386e-03 1.796514741655756003e-02 3.616753261836547217e-02 5.519551600752802684e-02 6.385362144184945909e-02 5.599691327789148299e-02 3.722540764224489124e-02
5.137047763990258534e-19 4.998575181231793872e-17 3.687021521693731920e-15 2.061588278105658816e-13 8.738261137543365810e-12 2.807662630068195594e-10 6.838512473182975111e-09 1.262627327318268887e-07 1.767199358727845878e-06 1.874963101156067394e-05 1.507983969451836474e-04 9.193852749155490868e-04 4.249082682094142832e-03 1.488639847062151085e-02 3.953492478656751852e-02 7.959192589006860996e-02 1.214657761117076545e-01 1.405191987863577130e-01 1.232293675854285869e-01 8.191993403455589962e-02
8.569600076466177103e-19 8.338600733981251336e-17 6.150672792206268533e-15 3.439132333854922047e-13 1.457712810018853197e-11 4.683730226918181988e-10 1.140797588527441748e-08 2.106309253455371063e-07 2.948034056806526837e-06 3.127805049365068424e-05 2.515612105168798878e-04 1.533714398656522765e-03 7.088300703106738265e-03 2.483342326820263055e-02 6.595198449369445159e-02 1.327748943614678878e-01 2.026286637923669365e-01 2.344134981780207350e-01 2.055706791915608289e-01 1.366584671234069015e-01
1.083688152331577001e-18 1.054476608220579544e-16 7.777972337456744018e-15 4.349032546727543903e-13 1.843383690748403248e-11 5.922916951010830543e-10 1.442621382403435136e-08 2.663580987150589606e-07 3.728003117443771051e-06 3.955336590453301728e-05 3.181174162047354747e-04 1.939493217949332009e-03 8.963670910635962441e-03 3.140366684262353714e-02 8.340107307323144092e-02 1.679034945186538286e-01 2.562386579481041871e-01 2.964328888809416584e-01 2.599590500359904577e-01 1.728145542568889359e-01
1.038831034090705578e-18 1.010828643817337755e-16 7.456018624052325879e-15 4.169012984123462807e-13 1.767080484884900702e-11 5.677749570126645808e-10 1.382906936150561155e-08 2.553327343583769553e-07 3.573689834345013408e-06 3.791613289853700442e-05 3.049495777241959535e-04 1.859211749135872629e-03 8.592637560270757063e-03 3.010377443932861843e-02 7.994885133562876223e-02 1.609534629154898422e-01 2.456321677389691482e-01 2.841626383310886794e-01 2.491985615872053805e-01 1.656612390920360611e-01
7.548876574221154103e-19 7.345391521291587614e-17 5.418067277642646758e-15 3.029497908774018318e-13 1.284084903064827922e-11 4.125851973775447285e-10 1.004917395808508785e-08 1.855427142410040121e-07 2.596894257941837420e-06 2.755252760362089412e-05 2.215978006101629360e-04 1.351033956340493957e-03 6.244014499073679940e-03 2.187551875167053489e-02 5.809645564850546284e-02 1.169601009086165683e-01 1.784936006020360344e-01 2.064925491607071950e-01 1.810851930835758183e-01 1.203811020271394611e-01
4.158307038736337118e-19 4.046217071500125103e-17 2.984548372920359373e-15 1.668802285218414107e-13 7.073395939448710506e-12 2.272730138670303827e-10 5.535598627495441541e-09 1.022064100570109956e-07 1.430502084049196356e-06 1.517734040855407599e-05 1.220673943977953693e-04 7.442185542425713753e-04 3.439522316491006992e-03 1.205015378205008883e-02 3.200249707006751210e-02 6.442760138912349832e-02 9.832339798580133627e-02 1.137466498728877395e-01 9.975097958043550872e-02 6.631206365192666985e-02
1.736391301410346617e-19 1.689585704259570377e-17 1.246262910627246508e-15 6.968445920019265055e-14 2.953649902779286856e-12 9.490277669441882516e-11 2.311509278978857229e-09 4.267850346743606328e-08 5.973371740599571674e-07 6.337627697632839587e-06 5.097188828138318582e-05 3.107646000877521079e-04 1.436247149555525604e-03 5.031803090270898886e-03 1.336333681429209726e-02 2.690314245212724678e-02 4.105706755110972300e-02 4.749738092064290096e-02 4.165318521146642305e-02 2.769004054562682060e-02
5.496363781169193946e-20 5.348205593134868462e-18 3.944913982362387272e-16 2.205788161615457357e-14 9.349467677420369262e-13 3.004047440988185144e-11 7.316839165513318135e-10 1.350943076611759230e-08 1.890807910626140060e-07 2.006109297340449540e-06 1.613461437983722540e-05 9.836926106485901382e-05 4.546289080815268013e-04 1.592764271329662499e-03 4.230023520734177422e-03 8.515906388923020695e-03 1.299618230439445951e-02 1.503479566964976283e-02 1.318487707123869659e-02 8.764990692505353689e-03
