1.203390190197952066e-23 4.245460525015403318e-22 1.135376671907544069e-20 2.301717108272171251e-19 3.537209186271634933e-18 4.120656016821292639e-17 3.638888926672360316e-16 2.435948240640426464e-15 1.236129959206371692e-14 4.755071239012971664e-14 1.386585782343117604e-13 3.065019748718340951e-13 5.135900849642922571e-13 6.523742403469644219e-13 6.281650896810438725e-13 4.585087297813017523e-13 2.536986991163379828e-13 1.064107958224028922e-13 3.383373640927432416e-14 8.154757506980670048e-15
4.948878367526458895e-22 1.745923136450045665e-20 4.669176378837820962e-19 9.465689597669024432e-18 1.454658527711285422e-16 1.694597944022640722e-15 1.496473781964117782e-14 1.001770801417000086e-13 5.083518932094257895e-13 1.955497841222028273e-12 5.702260529337419163e-12 1.260473124513214031e-11 2.112111999880749391e-11 2.682854482180491660e-11 2.583295633352702297e-11 1.885592846459443255e-11 1.043322451980372009e-11 4.376087571647404262e-12 1.391394475144488975e-12 3.353600797766371851e-13
1.542779688159322686e-20 5.442798452427609834e-19 1.455584466365605557e-17 2.950865339817162174e-16 4.534800540839354461e-15 5.282795602312188170e-14 4.665156795581423569e-13 3.122953384262915584e-12 1.584752982467887331e-11 6.096133559218274003e-11 1.777641531661130165e-10 3.929440551075131205e-10 6.584367710298452777e-10 8.363619175922525647e-10 8.053251132214050392e-10 5.878209419622771325e-10 3.252487872156794790e-10 1.364215993556230961e-10 4.337579093791568435e-11 1.045462589450311170e-11
3.645842173158484860e-19 1.286222802267867965e-17 3.439785521419230038e-16 6.973380182398430305e-15 1.071647960207439643e-13 1.248411496917310899e-12 1.102453287417875962e-11 7.380052537986216454e-11 3.745031971748038425e-10 1.440616634635752814e-09 4.200859341504969785e-09 9.285914371300320548e-09 1.555994395442811904e-08 1.976460783470369359e-08 1.903115709534173463e-08 1.389117575840488531e-08 7.686163839856833649e-09 3.223866791076778148e-09 1.025041288197385020e-09 2.470600065797476669e-10
6.531134621202484559e-18 2.304129985745978953e-16 6.162006263971007467e-15 1.249206152459795110e-13 1.919742205567926494e-12 2.236395093855707945e-11 1.974926640193974575e-10 1.322057136537484161e-09 6.708822490525998080e-09 2.580709951632010245e-08 7.525388259014023114e-08 1.663471811435565157e-07 2.787396816376620471e-07 3.540617184530879493e-07 3.409227363214404108e-07 2.488454919767669588e-07 1.376893688056565734e-07 5.775211052294571597e-08 1.836251359094944719e-08 4.425814628968474539e-09
8.869032091803920468e-17 3.128920772958462122e-15 8.367769840119039819e-14 1.696374381792319961e-12 2.606936806033484516e-11 3.036939369304731994e-10 2.681875166678752420e-09 1.795303243801524144e-08 9.110325451496455951e-08 3.504505833696596988e-07 1.021919066800540190e-06 2.258931370291800903e-06 3.785178724808549799e-06 4.808023300033443179e-06 4.629600926375855493e-06 3.379227013753274264e-06 1.869769192435893240e-06 7.842516672900927538e-07 2.493559416087039724e-07 6.010087718796605456e-08
9.129786811619137576e-16 3.220912869844747585e-14 8.613787157178344405e-13 1.746248778687866839e-11 2.683582269641788744e-10 3.126227159239630386e-09 2.760723861827004764e-08 1.848086206978918811e-07 9.378174336914934205e-07 3.607540350574806109e-06 1.051964083796662622e-05 2.325345270979630889e-05 3.896465188497196203e-05 4.949381991206051602e-05 4.765713895628610834e-05 3.478578260207500233e-05 1.924741497964396777e-05 8.073091240285599427e-06 2.566871518259411208e-06 6.186787805452954593e-07
7.124294537530050096e-15 2.513391871899112766e-13 6.721641814596646236e-12 1.362659489413444863e-10 2.094093859923424151e-09 2.439505273584714867e-08 2.154290164082692666e-07 1.442126825185919848e-06 7.318120080904566250e-06 2.815090926417959115e-05 8.208846636300870774e-05 1.814548899523924885e-04 3.040549164056937878e-04 3.862177267844171054e-04 3.718854577288499075e-04 2.714457260494568171e-04 1.501943651373535455e-04 6.299717727357139884e-05 2.003020345754804666e-05 4.827768651854134115e-06
4.214246308344231989e-14 1.486751054686948836e-12 3.976064444550157438e-11 8.060563319693635908e-10 1.238722974186325092e-08 1.443044786993735911e-07 1.274330998425472508e-06 8.530637829736577323e-06 4.328900268301383010e-05 1.665215619850445874e-04 4.855793293014039422e-04 1.073363258754312603e-03 1.798581322328163777e-03 2.284600420075583171e-03 2.199820500268168371e-03 1.605687612848671073e-03 8.884473339498409790e-04 3.726482957192532304e-04 1.184850100338792058e-04 2.855778366747582640e-05
1.889708355949427226e-13 6.666733944087851443e-12 1.782905329900360180e-10 3.614433695706119749e-09 5.554552306047184273e-08 6.470750859037306391e-07 5.714222092813863511e-06 3.825219602497598127e-05 1.941120288314348533e-04 7.466986125272900236e-04 2.177384160580080139e-03 4.813063524599874195e-03 8.065010692252299815e-03 1.024436681661027373e-02 9.864205546587736032e-03 7.200056847737464245e-03 3.983882829681216313e-03 1.670990603602527788e-03 5.312981186515980218e-04 1.280558336539854903e-04
6.423422243086471892e-13 2.266129954411841437e-11 6.060381601924763266e-10 1.228604071314229491e-08 1.888081550823472316e-07 2.199512155754230339e-06 1.942355876098954132e-05 1.300253586857241100e-04 6.598179659421730785e-04 2.538148525135671980e-03 7.401278511988827052e-03 1.636037603578778879e-02 2.741426681437078919e-02 3.482224834799445973e-02 3.353001912641392912e-02 2.447414976053667243e-02 1.354185766362214598e-02 5.679965470532215982e-03 1.805967646971656272e-03 4.352823480196347009e-04
1.655140930041210523e-12 5.839199570565999943e-11 1.561595246491934467e-09 3.165778004763925782e-08 4.865071819600663424e-07 5.667543650941318830e-06 5.004921970835095378e-05 3.350399288100077756e-04 1.700171155621670819e-03 6.540117326083159412e-03 1.907107852517721247e-02 4.215623227453643013e-02 7.063909759376636732e-02 8.972744797971017594e-02 8.639772529499142872e-02 6.306321687044849633e-02 3.489367822888660153e-02 1.463572372440111007e-02 4.653486658222106241e-03 1.121604034527176694e-03
3.232959805229763266e-12 1.140561336120467829e-10 3.050238546043681941e-09 6.183662584809281312e-08 9.502865500361578778e-07 1.107032065083560464e-05 9.776032521664677042e-05 6.544280328822689322e-04 3.320916611009702181e-03 1.277470459037417967e-02 3.725122688660920806e-02 8.234308149222842321e-02 1.379781981421143167e-01 1.752631618728837382e-01 1.687592688164843147e-01 1.231803537874998217e-01 6.815725303089605058e-02 2.858772063612636388e-02 9.089579652791546921e-03 2.190810882140181281e-03
4.786989239110686600e-12 1.688809998108331238e-10 4.516436942089980369e-09 9.156045244945330320e-08 1.407073320780555087e-06 1.639163770094833117e-05 1.447520702444335058e-04 9.690005876695857636e-04 4.917225402917609761e-03 1.891529035035217562e-02 5.515726547586803641e-02 1.219240166181087409e-01 2.043019986421517886e-01 2.595092176960677732e-01 2.498790125747585023e-01 1.823910792508913747e-01 1.009192988723395523e-01 4.232935740013429871e-02 1.345878780044411187e-02 3.243896846712046415e-03
5.373056615209290945e-12 1.895569695045588132e-10 5.069380810511380646e-09 1.027701275586086836e-07 1.579340215042768538e-06 1.839845317879944102e-05 1.624739538241756222e-04 1.087634577320883891e-03 5.519237491440449721e-03 2.123107466279692754e-02 6.191012666596801273e-02 1.368510793152569738e-01 2.293145337232110059e-01 2.912807297450052957e-01 2.804715060872378096e-01 2.047210774817257162e-01 1.132747702831781583e-01 4.751170776364713189e-02 1.510653674193530339e-02 3.641044619210548252e-03
4.571694503216968464e-12 1.612855805534263010e-10 4.313310289812704924e-09 8.744252311145548144e-08 1.343790229081603341e-06 1.565442415535308574e-05 1.382418490643388227e-04 9.254198075210317296e-04 4.696073298417018788e-03 1.806457558227625784e-02 5.267656867249427555e-02 1.164404866484919643e-01 1.951135207402479588e-01 2.478377963297146158e-01 2.386407094722307332e-01 1.741880444673861439e-01 9.638045562201806582e-02 4.042559548073095671e-02 1.285347911471068638e-02 3.098002657275959661e-03
2.948694677838280342e-12 1.040274962938342028e-10 2.782039588709629754e-09 5.639950402067847919e-08 8.667305074378341021e-07 1.009693827070707511e-05 8.916453282337636471e-05 5.968860034902219230e-04 3.028917687311952905e-03 1.165146049006181642e-02 3.397583053331040825e-02 7.510288428583836162e-02 1.258461604939294098e-01 1.598527614849057088e-01 1.539207375823470614e-01 1.123494492693276475e-01 6.216437610612261799e-02 2.607408219394252366e-02 8.290358297253464306e-03 1.998178999277049322e-03
1.441714378090508150e-12 5.086248442430407101e-11 1.360231191653968204e-09 2.757558335045942299e-08 4.237732186700613103e-07 4.936727152179256650e-06 4.359548988009366252e-05 2.918373135680849407e-04 1.480938061397277673e-03 5.696784492652339806e-03 1.661190755203940245e-02 3.672028471606283984e-02 6.153035116697639501e-02 7.815730341373129664e-02 7.525694068178336027e-02 5.493136254476030378e-02 3.039422002922553476e-02 1.274848137959108327e-02 4.053430437034819152e-03 9.769758174380303948e-04
5.343495805448947676e-13 1.885140887170365426e-11 5.041490726249458542e-10 1.022047197456318347e-08 1.570651198904058968e-07 1.829723087401975185e-06 1.615800749794204941e-05 1.081650765659948827e-04 5.488872442048486899e-04 2.111426819600146446e-03 6.156951728704744033e-03 1.360981691914951719e-02 2.280529197496143634e-02 2.896781979171304464e-02 2.789284430919264368e-02 2.035947687046620741e-02 1.126515693428587449e-02 4.725031380203973536e-03 1.502342549060362324e-03 3.621012776066976475e-04
1.501303632436172152e-13 5.296474376711957764e-12 1.416452565096694265e-10 2.871534339930980263e-09 4.412887061313565400e-08 5.140773039753746569e-07 4.539738821326388929e-06 3.038995973116915346e-05 1.542148517609598704e-04 5.932245236641539750e-04 1.729851455223889098e-03 3.823801556403350413e-03 6.407353711378192644e-03 8.138771819135241781e-03 7.836747703191895148e-03 5.720179764895148671e-03 3.165048058643697270e-03 1.327540440331483832e-03 4.220967711376807886e-04 1.017356395838023839e-04
