1.033646004314376087e-16 7.250397308222377808e-15 3.855214979552212031e-13 1.553932733564304280e-11 4.748021195802861665e-10 1.099739697896863841e-08 1.930918639913372906e-07 2.570010318896454260e-06 2.593000369133222736e-05 1.983202720567884864e-04 1.149816297058273498e-03 5.053434368198097756e-03 1.683610473744730912e-02 4.252001679897603192e-02 8.140330832014321116e-02 1.181374256613104967e-01 1.299660050892404439e-01 1.083849186602052761e-01 6.851801325720706382e-02 3.283503524661188916e-02
1.773378355088485232e-16 1.243916930798955472e-14 6.614212961124611131e-13 2.666010088041998057e-11 8.145959044966497580e-10 1.886772229894577131e-08 3.312787266788308618e-07 4.409247124123621404e-06 4.448690083610825773e-05 3.402488631241329018e-04 1.972686321061782599e-03 8.669942214275853931e-03 2.888492153094134388e-02 7.294961440819287823e-02 1.396598684704351556e-01 2.026828843909744271e-01 2.229766277435158983e-01 1.859509619035647210e-01 1.175531672708340358e-01 5.633354219129666635e-02
2.306363710642385402e-16 1.617773702953082873e-14 8.602101578733352033e-13 3.467274144642263042e-11 1.059421091713520297e-09 2.453837890143587415e-08 4.308438924652068482e-07 5.734437622492327729e-06 5.785735085405754321e-05 4.425099856695096094e-04 2.565573291408808354e-03 1.127567619115012881e-02 3.756622754109999879e-02 9.487447666970937055e-02 1.816343655876112573e-01 2.635988242364344925e-01 2.899918119973887154e-01 2.418381555536833205e-01 1.528835390860493748e-01 7.326447682703607356e-02
2.273793434422202270e-16 1.594927637467495712e-14 8.480623416724240759e-13 3.418309587967628107e-11 1.044460035297584202e-09 2.419184995843907212e-08 4.247595509016377818e-07 5.653456372019936492e-06 5.704029416434766174e-05 4.362608965094009507e-04 2.529342479079115316e-03 1.111644203115167914e-02 3.703572040472864757e-02 9.353466721245912163e-02 1.790693402054620298e-01 2.598763035962255996e-01 2.858965717823428454e-01 2.384229372641238354e-01 1.507245304810430897e-01 7.222984198762522068e-02
1.699303843155975531e-16 1.191958171254420500e-14 6.337935428184621465e-13 2.554650097934855513e-11 7.805700047924636368e-10 1.807961223965562344e-08 3.174411212282250923e-07 4.225071633443859150e-06 4.262867049436013271e-05 3.260365725550090805e-04 1.890286659416366265e-03 8.307796293095080428e-03 2.767839024647293644e-02 6.990248852699183779e-02 1.338262365419626010e-01 1.942167633879434419e-01 2.136628313812984070e-01 1.781837380018720385e-01 1.126429384599757361e-01 5.398047431309891536e-02
9.626931697300638690e-17 6.752706378509889764e-15 3.590580443560794035e-13 1.447265720157848704e-11 4.422101527848404433e-10 1.024249976517414161e-08 1.798374083767759468e-07 2.393596424511417732e-06 2.415008362682038098e-05 1.847069214520093974e-04 1.070889154509472490e-03 4.706550143509141519e-03 1.568041957106137974e-02 3.960130410055955064e-02 7.581551961322915978e-02 1.100280872744967692e-01 1.210447144131379243e-01 1.009450241769557499e-01 6.381471324889438634e-02 3.058113128461846172e-02
4.134295939061576111e-17 2.899956853976274758e-15 1.541978546586089983e-13 6.215297851619028691e-12 1.899076150486017656e-10 4.398652293011681448e-09 7.723136410658596284e-08 1.027932501108797981e-06 1.037127880468459987e-05 7.932258161650033339e-05 4.598944733258048998e-04 2.021232907547838506e-03 6.733972671022252915e-03 1.700682168238428285e-02 3.255905460954953284e-02 4.725167776241849527e-02 5.198277986987504679e-02 4.335094676534149288e-02 2.740529569886305389e-02 1.313309898286255800e-02
1.345897698856158260e-17 9.440652807826681863e-16 5.019827821050618602e-14 2.023356624561924707e-12 6.182339770945175945e-11 1.431957481151334733e-09 2.514225318233276121e-08 3.346378701994476586e-07 3.376313762528841127e-06 2.582303774054711725e-05 1.497161602578368821e-04 6.580014491508484218e-04 2.192208408802574868e-03 5.536478884086279070e-03 1.059942426034251456e-02 1.538252832040060136e-02 1.692271304189508357e-02 1.411266642608867590e-02 8.921645900836197920e-03 4.275409395075151393e-03
3.321386068975111547e-18 2.329750080158038054e-16 1.238785548683307779e-14 4.993209001768798830e-13 1.525668496672473411e-11 3.533763103468278106e-10 6.204567370418711256e-09 8.258142956753324837e-08 8.332016248250341099e-07 6.372570358279397234e-06 3.694672852204426060e-05 1.623806065225049636e-04 5.409898891628282932e-04 1.366283919825943315e-03 2.615709953838105638e-03 3.796077169343175465e-03 4.176161635047193066e-03 3.482702563763980224e-03 2.201670337392651333e-03 1.055079090783526095e-03
6.213316666499058745e-19 4.358263297675023722e-17 2.317396031659516109e-15 9.340795699662935345e-14 2.854067940633193953e-12 6.610610368765071178e-11 1.160688370772098891e-09 1.544850740081536851e-08 1.558670216159760164e-07 1.192116688432817914e-06 6.911624223481776583e-06 3.037653882656971908e-05 1.012029744491607099e-04 2.555907224854375628e-04 4.893208411608924698e-04 7.101321271837117335e-04 7.812345252908028340e-04 6.515091421025586554e-04 4.118664532629740731e-04 1.973736374845092272e-04
8.810984481359498921e-20 6.180369091525865884e-18 3.286254599288123600e-16 1.324600215486094580e-14 4.047298678538799197e-13 9.374379014923504821e-12 1.645949783584711148e-10 2.190723027246694293e-09 2.210320159632086362e-08 1.690517674462849831e-07 9.801240954358103060e-07 4.307638360707083072e-06 1.435139853963716469e-05 3.624482720381873562e-05 6.938964436048437206e-05 1.007024667850388571e-04 1.107853606714375984e-04 9.238925438133161795e-05 5.840598705775294991e-05 2.798917470732053959e-05
9.471575026082190227e-21 6.643733133693424692e-19 3.532636682973990063e-17 1.423910159765186153e-15 4.350738917750181841e-14 1.007720923247827495e-12 1.769352436991343258e-11 2.354969249784830837e-10 2.376035648219315325e-09 1.817261739646408459e-08 1.053607451520429312e-07 4.630597182980353731e-07 1.542737344333697956e-06 3.896222957770837480e-06 7.459203043472868647e-06 1.082524854610660741e-05 1.190913294207950706e-05 9.931600223878238047e-06 6.278488965225569743e-06 3.008762173164160277e-06
7.718213549473832309e-22 5.413856824272158852e-20 2.878681131365779433e-18 1.160318390348961282e-16 3.545337704946908634e-15 8.211733806132201498e-14 1.441812994710540670e-12 1.919021442815077357e-11 1.936188066252881023e-10 1.480853410679363851e-09 8.585654746711414316e-09 3.773389095416133696e-08 1.257148493415977394e-07 3.174960948060692128e-07 6.078368364276434623e-07 8.821297384532473046e-07 9.704534988418257538e-07 8.093079683664976298e-07 5.116226020295837245e-07 2.451785358624306913e-07
4.767692057632469859e-23 3.344245662132727273e-21 1.778217858121432492e-19 7.167514527203988151e-18 2.190024713510631475e-16 5.072549210504508206e-15 8.906361970175571674e-14 1.185417225461403633e-12 1.196021385827808812e-11 9.147522285251222879e-11 5.303527517486358076e-10 2.330896535222062692e-09 7.765653086565098046e-09 1.961235718386437497e-08 3.754727488163487840e-08 5.449088601742143427e-08 5.994681812147118404e-08 4.999254229267435721e-08 3.160393270497158678e-08 1.514515957145238129e-08
2.232525471030112601e-24 1.565980674054016905e-22 8.326705276489862719e-21 3.356269354759319006e-19 1.025503722974463005e-17 2.375278264328268798e-16 4.170504242361789844e-15 5.550849588542008753e-14 5.600504763059809564e-13 4.283430274391508304e-12 2.483436456459607428e-11 1.091468539141170931e-10 3.636354467815462654e-10 9.183707007633410046e-10 1.758193409467905727e-09 2.551597072594943476e-09 2.807077234553024246e-09 2.340957064357221319e-09 1.479889722231918931e-09 7.091891442937112393e-10
7.924675131832414275e-26 5.558677052351823887e-24 2.955685616623673969e-22 1.191356812566177955e-20 3.640175199124403324e-19 8.431397015067039514e-18 1.480381374614136336e-16 1.970355109747728619e-15 1.987980938961058749e-14 1.520466118522988060e-13 8.815320310281026839e-13 3.874326945671321413e-12 1.290777112985346678e-11 3.259890894227840578e-11 6.240964221802636044e-11 9.057266369426731527e-11 9.964130507111821186e-11 8.309568904510352413e-11 5.253084648666714672e-11 2.517370416811741347e-11
2.132373771810891264e-27 1.495730355530839939e-25 7.953167015377288429e-24 3.205706199588932969e-22 9.794993473271202167e-21 2.268722636015013927e-19 3.983414288901693606e-18 5.301836967805239904e-17 5.349264597702621521e-16 4.091274428451966091e-15 2.372028822260196368e-14 1.042504963917605148e-13 3.473226618372793424e-13 8.771723416009899459e-13 1.679320375408859233e-12 2.437131734636106374e-12 2.681150987113454931e-12 2.235941094399916259e-12 1.413501467198841496e-12 6.773747265903073067e-13
4.349526848575928714e-29 3.050928231070138559e-27 1.622253749407849264e-25 6.538865450364827454e-24 1.997941808177397183e-22 4.627645559970986426e-21 8.125201888909489050e-20 1.081446533581092777e-18 1.091120623195674484e-17 8.345210491091172750e-17 4.838365198637214432e-16 2.126458030142867251e-15 7.084542413486757412e-15 1.789219460986722929e-14 3.425407476287975016e-14 4.971159396841532254e-14 5.468899663698359392e-14 4.560779142236199238e-14 2.883201183281129926e-14 1.381680640983140823e-14
6.725390704941333671e-31 4.717452054216044869e-29 2.508385547935167461e-27 1.011062270719029575e-25 3.089287578516571938e-24 7.155427594378856252e-23 1.256347165148202749e-21 1.672170495330681051e-20 1.687128911415416629e-19 1.290365665542209218e-18 7.481249677693198831e-18 3.288003860707986641e-17 1.095436753356895574e-16 2.766553777213735857e-16 5.296484974959156848e-16 7.686580716531538764e-16 8.456204144718889289e-16 7.052036398057467849e-16 4.458106620232397038e-16 2.136402984409171256e-16
7.882969424340442537e-33 5.529423038107566034e-31 2.940130536104349991e-29 1.185086980943200202e-27 3.621017810392569221e-26 8.387024549090973535e-25 1.472590474475123966e-23 1.959985592701866778e-22 1.977518661307948689e-21 1.512464261773583541e-20 8.768927346002738483e-20 3.853937271187975260e-19 1.283984055627673600e-18 3.242734852645239069e-18 6.208119490129474060e-18 9.009600099756875832e-18 9.911691624075227610e-18 8.265837591320763749e-18 5.225438895605173988e-18 2.504122086437831002e-18
