2.100126247690897729e-02 2.933818599491806040e-02 3.106833158662774402e-02 2.494017090416637134e-02 1.517671358271945221e-02 7.000883818792554870e-03 2.448075582981663889e-03 6.489236368348385870e-04 1.303944731965260833e-04 1.986193673098612887e-05 2.293405362178133680e-06 2.007413647801153932e-07 1.331955577423760889e-08 6.699454292400128802e-10 2.554382531609250269e-11 7.382938693111669099e-13 1.617593555705169225e-14 2.686620804237857235e-16 3.382518326154282788e-18 3.228276780524190444e-20
5.611120729836963084e-02 7.838581313523322602e-02 8.300841894569453705e-02 6.663518925108057045e-02 4.054916807426577063e-02 1.870497279199226717e-02 6.540772330701276512e-03 1.733795230038511024e-03 3.483881659084360634e-04 5.306715491436961345e-05 6.127524182789511829e-06 5.363411054416064324e-07 3.558721081612058613e-08 1.789961289232664713e-09 6.824803409226114002e-11 1.972574762759289888e-12 4.321889097309097190e-14 7.178117841460891283e-16 9.037417974184224730e-18 8.625315161299190378e-20
1.136450810980320775e-01 1.587590522392414438e-01 1.681214672986902359e-01 1.349598743465603434e-01 8.212643634191707509e-02 3.788419911514202820e-02 1.324738207848022951e-02 3.511549813522420963e-03 7.056095078782821271e-04 1.074797961807639151e-04 1.241040812008157142e-05 1.086280822652884923e-06 7.207671433168931315e-08 3.625305989149423296e-09 1.382264567567348549e-10 3.995162992905776179e-12 8.753357138595451569e-14 1.453823261877585028e-15 1.830397434030647575e-17 1.746932009125403515e-19
1.744811407762870692e-01 2.437453541818508929e-01 2.581196222470439339e-01 2.072060894100587192e-01 1.260900530174987877e-01 5.816422686437282968e-02 2.033892109557037392e-02 5.391339523332520749e-03 1.083333750019464196e-03 1.650154786008354408e-04 1.905390136879954119e-05 1.667784608965015752e-06 1.106605514157838700e-07 5.565991229345432984e-09 2.122213264960821544e-10 6.133838700753726429e-12 1.343917153657464567e-13 2.232078491815139015e-15 2.810238941077999237e-17 2.682093117148478820e-19
2.030687804436917820e-01 2.836815004321148193e-01 3.004109020899825011e-01 2.411555064908522117e-01 1.467491167149898301e-01 6.769407032902453880e-02 2.367132564609680800e-02 6.274676661844709111e-03 1.260831184683782391e-03 1.920522289384176318e-04 2.217576350338929951e-05 1.941040648166792424e-06 1.287915881295277692e-07 6.477943953568375773e-09 2.469924586918957423e-10 7.138829668688527512e-12 1.564109543280040269e-13 2.597790541550005040e-15 3.270678951209817467e-17 3.121537238423306390e-19
1.791573576854270100e-01 2.502779005744199536e-01 2.650374091021862610e-01 2.127593578874721059e-01 1.294693548456016530e-01 5.972306892581352722e-02 2.088401844143604469e-02 5.535831202661042200e-03 1.112367854092513250e-03 1.694380091268848215e-04 1.956455928500441501e-05 1.712482405841786777e-06 1.136263317826645685e-07 5.715163696851021306e-09 2.179090068438021688e-10 6.298229878635678756e-12 1.379935075654396759e-13 2.291899760403335185e-15 2.885555315079940157e-17 2.753975093220483395e-19
1.198182455219627962e-01 1.673827931331815511e-01 1.772537715814602455e-01 1.422908515162248644e-01 8.658751807279115031e-02 3.994205668316969104e-02 1.396697563208549459e-02 3.702296075236976691e-03 7.439379904587472073e-04 1.133180643016874843e-04 1.308453751620793894e-05 1.145287249187214908e-06 7.599189838019543382e-08 3.822231449907165097e-09 1.457348736371859750e-10 4.212178967704868950e-12 9.228836696142927179e-14 1.532794476048866095e-15 1.929824036680213092e-17 1.841824796613986995e-19
6.074465681804485512e-02 8.485861466113003848e-02 8.986293763119969358e-02 7.213766906740520790e-02 4.389756374035574948e-02 2.024955811409624024e-02 7.080884366659438885e-03 1.876965428339886317e-03 3.771567320774958112e-04 5.744923819661007177e-05 6.633511762607094975e-06 5.806301086023480515e-07 3.852586697416280608e-08 1.937769466514094156e-09 7.388369648501736067e-11 2.135462464291532326e-12 4.678774217522837098e-14 7.770859439192551482e-16 9.783693486470401345e-18 9.337560794843581005e-20
2.334479309123141388e-02 3.261203379922852225e-02 3.453524631564641734e-02 2.772324426009492582e-02 1.687028285956709145e-02 7.782112355633816550e-03 2.721256306340594840e-03 7.213370172662290913e-04 1.449451908122168593e-04 2.207832999972317989e-05 2.549326437552776630e-06 2.231420911383676095e-07 1.480588483471299178e-08 7.447046312201613730e-10 2.839426046021713184e-11 8.206800728548666566e-13 1.798100800138395020e-14 2.986420785821319058e-16 3.759973503411619130e-18 3.588520145654423700e-20
6.800937671909932161e-03 9.500722853100860427e-03 1.006100404312382755e-02 8.076492926675794479e-03 4.914746589829559545e-03 2.267129157222872848e-03 7.927718380877711146e-04 2.101439955238544436e-04 4.222625596657117274e-05 6.431984453285908170e-06 7.426842525180027302e-07 6.500702096099127845e-08 4.313334435856760220e-09 2.169515814990600219e-10 8.271977176034458063e-12 2.390851785343467015e-13 5.238329344690515059e-15 8.700210598180877546e-17 1.095376829634015353e-18 1.045428063963252684e-20
1.501911628403716954e-03 2.098129231539602822e-03 2.221861116033561120e-03 1.783603854126806533e-03 1.085367255225785877e-03 5.006703205632969788e-04 1.750748646341630116e-04 4.640796986275854969e-05 9.325200129695436954e-06 1.420432403608413287e-06 1.640135770830927704e-07 1.435607932601118581e-08 9.525520536917589957e-10 4.791134969518218956e-11 1.826774381698940367e-12 5.279930902805509129e-14 1.156826916484539458e-15 1.921344981728016064e-17 2.419018196132526912e-19 2.308711888966704235e-21
2.514298198940100601e-04 3.512405422688146548e-04 3.719540681814724275e-04 2.985869390211689177e-04 1.816975701761601707e-04 8.381548297838212430e-05 2.930867625661886061e-05 7.768997378788222691e-06 1.561099431380579232e-06 2.377896652884023203e-07 2.745694444752611648e-08 2.403301479967541577e-09 1.594634376417586412e-10 8.020672985628224065e-12 3.058139674074710281e-13 8.838949315254674977e-15 1.936603843791984707e-16 3.216457037645889528e-18 4.049594515892802713e-20 3.864934550423642446e-22
3.190700263412466679e-05 4.457320500848614095e-05 4.720179745681138492e-05 3.789134579931596687e-05 2.305782525186826206e-05 1.063637096546075030e-05 3.719336118988825896e-06 9.859030242872531369e-07 1.981069854410586983e-07 3.017603671642063545e-08 3.484347239247666802e-09 3.049842961516874128e-10 2.023626444558969571e-11 1.017841217830779721e-12 3.880847175460579257e-14 1.121682301660216443e-15 2.457593294668648394e-17 4.081755426463691307e-19 5.139025392461292089e-21 4.904687794513458152e-23
3.069389842028849936e-06 4.287853179082239006e-06 4.540718515643007199e-06 3.645071686327442652e-06 2.218116675480769569e-06 1.023197615012559945e-06 3.577926962812154832e-07 9.484189921169121607e-08 1.905749580179656919e-08 2.902874382534812679e-09 3.351872360084957026e-10 2.933887934635170690e-11 1.946688168805697378e-12 9.791428955682510646e-14 3.733297369050055099e-15 1.079035941476128722e-16 2.364155599632101056e-18 3.926567088515701000e-20 4.943639651277986752e-22 4.718211568610875321e-24
2.238282577615984680e-07 3.126819192107327886e-07 3.311215474898456284e-07 2.658085440289062517e-07 1.617511025111885689e-07 7.461435376442852638e-08 2.609121681184493334e-08 6.916129314262072310e-09 1.389724441062055821e-09 2.116854974388212017e-10 2.444276514908798177e-11 2.139470900324270638e-12 1.419577973649915465e-13 7.140176376873172954e-15 2.722422008369236467e-16 7.868623644206269432e-18 1.724006581689878198e-19 2.863359545835902397e-21 3.605036528743113296e-23 3.440648237940126920e-25
1.237298813359778241e-08 1.728472407673244367e-08 1.830404712453292936e-08 1.469361372852901599e-08 8.941428986589107566e-09 4.124602152363857474e-09 1.442294727361589944e-09 3.823162758427811156e-10 7.682248966324094537e-11 1.170174925212076252e-11 1.351170071940174934e-12 1.182676768635940526e-13 7.847276120692151976e-15 3.947013592758457910e-16 1.504925943715098892e-17 4.349691497898733935e-19 9.530125101636320515e-21 1.582834716096764146e-22 1.992825867359190846e-24 1.901953767841971292e-26
5.184789130595865647e-10 7.243007796559833706e-10 7.670145930189083452e-10 6.157226364905523447e-10 3.746825206740237273e-10 1.728377347226155917e-10 6.043806027126343051e-11 1.602061886778158193e-11 3.219177171193708627e-12 4.903512528764727592e-13 5.661956373787294295e-14 4.955900376547795444e-15 3.288330312454490686e-16 1.653960462346093434e-17 6.306256492833870400e-19 1.822699008213859216e-20 3.993513006450705906e-22 6.632726179752680289e-24 8.350757136990604372e-26 7.969965796399297155e-28
1.646965185822424330e-11 2.300765061240492145e-11 2.436446883182533301e-11 1.955863046461432423e-11 1.190191253188706414e-11 5.490247042155886510e-12 1.919834706063901326e-12 5.089001860242243526e-13 1.022582132928717654e-13 1.557616755416908145e-14 1.798538917666910377e-15 1.574257926212024329e-16 1.044548853903863602e-17 5.253859379036532901e-19 2.003202952898175911e-20 5.789862876094035679e-22 1.268552437733850032e-23 2.106907114251375079e-25 2.652645253925890492e-27 2.531685642026582381e-29
3.965834252392891750e-13 5.540161361710879866e-13 5.866878417734209924e-13 4.709649438505241245e-13 2.865938684937760649e-13 1.322032181451841782e-13 4.622894461754441456e-14 1.225413752614432678e-14 2.462341817279268200e-15 3.750686373888832691e-16 4.330818468626752972e-17 3.790757727981368440e-18 2.515236908933854396e-19 1.265110863423265474e-20 4.823642268510441181e-22 1.394178620673500264e-23 3.054629661773441862e-25 5.073358242321280779e-27 6.387476491929294818e-29 6.096209999986535493e-31
7.239049048593426429e-15 1.011275239512303988e-14 1.070912648517430156e-14 8.596774629814339433e-15 5.231350931524113906e-15 2.413175941373330553e-15 8.438416137769493885e-16 2.236813163496262078e-16 4.494644015677685007e-17 6.846328136404027337e-18 7.905274229760580251e-19 6.919472518962221367e-20 4.591196251234769688e-21 2.309274419802984572e-22 8.804851829989236894e-24 2.544868689725548147e-25 5.575778648218609310e-27 9.260671732584311431e-29 1.165940195153490568e-30 1.112773766926865312e-32
