4.405088538936120463e-17 1.626900895575450863e-15 4.554748212147341343e-14 9.666393474066731008e-13 1.555110966298935586e-11 1.896509916977080243e-10 1.753257363176926759e-09 1.228663747673096570e-08 6.527054465478118059e-08 2.628441093777315033e-07 8.023725814232479607e-07 1.856738446375865010e-06 3.257033310103482682e-06 4.331022995167101176e-06 4.365717186033256058e-06 3.335934590907206606e-06 1.932307654731109854e-06 8.484609157492897913e-07 2.824127032496449720e-07 7.125796799949854817e-08
4.577461710143763119e-16 1.690562287198380674e-14 4.732977636241910939e-13 1.004464396382150682e-11 1.615963184471482970e-10 1.970721235484433585e-09 1.821863142371309517e-08 1.276741933766815281e-07 6.782461154109892973e-07 2.731293220962095149e-06 8.337697951517578318e-06 1.929393488669805824e-05 3.384482544194711772e-05 4.500497947066813079e-05 4.536549737819830992e-05 3.466471268954276271e-05 2.007919755430280685e-05 8.816615875180271154e-06 2.934636441826553152e-06 7.404632555674588734e-07
3.605716837738236707e-15 1.331674471615633213e-13 3.728218439887301356e-12 7.912276314442279389e-11 1.272911939492974536e-09 1.552358750599227149e-08 1.435101596578214705e-07 1.005703636543344339e-06 5.342619104925635220e-06 2.151469652667845425e-05 6.567696202710225325e-05 1.519804430761863279e-04 2.665994052902911416e-04 3.545091636700022238e-04 3.573490028031336713e-04 2.730577471419581631e-04 1.581660433103839283e-04 6.944945108456064661e-05 2.311645339923977017e-05 5.832710347766544935e-06
2.153056046360731662e-14 7.951733044835450215e-13 2.226204556647348516e-11 4.724601272343046649e-10 7.600848516793838737e-09 9.269489381743011803e-08 8.569320078924576953e-07 6.005286585024457080e-06 3.190200141860829368e-05 1.284691769402447701e-04 3.921721714779935193e-04 9.075100087421830199e-04 1.591926064489559761e-03 2.116855351316959850e-03 2.133812680723103442e-03 1.630490301779803034e-03 9.444456434132723422e-04 4.146985670340171994e-04 1.380336338137668763e-04 3.482844839476340298e-05
9.745763579755310344e-14 3.599335485728929678e-12 1.007686879583625941e-10 2.138580975943241262e-09 3.440508331188852874e-08 4.195815161069135533e-07 3.878884976989418299e-06 2.718280528983437662e-05 1.444037483707395167e-04 5.815130673730756249e-04 1.775159207882236710e-03 4.107825249794334367e-03 7.205820344151950795e-03 9.581901883764724903e-03 9.658658883943913379e-03 7.380380565145530820e-03 4.275013634779059428e-03 1.877124470590625475e-03 6.248063832231985030e-04 1.576502499685521067e-04
3.344053583444537045e-13 1.235036190912104130e-11 3.457665367197706437e-10 7.338090358507231600e-09 1.180537996805353783e-07 1.439705633121513818e-06 1.330957713156054498e-05 9.327207323844006310e-05 4.954910595257017809e-04 1.995339657949702587e-03 6.091085076837266139e-03 1.409513747621980555e-02 2.472525538540093840e-02 3.287827892437130556e-02 3.314165440993805528e-02 2.532422203153736340e-02 1.466880921917062576e-02 6.440957407882887814e-03 2.143891556241734730e-03 5.409436408178301160e-04
8.698160221482882254e-13 3.212431380007393274e-11 8.993673876833950014e-10 1.908698053584076270e-08 3.070677065283240948e-07 3.744793543578106444e-06 3.461931200613426195e-05 2.426083843974062451e-04 1.288813267049236221e-03 5.190043642556714520e-03 1.584341655986282876e-02 3.666261949836991524e-02 6.431243623727249392e-02 8.551912544302328612e-02 8.620418688558267872e-02 6.587039807173940276e-02 3.815478719551061715e-02 1.675346345850247526e-02 5.576439428481461992e-03 1.407039193965058110e-03
1.715056366618605259e-12 6.334099108682317250e-11 1.773324156947510141e-09 3.763467981041448153e-08 6.054595588658807088e-07 7.383782139036035366e-06 6.826049411855335204e-05 4.783621405687221609e-04 2.541212558462724574e-03 1.023344841385069939e-02 3.123919512642758453e-02 7.228937773794560928e-02 1.268077966063073936e-01 1.686220037617424949e-01 1.699727710029397265e-01 1.298797018082280819e-01 7.523155360488716081e-02 3.303357656766455624e-02 1.099532280545838063e-02 2.774324071119821291e-03
2.563458035392049502e-12 9.467442337848329585e-11 2.650549654204358054e-09 5.625175023233967442e-08 9.049674410058702209e-07 1.103638109178565697e-05 1.020274992436733295e-04 7.149976507687144005e-04 3.798296009054201883e-03 1.529571626731803663e-02 4.669255618922121820e-02 1.080493853395530918e-01 1.895368988960391132e-01 2.520356991759860055e-01 2.540546620542838974e-01 1.941284098382432821e-01 1.124469926219993782e-01 4.937457971546031776e-02 1.643447361030654988e-02 4.146722796589703310e-03
2.904496423158566658e-12 1.072697583775149928e-10 3.003174572687451877e-09 6.373539378859092058e-08 1.025362872801825270e-06 1.250464371296169395e-05 1.156010757834550118e-04 8.101198032316941433e-04 4.303615280641086976e-03 1.733063407893047081e-02 5.290445974434783427e-02 1.224241040463211055e-01 2.147525870521691249e-01 2.855661285100636326e-01 2.878536910047659325e-01 2.199549453215081107e-01 1.274067620208129414e-01 5.594329542304356251e-02 1.862088989115399593e-02 4.698396214893720522e-03
2.494665374123888976e-12 9.213375157956366629e-11 2.579419812397435305e-09 5.474218481482633975e-08 8.806818401618874511e-07 1.074021005422957170e-05 9.928950115725880348e-05 6.958100570894839047e-04 3.696365379748189559e-03 1.488524220708222455e-02 4.543952018967602896e-02 1.051497846192471913e-01 1.844505087528985343e-01 2.452720985078574167e-01 2.472368807335047769e-01 1.889188024422375212e-01 1.094293782248573488e-01 4.804956924494410003e-02 1.599343999064699318e-02 4.035441826595154158e-03
1.624241383778590707e-12 5.998698411038741593e-11 1.679423801240551042e-09 3.564186320817607009e-08 5.733995050280375222e-07 6.992799042910141886e-06 6.464599157351489495e-05 4.530320986921906184e-04 2.406651281421651276e-03 9.691570922132847557e-03 2.958502968641013586e-02 6.846153934932733276e-02 1.200931205776198801e-01 1.596931984605713672e-01 1.609724404118610119e-01 1.230023634766399393e-01 7.124792228953528983e-02 3.128439575499456643e-02 1.041310284386794301e-02 2.627419165942780112e-03
8.016515997172703702e-13 2.960684431179459947e-11 8.288871286703224205e-10 1.759120100195238418e-08 2.830038903536989977e-07 3.451327244358933213e-06 3.190631828358935380e-05 2.235960185886836575e-04 1.187813504188044199e-03 4.783318176161088266e-03 1.460182372685227790e-02 3.378949895416307608e-02 5.927249680224343231e-02 7.881729236085967261e-02 7.944866794759121442e-02 6.070836664724144766e-02 3.516473071697297226e-02 1.544055345076606085e-02 5.139433483333227283e-03 1.296774481023175822e-03
2.999283890723399802e-13 1.107704783859214610e-11 3.101182375393085708e-10 6.581538139790536350e-09 1.058825317194230152e-07 1.291272943167747917e-06 1.193736861175272176e-05 8.365578473484594989e-05 4.444062619660935662e-04 1.789621470851448896e-03 5.463098270442738949e-03 1.264193820913960507e-02 2.217609805614076043e-02 2.948855030935331259e-02 2.972477195812788658e-02 2.271331164079485807e-02 1.315646477824538273e-02 5.776898997653001806e-03 1.922857767569139363e-03 4.851727124608414313e-04
8.506409887658048332e-14 3.141613554878773058e-12 8.795408965142015713e-11 1.866620938467070090e-09 3.002984204109910483e-08 3.662239831781377543e-07 3.385613169386937833e-06 2.372600995288421603e-05 1.260401468703171025e-04 5.075629493393579153e-04 1.549414954972245422e-03 3.585439461532610467e-03 6.289467307775672110e-03 8.363386230293938864e-03 8.430382161390354359e-03 6.441828975253026043e-03 3.731366757992982466e-03 1.638413452812068462e-03 5.453507211238070454e-04 1.376021113327610592e-04
1.828823761902628254e-14 6.754268364393977152e-13 1.890956716586303299e-11 4.013115723104913785e-10 6.456224119957700479e-09 7.873581586828545555e-08 7.278851941720826030e-07 5.100940508395731812e-06 2.709782606227016696e-05 1.091227903042840680e-04 3.331143131030888890e-04 7.708465699058252756e-04 1.352195275571969587e-03 1.798074589624767180e-03 1.812478286643608768e-03 1.384952060345528762e-03 8.022200060324040415e-04 3.522484213547097962e-04 1.172469197386088498e-04 2.958357452988988795e-05
2.980534996088538341e-15 1.100780384223907338e-13 3.081796500724945909e-12 6.540396130692970303e-11 1.052206469151800956e-09 1.283201036259840196e-08 1.186274664381845866e-07 8.313284207561925343e-07 4.416282234461494997e-06 1.778434325647532813e-05 5.428947767327895065e-05 1.256291188949153019e-04 2.203747252384187050e-04 2.930421373341430581e-04 2.953895873143997644e-04 2.257132791992093237e-04 1.307422208936302266e-04 5.740786887372862935e-05 1.910837745792113451e-05 4.821398378157385452e-06
3.682251218118799954e-16 1.359940385202355617e-14 3.807353020072235945e-13 8.080221051196899122e-12 1.299930568784237939e-10 1.585308874098098955e-09 1.465562838106586524e-08 1.027050544282664387e-07 5.456020700559879315e-07 2.197136410259878860e-06 6.707101092784028793e-06 1.552063561370949641e-05 2.722582024759614744e-05 3.620339196066697931e-05 3.649340367200796132e-05 2.788536280793889891e-05 1.615232509522344687e-05 7.092357424667249981e-06 2.360711961545230225e-06 5.956514543296649554e-07
3.448493589107421707e-17 1.273608296159248369e-15 3.565653645949662945e-14 7.567270358011827183e-13 1.217408038506236698e-11 1.484669884059502320e-10 1.372525597052184990e-09 9.618510546538676250e-09 5.109660176181683967e-08 2.057657225529156738e-07 6.281319157734578775e-07 1.453535058916850324e-06 2.549746364942263979e-06 3.390511882132950809e-06 3.417671993382405578e-06 2.611513695750493770e-06 1.512693899481246994e-06 6.642118547011736011e-07 2.210848631147165607e-07 5.578381538692970837e-08
2.448173827889432087e-18 9.041671144434298226e-17 2.531348749757114295e-15 5.372198834170707824e-14 8.642691136638030396e-13 1.054005135660084038e-11 9.743910371256293278e-11 6.828426724554059233e-10 3.627478488650667068e-09 1.460783509129830767e-08 4.459269176303298612e-08 1.031901726713374308e-07 1.810130179196169374e-07 2.407011130658491805e-07 2.426292788520204601e-07 1.853980387641078484e-07 1.073900101196515770e-07 4.715409893727525980e-08 1.569538007347896463e-08 3.960235776034755656e-09
