2.377158372809601515e-28 3.789521288807649911e-26 4.579387614678834273e-24 4.194954731740689599e-22 2.913023388243314951e-20 1.533407149463822796e-18 6.118821943638771543e-17 1.850865953201031870e-15 4.244034807891965243e-14 7.376999042773967088e-13 9.720247796840598846e-12 9.708938838519242664e-11 7.351280824742518452e-10 4.219403716557394806e-09 1.835844818622156844e-08 6.055049175437216568e-08 1.513896554073142688e-07 2.869270846947369520e-07 4.122339070013339883e-07 4.489652156123394235e-07
3.212911003584947515e-27 5.121827298674767318e-25 6.189391933315964140e-23 5.669801545961162795e-21 3.937173477728970373e-19 2.072516816649955715e-17 8.270054943145619392e-16 2.501586623432211038e-14 5.736137015455731731e-13 9.970577336818680843e-12 1.313765690214822098e-10 1.312237198169645291e-09 9.935817201923562254e-09 5.702846215278348966e-08 2.481284413395705273e-07 8.183861178763972579e-07 2.046146757618881530e-06 3.878038578274015945e-06 5.571655935948384974e-06 6.068107611033419845e-06
3.291820114859241471e-26 5.247619404272392414e-24 6.341403431997781005e-22 5.809051901976069768e-20 4.033870479206313249e-18 2.123417840649796259e-16 8.473167536374925428e-15 2.563025604160399625e-13 5.877016570952917046e-12 1.021545476904816996e-10 1.346031782528560048e-09 1.344465750710649290e-08 1.017984092505584048e-07 5.842908148546780426e-07 2.542224771737813718e-06 8.384856852683281723e-06 2.096400132829179702e-05 3.973283226307377738e-05 5.708495835261243479e-05 6.217140366117219455e-05
2.556644317797050782e-25 4.075646865189756081e-23 4.925151583493831956e-21 4.511692321805479731e-19 3.132969506091336920e-17 1.649186154523003603e-15 6.580819996156372577e-14 1.990614498546265525e-12 4.564478160243689774e-11 7.933995017257059832e-10 1.045416939048943953e-08 1.044200655592054762e-07 7.906334960297434121e-07 4.537987312842874157e-06 1.974459202034591987e-05 6.512232102595029329e-05 1.628202423101086536e-04 3.085913454894689432e-04 4.433593857242976036e-04 4.828640701911496086e-04
1.505224749207334056e-24 2.399537740861414252e-22 2.899683779032847240e-20 2.656259572877117842e-18 1.844536295586087136e-16 9.709586110816842569e-15 3.874458820626374762e-13 1.171974602992330201e-11 2.687337243662916697e-10 4.671140829770690477e-09 6.154893893308306823e-08 6.147733022519148568e-07 4.654855966831283889e-06 2.671740753037446923e-05 1.162463169598610248e-04 3.834077687370626643e-04 9.586044358657083795e-04 1.816832037951134852e-03 2.610279089430030293e-03 2.842862982133452076e-03
6.717833062709554692e-24 1.070916086070667256e-21 1.294131761549070232e-19 1.185491295649347501e-17 8.232183877112962831e-16 4.333397961654594079e-14 1.729174834456927288e-12 5.230534337668759959e-11 1.199361291105298215e-09 2.084734809425049731e-08 2.746935280974470837e-07 2.743739377201925131e-06 2.077466858859281919e-05 1.192400561789544770e-04 5.188084715604178269e-04 1.711152694425144847e-03 4.278261154495326471e-03 8.108539499078460527e-03 1.164970160044657976e-02 1.268772583242890918e-02
2.272761604504653997e-23 3.623098310642026936e-21 4.378276374781455500e-19 4.010726485870108905e-17 2.785093238023707272e-15 1.466065085623732252e-13 5.850103946531011853e-12 1.769582170727813994e-10 4.057651130815371588e-09 7.053026156211882141e-08 9.293367337919319616e-07 9.282555030858204886e-06 7.028437395468494658e-05 4.034101753835455111e-04 1.755220713654753175e-03 5.789131862954536266e-03 1.447411329697265506e-02 2.743262160593467128e-02 3.941299858789899108e-02 4.292481794537987561e-02
5.828749346322399008e-23 9.291837677986105851e-21 1.122857562664969406e-18 1.028595314900544850e-16 7.142680674648132746e-15 3.759886603398464885e-13 1.500324076518911190e-11 4.538289849868163441e-10 1.040629660826184117e-08 1.808826826189492923e-07 2.383387183621370779e-06 2.380614247489846853e-05 1.802520765631891871e-04 1.034590161768915917e-03 4.501458299493092501e-03 1.484687109069887483e-02 3.712046976291356187e-02 7.035400234524438745e-02 1.010790085948726491e-01 1.100854590486942258e-01
1.133166416791096901e-22 1.806424977531643969e-20 2.182945955043766912e-18 1.999690839424013659e-16 1.388607638700540756e-14 7.309590748832045800e-13 2.916778123058297380e-11 8.822883507212806613e-10 2.023086795984728185e-08 3.516537925107398965e-07 4.633539982970951497e-06 4.628149121375346292e-05 3.504278320822588324e-04 2.011345413572638696e-03 8.751279337118032103e-03 2.886378314590171135e-02 7.216585790806540057e-02 1.367751262022850189e-01 1.965075716534565031e-01 2.140170004903695911e-01
1.669970616497564809e-22 2.662165581934338344e-20 3.217052277853869494e-18 2.946985451063793248e-16 2.046419590372899032e-14 1.077229397932490031e-12 4.298515812129147215e-11 1.300246459081444345e-09 2.981464552652309350e-08 5.182394147682598416e-07 6.828543016514915678e-06 6.820598393087265194e-05 5.164326917113330057e-04 2.964161036297863466e-03 1.289694005504890897e-02 4.253714990169837895e-02 1.063523066294899400e-01 2.015683119804895229e-01 2.895972433685868319e-01 3.154012481784914113e-01
1.865609668489116061e-22 2.974041459000064810e-20 3.593933793988921600e-18 3.292228315928208906e-16 2.286160089207045105e-14 1.203428108321146123e-12 4.802092072781794599e-11 1.452571884509332695e-09 3.330746685442555772e-08 5.789517810867541548e-07 7.628514985504644799e-06 7.619639639955024240e-05 5.769333982661305378e-04 3.311416041483443169e-03 1.440783198394613406e-02 4.752042781029092861e-02 1.188116063564196440e-01 2.251822804406697076e-01 3.235239062645031138e-01 3.523508810528754309e-01
1.579899848063177571e-22 2.518580241392657090e-20 3.043538823247335861e-18 2.788038196830675058e-16 1.936044842923351943e-14 1.019128447716136592e-12 4.066673036872493411e-11 1.230116963049239605e-09 2.820657649426363287e-08 4.902878916336406823e-07 6.460241855579077776e-06 6.452725729712991884e-05 4.885786151619877929e-04 2.804287407585416298e-03 1.220133661763823756e-02 4.024288571476895837e-02 1.006161374488737104e-01 1.906966160519809050e-01 2.739776594136330012e-01 2.983899112675560406e-01
1.014226958968925304e-22 1.616818928287377185e-20 1.953819496210603865e-18 1.789799211214118916e-16 1.242856549339390833e-14 6.542361198356981095e-13 2.610627143463839857e-11 7.896815662961152463e-10 1.810739480465947338e-08 3.147434933679355908e-07 4.147194177795597956e-06 4.142369152025935562e-05 3.136462122459664063e-04 1.800230497494474322e-03 7.832727212572406991e-03 2.583418160882822515e-02 6.459118230378498027e-02 1.224189300487430604e-01 1.758817362209164903e-01 1.915533397024543338e-01
4.935572805157797582e-23 7.867989962948763948e-21 9.507949168978478714e-19 8.709770762297331413e-17 6.048162032557134907e-15 3.183735132120414976e-13 1.270419822678135416e-11 3.842858670713881140e-10 8.811673223613332853e-09 1.531648722931191868e-07 2.018165522088411692e-06 2.015817500695139052e-05 1.526308980364390563e-04 8.760532943713269117e-04 3.811671054365668200e-03 1.257179007760397642e-02 3.143226277041972355e-02 5.957320860405182494e-02 8.559002563867823543e-02 9.321636008706712939e-02
1.820693301426113890e-23 2.902438518637294753e-21 3.507406342819746321e-19 3.212964717550098770e-17 2.231118561782508639e-15 1.174454406286752717e-13 4.686477036124056486e-12 1.417599803772392322e-10 3.250555719859506219e-09 5.650129539299816993e-08 7.444851068543891105e-07 7.436189405569597950e-06 5.630431656386286637e-05 3.231690479952634663e-04 1.406094941740307358e-03 4.637632729742922379e-03 1.159511013898195490e-02 2.197607980506534331e-02 3.157347535961409907e-02 3.438676909324243913e-02
5.091348737989720326e-24 8.116318480098734149e-22 9.808037873894013036e-20 8.984667459967602571e-18 6.239053367713986673e-16 3.284219782975448664e-14 1.310516654551239050e-12 3.964146496424037855e-11 9.089786154048509686e-10 1.579990428748218990e-08 2.081862610394770584e-07 2.079440481043356799e-06 1.574482153893018405e-05 9.037031791017427723e-05 3.931974540421397384e-04 1.296857934685750457e-03 3.242432392469225474e-03 6.145345077825100505e-03 8.829140734477767746e-03 9.615844320912877996e-03
1.079259092519106918e-24 1.720489200055480864e-22 2.079098211479312706e-20 1.904560961828610874e-18 1.322548389894014573e-16 6.961856759407348995e-15 2.778020300924438839e-13 8.403158711993227854e-12 1.926843919099643915e-10 3.349248154218895768e-09 4.413111863422018533e-08 4.407977457471262605e-07 3.337571767415499094e-06 1.915661101166443882e-05 8.334960916425022926e-05 2.749066681037806866e-04 6.873276260452369736e-04 1.302684198868888721e-03 1.871592559691434956e-03 2.038357211352819550e-03
1.734264787216595387e-25 2.764659438243134776e-23 3.340909372296754631e-21 3.060444923838577355e-19 2.125207114660086124e-17 1.118702924550270675e-15 4.464009448204666014e-14 1.350306182882046075e-12 3.096251477073159682e-11 5.381917259510283804e-10 7.091443157468786052e-09 7.083192664602529709e-08 5.363154437296976693e-07 3.078281772210048689e-06 1.339347457934578423e-05 4.417483786498515718e-05 1.104468896666093504e-04 2.093287284417086715e-04 3.007467896066819699e-04 3.275442532679538978e-04
2.112525284414778523e-26 3.367659315425609667e-24 4.069595124077062634e-22 3.727958574044666387e-20 2.588736043901986476e-18 1.362703222299851983e-16 5.437654560428484280e-15 1.644821467901762979e-13 3.771574894697306838e-12 6.555767246817691580e-11 8.638157842774704131e-10 8.628107834888177868e-09 6.532912065403193816e-08 3.749685817460307431e-07 1.631472535427830380e-06 5.380981186527998795e-06 1.345364610557259776e-05 2.549854179402632546e-05 3.663426726609433546e-05 3.989849311902644375e-05
1.950676466254174092e-27 3.109649773863990822e-25 3.757807536925651625e-23 3.442345098167160324e-21 2.390402858341386749e-19 1.258301202754795834e-17 5.021054593240505479e-16 1.518805266993261063e-14 3.482619802034311921e-13 6.053504296943732086e-12 7.976354810994592341e-11 7.967074773489429799e-10 6.032400140299492504e-09 3.462407732550815174e-08 1.506479048406143260e-07 4.968723188004072968e-07 1.242290969820164543e-06 2.354499885438511471e-06 3.382757287765781520e-06 3.684171363082615156e-06
