2.835352660230359456e-09 6.038778597425966212e-09 9.749625852992719902e-09 1.193228483232121426e-08 1.107021595720305673e-08 7.785480010793437150e-09 4.150606044915951482e-09 1.677391561656326664e-09 5.138711227802782504e-10 1.193358117144093643e-10 2.100797487888924348e-11 2.803460276479166965e-12 2.835968766581004376e-13 2.174729770469615781e-14 1.264171442042998014e-15 5.570619181997703058e-17 1.860791804885978484e-18 4.711822465945025598e-20 9.044339824819833945e-22 1.316017439577290559e-23
5.323508849119273339e-08 1.133809270084142544e-07 1.830538409983609629e-07 2.240342966363589867e-07 2.078485453906244251e-07 1.461760729571212317e-07 7.792959344790215808e-08 3.149382067058269602e-08 9.648173603933323737e-09 2.240586360170363153e-09 3.944346738185158485e-10 5.263629388796624905e-11 5.324665617959941000e-12 4.083158098787447891e-13 2.373541730069305210e-14 1.045910123505729661e-15 3.493724706144427057e-17 8.846669744037918142e-19 1.698117619272040480e-20 2.470885044901541220e-22
7.576797774893691336e-07 1.613718282096706534e-06 2.605352925057285569e-06 3.188616020681674265e-06 2.958248855904718629e-06 2.080482207721787867e-06 1.109149598449753346e-06 4.482425354082952714e-07 1.373196933938862945e-07 3.188962436120410668e-08 5.613875816931304318e-09 7.491573052892986801e-10 7.578444170875473492e-11 5.811442053402482339e-12 3.378194008634304755e-13 1.488613942630720272e-14 4.972518376481280691e-16 1.259121183633149814e-17 2.416882203799986800e-19 3.516739962463913486e-21
8.174670026330352338e-06 1.741054052585206172e-05 2.810936902004976194e-05 3.440224298464786496e-05 3.191679251744266004e-05 2.244649527288656392e-05 1.196670710574791058e-05 4.836125930231677905e-06 1.481553573109089128e-06 3.440598048957788485e-07 6.056857228560922678e-08 8.082720366178378602e-09 8.176446336624410398e-10 6.270013081399863458e-11 3.644761563653980775e-12 1.606077942046109450e-13 5.364891361135535340e-15 1.358476298980795027e-16 2.607594276046547363e-18 3.794239943530134906e-20
6.685772365170328528e-05 1.423946291844074613e-04 2.298965487185393789e-04 2.813637305307652441e-04 2.610361136421122399e-04 1.835819149971974382e-04 9.787144852574837398e-05 3.955295687126492534e-05 1.211710063489702988e-05 2.813942982565512363e-06 4.953688472814486347e-07 6.610570002891412492e-08 6.687225146290265745e-09 5.128021076551965128e-10 2.980921072217492050e-11 1.313554123488185612e-12 4.387754158747692696e-14 1.111049530954812060e-15 2.132658773285616938e-17 3.103174131747412262e-19
4.145049867981563728e-04 8.828192266565068960e-04 1.425314244737856942e-03 1.744400841654493830e-03 1.618373539050474820e-03 1.138172451827933153e-03 6.067840970838708596e-04 2.452207010690532745e-04 7.512368600620108290e-05 1.744590355656486838e-05 3.071191274358972381e-06 4.098425854358240503e-07 4.145950564245289087e-08 3.179274125021285006e-09 1.848113549487229637e-10 8.143782122340664691e-12 2.720322919039334725e-13 6.888292720818462181e-15 1.322207290919641261e-16 1.923908087587978738e-18
1.948070874172734080e-03 4.149031923340150071e-03 6.698624275102873886e-03 8.198252326851472593e-03 7.605955188402337315e-03 5.349128897866445992e-03 2.851735115591971965e-03 1.152476618404259159e-03 3.530627358662918533e-04 8.199142995768109328e-05 1.443383906381213065e-05 1.926158741419346977e-06 1.948494179130145148e-07 1.494180171825262402e-08 8.685676391327019162e-10 3.827376090378809017e-11 1.278484461154534766e-12 3.237327137088667465e-14 6.214047104609761356e-16 9.041891966044206936e-18
6.940273191836053394e-03 1.478150277353632892e-02 2.386477981629965897e-02 2.920741313794197533e-02 2.709727227701185306e-02 1.905701500994065947e-02 1.015970262445674115e-02 4.105858100427475788e-03 1.257835057879853370e-03 2.921058626972422253e-04 5.142255738123050889e-05 6.862208174007134058e-06 6.941781274569006044e-07 5.323224492381774273e-08 3.094392909975051860e-09 1.363555917153707408e-10 4.554778550188926433e-12 1.153342778264214941e-13 2.213840630990593132e-15 3.221299658415312883e-17
1.874326296413713830e-02 3.991969564186843150e-02 6.445046633096621069e-02 7.887905991807424300e-02 7.318030369413940084e-02 5.146636649159503502e-02 2.743782163382672834e-02 1.108849406105088219e-02 3.396974816940273329e-03 7.888762944289997225e-04 1.388744345710481046e-04 1.853243651436731066e-05 1.874733577084863978e-06 1.437617709274230708e-07 8.356878529543927828e-09 3.682490071367914752e-10 1.230087199017268378e-11 3.114777528674750747e-13 5.978813219652304852e-15 8.699609498799928993e-17
3.837166550405127913e-02 8.172457544474436009e-02 1.319445680490031747e-01 1.614831370739241156e-01 1.498165042132339753e-01 1.053632018876875104e-01 5.617137826575271248e-02 2.270063573607292509e-02 6.954369772793646091e-03 1.615006808143480514e-03 2.843071326812507253e-04 3.794005644934970371e-05 3.838000345337717347e-06 2.943126069805463269e-07 1.710840573528760965e-08 7.538883571707100924e-10 2.518264542935676202e-11 6.376648595206071221e-13 1.223997237912409652e-14 1.781005294235776140e-16
5.954878722526518731e-02 1.268279416675410776e-01 2.047640858187419199e-01 2.506048367660290155e-01 2.324994501811497860e-01 1.635126025457541432e-01 8.717206846661464115e-02 3.522899800069755061e-02 1.079245011770941891e-02 2.506320628051367672e-03 4.412147538624184477e-04 5.887897538818946176e-05 5.956172684526286398e-06 4.567421971544927492e-07 2.655044547875009824e-08 1.169955402848582495e-09 3.908081587659354640e-11 9.895887640481017566e-13 1.899514918815889841e-14 2.763932811368838459e-16
7.005385055235709146e-02 1.492017904215415525e-01 2.408867306091856120e-01 2.948142959837929955e-01 2.735149193699289438e-01 1.923580303799581337e-01 1.025501834923871203e-01 4.144378208265286218e-02 1.269635743847707075e-02 2.948463249967027237e-03 5.190499062835490177e-04 6.926587651427639750e-05 7.006907286414145910e-06 5.373165619541059210e-07 3.123423710764876850e-08 1.376348449113391869e-09 4.597510314570254273e-11 1.164163144459547852e-12 2.234610316097971338e-14 3.251521065776443874e-16
6.247236129228008611e-02 1.330546156017968495e-01 2.148170692471214061e-01 2.629083921527424761e-01 2.439141135994576659e-01 1.715403261436254934e-01 9.145181975311798828e-02 3.695858125101874475e-02 1.132231023332064095e-02 2.629369548662914471e-03 4.628763874990016679e-04 6.176966474658303970e-05 6.248593618864901233e-06 4.791661574924410842e-07 2.785395135160236401e-08 1.227394881210968286e-09 4.099950583046907473e-11 1.038173062442557152e-12 1.992772444540975201e-14 2.899629316147719420e-16
4.223190293204057144e-02 8.994616970640156861e-02 1.452183562286918361e-01 1.777285421542970922e-01 1.648882314707693919e-01 1.159628714646231407e-01 6.182228900717751108e-02 2.498434801586145795e-02 7.653988049258110202e-03 1.777478508168979857e-03 3.129087849734769867e-04 4.175687346789536163e-05 4.224107968947227659e-06 3.239208224716211907e-07 1.882953269928686986e-08 8.297304665669892299e-10 2.771605098121954657e-11 7.018147400353077937e-13 1.347132887290101758e-14 1.960176649086930771e-16
2.164164154946831425e-02 4.609270784378392133e-02 7.441681273424198551e-02 9.107658275788278746e-02 8.449659507312498596e-02 5.942490683696930592e-02 3.168068984753003026e-02 1.280317169170756310e-02 3.922268576258887418e-03 9.108647743763423994e-04 1.603493873570626370e-04 2.139821379285007931e-05 2.164634415771317522e-06 1.659924806519030947e-07 9.649150735113932120e-09 4.251934697096602841e-10 1.420302659502635440e-11 3.596433497779769643e-13 6.903351504938693058e-15 1.004488016593563830e-16
8.406913283046950694e-03 1.790517585913113316e-02 2.890795922423390618e-02 3.537961441656816558e-02 3.282355203364625135e-02 2.308420262342891771e-02 1.230668254469052293e-02 4.973520789267086954e-03 1.523644669839686319e-03 3.538345810441613265e-04 6.228933195382532122e-05 8.312351323137471705e-06 8.408740058507966399e-07 6.448144828979860232e-08 3.748309632600135198e-09 1.651706789522524412e-10 5.517308503066367807e-12 1.397070757085083364e-13 2.681676310540184827e-15 3.902034709363068861e-17
2.475595903082970523e-03 5.272563009568702677e-03 8.512568526942819111e-03 1.041828618345963520e-02 9.665598799857578680e-03 6.797638504935986196e-03 3.623966593020037322e-03 1.464559853928352768e-03 4.486698477092243868e-04 1.041941803977465309e-04 1.834242959322838974e-05 2.447750106099254631e-06 2.476133836292800678e-07 1.898794525845594408e-08 1.103770154102055712e-09 4.863804851516583377e-11 1.624689807825115976e-12 4.113974447115214614e-14 7.896770983894128386e-16 1.149037799600769829e-17
5.526113012941708718e-04 1.176960222888048411e-03 1.900205750531174399e-03 2.325606807608193455e-03 2.157589259185996571e-03 1.517392986174342928e-03 8.089546813037709616e-04 3.269242470851767843e-04 1.001536753576305117e-04 2.325859464590835678e-05 4.094462215657866964e-06 5.463954636901498744e-07 5.527313806539423141e-08 4.238556512842206498e-09 2.463874901507142725e-10 1.085715776508697715e-11 3.626690235605557382e-13 9.183359731206945593e-15 1.762745238024222248e-16 2.564922945957428989e-18
9.350968385984487999e-05 1.991583923458114451e-04 3.215418117304137918e-04 3.935257148242454609e-04 3.650947583833053715e-04 2.567644528731345384e-04 1.368866259674792298e-04 5.532022765270786809e-05 1.694742488646304454e-05 3.935684679755418156e-06 6.928411823384587503e-07 9.245787582060471494e-08 9.353000299364468404e-09 7.172239847606289226e-10 4.169226408699395998e-11 1.837185355876922677e-12 6.136875170573707813e-14 1.553954946678263942e-15 2.982815399306256675e-17 4.340214057143666805e-19
1.199472331811872755e-05 2.554654998352709998e-05 4.124498028133254828e-05 5.047853733477011021e-05 4.683162674645388861e-05 3.293582485807045366e-05 1.755879323570034425e-05 7.096065318583714435e-06 2.173888992849189006e-06 5.048402138946473075e-07 8.887248830831244895e-08 1.185980524446374132e-08 1.199732970472957005e-09 9.200013195656468548e-11 5.347972013026757976e-12 2.356604056203661724e-13 7.871924775106002648e-15 1.993297257016167121e-16 3.826132647109331080e-18 5.567302188175139768e-20
