9.041967740764329356e-19 4.932273090983832974e-18 2.039520596706801319e-17 6.393017537266347877e-17 1.519079543722477982e-16 2.736225932300103272e-16 3.736114806002729087e-16 3.867099005302075594e-16 3.034220850140919916e-16 1.804703685004867564e-16 8.136946139464595688e-17 2.781082017315305453e-17 7.205480910120680495e-18 1.415171149945361689e-18 2.106938117454715170e-19 2.377888099898353921e-20 2.034360272117199752e-21 1.319353392923046014e-22 6.486213350440724552e-24 2.417230919066497253e-25
6.138800804405850657e-17 3.348634156476391330e-16 1.384677654092986149e-15 4.340367310029137024e-15 1.031338198976119524e-14 1.857687003074856752e-14 2.536534660817479369e-14 2.625462859974646786e-14 2.060002637657670048e-14 1.225255027539572323e-14 5.524360729706596957e-15 1.888140835544573360e-15 4.891967464975833399e-16 9.607923897461548576e-17 1.430448966540010331e-17 1.614403169636754344e-18 1.381174190505207269e-19 8.957395007347150012e-21 4.403640100784927221e-22 1.641113918544666430e-23
3.159373338416969245e-15 1.723396117771211354e-14 7.126332653607793633e-14 2.233797967251324953e-13 5.307848409737544253e-13 9.560705707254907826e-13 1.305443886305230261e-12 1.351211356272482339e-12 1.060193614005718943e-12 6.305853846880966499e-13 2.843147799926362043e-13 9.717438315826288150e-14 2.517682536653626497e-14 4.944779862769467274e-15 7.361897658593258863e-16 8.308629802657086527e-17 7.108301852798320835e-18 4.609980983186614598e-19 2.266361716187054513e-20 8.446098390802573195e-22
1.232580168192302332e-13 6.723560811489180994e-13 2.780227393189111030e-12 8.714813918008951327e-12 2.070774164629637203e-11 3.729960022575236686e-11 5.092985451836308860e-11 5.271540088428379236e-11 4.136179815084290256e-11 2.460130400125197429e-11 1.109209712830178706e-11 3.791106802123260914e-12 9.822345231406734085e-13 1.929128641055181329e-13 2.872129401076130935e-14 3.241482162009396727e-15 2.773192957839488820e-16 1.798512086724955210e-17 8.841856299015669832e-19 3.295113384833611785e-20
3.645240796619186803e-12 1.988430351312172398e-11 8.222263004924479645e-11 2.577324870921877727e-10 6.124121302846798268e-10 1.103100860692136916e-09 1.506202908720274837e-09 1.559008775837664505e-09 1.223236572612593333e-09 7.275606026252675742e-10 3.280384190461835977e-10 1.121184449990610954e-10 2.904866919002352973e-11 5.705217888272685032e-12 8.494054614984456536e-13 9.586380929525495762e-14 8.201459318982307781e-15 5.318931620778493435e-16 2.614896469272718829e-17 9.744990265012468971e-19
8.172107819562023249e-11 4.457776078245249548e-10 1.843313612076268491e-09 5.777993253764381531e-09 1.372940290621053766e-08 2.472994151110275564e-08 3.376691213270735073e-08 3.495074404852752097e-08 2.742321212220849902e-08 1.631086674831908891e-08 7.354151560825233641e-09 2.513534968509463257e-09 6.512295617228641238e-10 1.279028144321765908e-10 1.904245398638145773e-11 2.149129314807779543e-12 1.838649723624196379e-13 1.192428295277317743e-14 5.862223396519591647e-16 2.184687256329524003e-17
1.388797010855865913e-09 7.575702902147449278e-09 3.132592583266553931e-08 9.819326833114883166e-08 2.333223464249765872e-07 4.202694042661400806e-07 5.738468908043609772e-07 5.939653505989228465e-07 4.660398010440198545e-07 2.771926592831959035e-07 1.249790620800018220e-07 4.271590546800609465e-08 1.106722633463934631e-08 2.173625829290384401e-09 3.236142224205786402e-10 3.652306643829525031e-11 3.124666605680088424e-12 2.026454971845744399e-13 9.962470527575703679e-15 3.712735071828709403e-16
1.789123324977880225e-08 9.759429678626564755e-08 4.035574972127115936e-07 1.264978721539765771e-06 3.005784495246280189e-06 5.414137473436312023e-06 7.392605609594500742e-06 7.651782475613949183e-06 6.003776447517426825e-06 3.570945561947790456e-06 1.610047784905519463e-06 5.502893671499360743e-07 1.425739875830398256e-07 2.800182201257211734e-08 4.168973212798238231e-09 4.705098697195585804e-10 4.025364299680133724e-11 2.610588753292535248e-12 1.283419265448012811e-13 4.782945862173612452e-15
1.747183830048683777e-07 9.530655314218992083e-07 3.940975581622832941e-06 1.235325892169708982e-05 2.935324800357339491e-05 5.287222694592911540e-05 7.219312834776450954e-05 7.472414240984696096e-05 5.863039725592581310e-05 3.487237719566614781e-05 1.572306065277757821e-05 5.373898326120030902e-06 1.392318585381635318e-06 2.734542105020751553e-07 4.071246785292034985e-08 4.594804755913024259e-09 3.931004261287202040e-10 2.549392986487434493e-11 1.253334164536394522e-12 4.670827076993876334e-14
1.293402646188293139e-06 7.055339335973524707e-06 2.917419540044843487e-05 9.144852134950760120e-05 2.172957875931416638e-04 3.914017349841616825e-04 5.344302164186574269e-04 5.531667696601449795e-04 4.340282324829680292e-04 2.581527150608648401e-04 1.163944394672820204e-04 3.978181457389525817e-05 1.030703530846876616e-05 2.024322760959041848e-06 3.013856512875107500e-07 3.401435228398870909e-08 2.910037985862455763e-09 1.887260846962419462e-10 9.278163505693596157e-12 3.457712919139982524e-13
7.258146134750235582e-06 3.959222140271745181e-05 1.637158963639435061e-04 5.131787334111615395e-04 1.219391799966261210e-03 2.196416559284088740e-03 2.999044899919051793e-03 3.104188214639351778e-03 2.435622307757453770e-03 1.448667309067434242e-03 6.531669417992560416e-04 2.232423325665851526e-04 5.783965937085765066e-05 1.135982709347479668e-05 1.691276190294087336e-06 1.908772494656892903e-07 1.633016680560361748e-08 1.059068114791187687e-09 5.206597248342648562e-11 1.940353665820339330e-12
3.087553490272290283e-05 1.684219346236683675e-04 6.964334664073896976e-04 2.183018583617523777e-03 5.187188764317710379e-03 9.343368799425268503e-03 1.275768133669166748e-02 1.320495203407978484e-02 1.036092966122176967e-02 6.162507234374448896e-03 2.778516488153031424e-03 9.496538514048629082e-04 2.460449801522181278e-04 4.832373603422198571e-05 7.194544732787507238e-06 8.119755470060453161e-07 6.946713744983762866e-08 4.505185475122926107e-09 2.214842083379412981e-10 8.254099079905585747e-12
9.956348551008175891e-05 5.431055656303687132e-04 2.245769783741401095e-03 7.039519794653803855e-03 1.672698448792407297e-02 3.012930357345444329e-02 4.113934300765494101e-02 4.258164448482090053e-02 3.341060400884113268e-02 1.987206704818266986e-02 8.959805456952603733e-03 3.062322572607570435e-03 7.934144588391669551e-04 1.558282182833361216e-04 2.320004989424013527e-05 2.618355143111947910e-06 2.240087614580500971e-07 1.452774729849532535e-08 7.142140156289830253e-10 2.661676556309585535e-11
2.433786697651393860e-04 1.327598259823661647e-03 5.489687908830605430e-03 1.720780419278035087e-02 4.088839611225600357e-02 7.364979025282201996e-02 1.005633593974670087e-01 1.040890034939405268e-01 8.167078842271152661e-02 4.857641552917133648e-02 2.190186012769464174e-02 7.485716176916300951e-03 1.939467612804206091e-03 3.809153956731442135e-04 5.671152684960261331e-05 6.400456838554229207e-06 5.475798090041367823e-07 3.551245513430589161e-08 1.745865526511716731e-09 6.506354174935842799e-11
4.509846431102967641e-04 2.460061220558878384e-03 1.017248119870158181e-02 3.188634172453056609e-02 7.576686463868370636e-02 1.364742621215309093e-01 1.863455445442462055e-01 1.928786205369631968e-01 1.513373025043496523e-01 9.001288996336979931e-02 4.058450390361531546e-02 1.387115412262446279e-02 3.593865107523766707e-03 7.058424386107664495e-04 1.050873838746384622e-04 1.186015087461738692e-05 1.014674313802610193e-06 6.580515835742874297e-08 3.235117285143590380e-09 1.205638036547819297e-10
6.334871553511209254e-04 3.455588141213735472e-03 1.428903683501301682e-02 4.478996839962563759e-02 1.064278712880574601e-01 1.917020754714873487e-01 2.617550524815086543e-01 2.709319053733859062e-01 2.125798266672812020e-01 1.264389164441743763e-01 5.700806517917270805e-02 1.948447269950448132e-02 5.048214874855683210e-03 9.914796997916306472e-04 1.476136912665442478e-04 1.665966536638584285e-05 1.425288320741029229e-06 9.243490485125539594e-08 4.544290537386731466e-09 1.693530415777367828e-10
6.745446356150697036e-04 3.679551232982471512e-03 1.521513587725675451e-02 4.769288952131948284e-02 1.133256594879169243e-01 2.041266433790498713e-01 2.787198840656497367e-01 2.884915058542769084e-01 2.263575204439891297e-01 1.346336576834413767e-01 6.070286386799925854e-02 2.074729759904005155e-02 5.375399066108428950e-03 1.055739342410173982e-03 1.571808090283961790e-04 1.773940925101955517e-05 1.517663906583533948e-06 9.842578288180815030e-08 4.838814455474687372e-09 1.803291270492152101e-10
5.444780691469154480e-04 2.970055419438117142e-03 1.228133375740634269e-02 3.849668506358668724e-02 9.147405969142261006e-02 1.647666807803208344e-01 2.249767566093542059e-01 2.328642016841405982e-01 1.827109714627655479e-01 1.086734221981102422e-01 4.899805938030930147e-02 1.674677692224373765e-02 4.338907686576024686e-03 8.521703210252075779e-04 1.268730027460606249e-04 1.431887348417639142e-05 1.225025995080503582e-06 7.944719650597296672e-08 3.905788012493355258e-09 1.455578322362273265e-10
3.331554405350616813e-04 1.817318598757852602e-03 7.514707001362817655e-03 2.355536576816303143e-02 5.597118117498210005e-02 1.008174970332111481e-01 1.376588603022586565e-01 1.424850330858634939e-01 1.117972561936962095e-01 6.649513341022192381e-02 2.998095053449324407e-02 1.024702400192921761e-02 2.654892425744619956e-03 5.214262884029081816e-04 7.763109942719232564e-05 8.761437556265299988e-06 7.495693549189107806e-07 4.861217972046760968e-08 2.389875000801322617e-09 8.906397974480043211e-11
1.545290901171295897e-04 8.429356250882930361e-04 3.485582686425348076e-03 1.092579858124015195e-02 2.596138212799424180e-02 4.676266447700094808e-02 6.385097117100917152e-02 6.608951810213764544e-02 5.185545896971588409e-02 3.084275750261187415e-02 1.390620846383667543e-02 4.752926420422253634e-03 1.231431521125044004e-03 2.418556628720986768e-04 3.600800617276414799e-05 4.063859715192733712e-06 3.476763585468532298e-07 2.254802109414647583e-08 1.108507214453359587e-09 4.131097403083246981e-11
