4.180125094619357627e-10 9.921582322676306449e-10 1.785128243140148867e-09 2.434751945534581573e-09 2.517310813080765489e-09 1.972948643285353808e-09 1.172172529247071458e-09 5.279151399204266050e-10 1.802326692389686697e-10 4.664442368353036649e-11 9.150878051513842268e-12 1.360888748669588386e-12 1.534190533359142947e-13 1.311090870153196563e-14 8.493429908079975528e-16 4.170904446791658896e-17 1.552652236789723182e-18 4.381420798561422767e-20 9.372437588939484357e-22 1.519801847747965058e-23
8.992935104453600654e-09 2.134485067831360796e-08 3.840445460436251776e-08 5.238016984185104532e-08 5.415630457785636160e-08 4.244513910916965798e-08 2.521759815348789441e-08 1.135733138722071481e-08 3.877445438785563657e-09 1.003487373405565742e-09 1.968679180724999908e-10 2.927755491556910482e-11 3.300589238854375511e-12 2.820622551824111378e-13 1.827238712925253064e-14 8.973098213054733035e-16 3.340306926031389164e-17 9.425993723844271026e-19 2.016344513621526596e-20 3.269634060956406750e-22
1.466595876517188245e-07 3.480984753708168635e-07 6.263118115325474078e-07 8.542321301004917679e-07 8.831978887733672686e-07 6.922085534107610254e-07 4.112564478448987091e-07 1.852188989164197022e-07 6.323458832842119419e-08 1.636518474646641657e-08 3.210583346928270300e-09 4.774674876994806346e-10 5.382703768632353379e-11 4.599959140890514808e-12 2.979917825117662752e-13 1.463360814461194936e-14 5.447476610382013525e-16 1.537220425467188580e-17 3.288317456945615468e-19 5.332221100032271003e-21
1.813077127485579836e-06 4.303362595742534604e-06 7.742771122883435744e-06 1.056043291439280084e-05 1.091852170606984582e-05 8.557418684548049822e-06 5.084152158461447298e-06 2.289766080625472703e-06 7.817367251603845130e-07 2.023143704819114145e-07 3.969079229941169540e-08 5.902685224519551312e-09 6.654360102330030675e-10 5.686693136982261505e-11 3.683919297071654937e-12 1.809077786485347098e-13 6.734435438514331023e-15 1.900386628617073159e-16 4.065177916126365388e-18 6.591950972972185895e-20
1.699099915072972071e-05 4.032836171230392560e-05 7.256029849963092037e-05 9.896562256489740603e-05 1.023214016782263234e-04 8.019465437923074575e-05 4.764542208218120644e-05 2.145822311775126456e-05 7.325936570450705297e-06 1.895960874982641955e-06 3.719567182375463761e-07 5.531619042369405755e-08 6.236040658906769098e-09 5.329205073306787059e-10 3.452333532810471855e-11 1.695351988495101283e-12 6.311082142166110362e-14 1.780920795006153520e-15 3.809624724363381660e-17 6.177554814711739659e-19
1.207030867801803584e-04 2.864903764799297268e-04 5.154642130754625304e-04 7.030461259361759068e-04 7.268853889446649178e-04 5.696982408728523640e-04 3.384703551125100391e-04 1.524379905003506348e-04 5.204303465409987805e-05 1.346879768486293194e-05 2.642359265727434687e-06 3.929630549580347691e-07 4.430047639572912021e-08 3.785836822933972128e-09 2.452518008554258432e-10 1.204368362183611242e-11 4.483356680351603595e-13 1.265155953227286773e-14 2.706335628796772955e-16 4.388499630155332916e-18
6.500019423764806558e-04 1.542788226478902487e-03 2.775842347220162497e-03 3.785995533577449917e-03 3.914373089393909447e-03 3.067899695143693709e-03 1.822707224220831371e-03 8.208985582750269287e-04 2.802585626823094638e-04 7.253124083380361109e-05 1.422945096927999797e-05 2.116157555026666757e-06 2.385638716751992377e-07 2.038722748581405820e-08 1.320713091767700266e-09 6.485681482047017978e-11 2.414346333911341953e-12 6.813030627000818441e-14 1.457397206953136067e-15 2.363264569127681416e-17
2.653430712800549946e-03 6.297952969985356683e-03 1.133151281221902139e-02 1.545514893477278710e-02 1.597921036786979429e-02 1.252374607547060252e-02 7.440635194886438715e-03 3.351062980914964844e-03 1.144068393130827843e-03 2.960862260846549958e-04 5.808730677039776171e-05 8.638554877395163186e-06 9.738627883990863645e-07 8.322451370211144595e-08 5.391400320561538996e-09 2.647577694150597119e-10 9.855817800044712834e-12 2.781207798678241882e-13 5.949370698094582755e-15 9.647292386958345803e-17
8.211030557189507445e-03 1.948898987066908367e-02 3.506532034601823195e-02 4.782589556875800618e-02 4.944760154368521565e-02 3.875468133390107262e-02 2.302501537175226723e-02 1.036985077568430141e-02 3.540314993036730237e-03 9.162376233212638291e-04 1.797509347335380270e-04 2.673197296091667027e-05 3.013614440911818378e-06 2.575379194258387570e-07 1.668366638126708741e-08 8.192918414763958992e-10 3.049878812808570243e-11 8.606436230150531235e-13 1.841030344694529823e-14 2.985350708473942027e-16
1.926124717333132369e-02 4.571682548773691596e-02 8.225542429693255553e-02 1.121888890096988806e-01 1.159930496942784134e-01 9.090984269232339765e-02 5.401155301471353976e-02 2.432535813255859783e-02 8.304789718828163581e-03 2.149289204245402683e-03 4.216556203786782798e-04 6.270724911383881810e-05 7.069267642744153551e-06 6.041265451415473691e-07 3.913616198220259953e-08 1.921876012500439808e-09 7.154335774670327865e-11 2.018878073292465032e-12 4.318646761302786931e-14 7.002967227377890628e-16
3.425058234221804720e-02 8.129421120562507763e-02 1.462675888857775386e-01 1.994956373452772269e-01 2.062602418175474850e-01 1.616569801961053321e-01 9.604399586974238234e-02 4.325564560932027708e-02 1.476767737518908802e-02 3.821892020012715788e-03 7.497931165036364996e-04 1.115067876913628051e-04 1.257065709806314440e-05 1.074265118623236806e-06 6.959239588523373174e-08 3.417503135976596979e-09 1.272192627762443055e-10 3.589993371973474641e-12 7.679469827361753465e-14 1.245276089874691128e-15
4.616877322789215282e-02 1.095821952570577990e-01 1.971643890426390822e-01 2.689142259982799654e-01 2.780327129990590729e-01 2.179088339230995930e-01 1.294644692725417101e-01 5.830733250048001498e-02 1.990639286145420503e-02 5.151797543481732335e-03 1.010698972000285576e-03 1.503078558739581272e-04 1.694487442833026000e-05 1.448077645886210406e-06 9.380849387926002665e-08 4.606693273533865948e-09 1.714878081385541438e-10 4.839205016259746602e-12 1.035169847412714233e-13 1.678595383433057721e-15
4.717647952774536163e-02 1.119739995176390196e-01 2.014678128300604609e-01 2.747837031516148221e-01 2.841012155141998119e-01 2.226650379412152825e-01 1.322902355247468908e-01 5.957998200317184828e-02 2.034088128493524023e-02 5.264243651038223379e-03 1.032759071286712925e-03 1.535885619159828405e-04 1.731472304066751378e-05 1.479684224627932148e-06 9.585601222667754300e-08 4.707241620580407976e-09 1.752308000468778198e-10 4.944828298842874361e-12 1.057764062154067328e-13 1.715233375403099690e-15
3.654260831828239769e-02 8.673436524228451960e-02 1.560557177366340975e-01 2.128457514641625137e-01 2.200630387262705601e-01 1.724749567817144558e-01 1.024711955937927105e-01 4.615028437363085517e-02 1.575592043079253671e-02 4.077650468148196795e-03 7.999687684832018468e-04 1.189687470631036701e-04 1.341187703170040951e-05 1.146154219148960889e-06 7.424947229671701479e-08 3.646200151480610416e-09 1.357326904320271747e-10 3.830233318268331704e-12 8.193374792563454137e-14 1.328609129787606170e-15
2.145706793052177055e-02 5.092863516212904618e-02 9.163270742077885000e-02 1.249786470662134219e-01 1.292164896884014924e-01 1.012737468476635483e-01 6.016897824115529508e-02 2.709849768229241965e-02 9.251552380903006745e-03 2.394312478461094532e-03 4.697252056595040137e-04 6.985600111267760751e-05 7.875178313449060448e-06 6.729981813265749528e-07 4.359776283618434905e-08 2.140973727358593278e-09 7.969944382802559213e-11 2.249034217371770053e-12 4.810981142150776131e-14 7.801319517934216862e-16
9.550762130017488930e-03 2.266886051789234607e-02 4.078666268565361158e-02 5.562928417460561575e-02 5.751559161232380063e-02 4.507798872099308407e-02 2.678183247814782883e-02 1.206182066824968736e-02 4.117961336073980121e-03 1.065733166374818785e-03 2.090795312879628240e-04 3.109362621872433169e-05 3.505323050044298232e-06 2.995584282343367261e-07 1.940581367396490748e-08 9.529694766698540145e-10 3.547504404427043997e-11 1.001068314736210620e-12 2.141417301257739010e-14 3.472447738773613234e-16
3.222571045849041173e-03 7.648815094844853973e-03 1.376203453067866185e-02 1.877015865770116990e-02 1.940662720854646750e-02 1.520999259324196801e-02 9.036593805179462049e-03 4.069840031253484092e-03 1.389462200911659217e-03 3.595944279427067429e-04 7.054658409831458159e-05 1.049145797988062583e-05 1.182748812465640009e-06 1.010755271910695789e-07 6.547813924745526120e-09 3.215462600039189523e-10 1.196981436989009698e-11 3.377755326820082161e-13 7.225464625932161854e-15 1.171656187104236508e-16
8.242591789658289562e-04 1.956390087430084131e-03 3.520010302881609616e-03 4.800972684274488339e-03 4.963766626655705290e-03 3.890364503563300321e-03 2.311351800947647299e-03 1.040970999539106434e-03 3.553923114907637398e-04 9.197594210328768850e-05 1.804418542226440453e-05 2.683472425469064866e-06 3.025198052162374719e-07 2.585278334308970293e-08 1.674779439411800002e-09 8.224410028500515125e-11 3.061601815608559723e-12 8.639517307208469065e-14 1.848106823863171512e-15 2.996825680714603323e-17
1.598166058569452496e-04 3.793268324867638572e-04 6.824990410101803174e-04 9.308663813429796834e-04 9.624306950799281979e-04 7.543074634436094028e-04 4.481507870282444659e-04 2.018351219947395138e-04 6.890744370159169942e-05 1.783332629171936198e-05 3.498608863850112670e-06 5.203017035093877777e-07 5.865592972203657959e-08 5.012627328010450906e-09 3.247250044598990929e-10 1.594640774980398043e-11 5.936176667998070156e-13 1.675126425662328167e-14 3.583316599779293420e-16 5.810581439173696125e-18
2.348966554980220885e-05 5.575303255505030964e-05 1.003129438610409586e-04 1.368176970850803478e-04 1.414569845296755404e-04 1.108672652819952446e-04 6.586870023129461982e-05 2.966549994250124105e-05 1.012793881939316172e-05 2.621122304449050071e-06 5.142216083288266782e-07 7.647336104339328468e-08 8.621182788205637238e-09 7.367503447430219196e-10 4.772771708872812941e-11 2.343785132684890043e-12 8.724925912932226736e-14 2.462082039688974225e-15 5.266718563852693917e-17 8.540327453722258251e-19
