1.531507001399080735e-31 5.178398116894532474e-30 1.327298809991558361e-28 2.578925481942661065e-27 3.798443764885818352e-26 4.241011287565878873e-25 3.589467082529219867e-24 2.302965017455290749e-23 1.120060615378070276e-22 4.129453036180189795e-22 1.154091800703728240e-21 2.445034543756909120e-21 3.926688607276765777e-21 4.780405582793321908e-21 4.411637776209745330e-21 3.086254727810543650e-21 1.636667690261004886e-21 6.579396647855062582e-22 2.004972631941248419e-22 4.631563768210018793e-23
2.037457805767071109e-29 6.889140993151160902e-28 1.765787109384550267e-26 3.430902926905073867e-25 5.053302982920710371e-24 5.642077734090431242e-23 4.775288470220608416e-22 3.063775775713928793e-21 1.490085413680502198e-20 5.493664942065454457e-20 1.535359189195681815e-19 3.252779590296863397e-19 5.223914971595985729e-19 6.359667086403862415e-19 5.869072629210436374e-19 4.105834175109073462e-19 2.177359527526005037e-19 8.752975366853676520e-20 2.667338207116424074e-20 6.161653680869149331e-21
2.054731505305355577e-27 6.947547577697665208e-26 1.780757567123465376e-24 3.459990344635457861e-23 5.096145213643630588e-22 5.689911635373954069e-21 4.815773675857625013e-20 3.089750665624581567e-19 1.502718454546154274e-18 5.540240590063974009e-18 1.548376064069085493e-17 3.280356866816657368e-17 5.268203661834123570e-17 6.413584756798363949e-17 5.918831007950054162e-17 4.140643703774699499e-17 2.195819322943041936e-17 8.827183660210754902e-18 2.689952073585854153e-18 6.213892580757546233e-19
1.570790825071310819e-25 5.311226290936776520e-24 1.361344604339511710e-22 2.645076047238109310e-21 3.895875506923161271e-20 4.349795079909319663e-19 3.681538481366167586e-18 2.362037076274745867e-17 1.148790659495752178e-16 4.235375310637903459e-16 1.183694759592592236e-15 2.507750747993481838e-15 4.027409885549174711e-15 4.903025074460481083e-15 4.524798212530362082e-15 3.165418509905026218e-15 1.678648931545264688e-15 6.748161046286122724e-16 2.056401055885048100e-16 4.750365402306951791e-17
9.102872319638003965e-24 3.077902800005667660e-22 7.889112871389551259e-21 1.532845058007529779e-19 2.257694452163389120e-18 2.520744875576068843e-17 2.133484242511335719e-16 1.368821460909917486e-15 6.657343885942182640e-15 2.454437603220257045e-14 6.859616245534644554e-14 1.453263827628037620e-13 2.333919792620228194e-13 2.841346570175642699e-13 2.622160744981449922e-13 1.834388135834452406e-13 9.727919624600264715e-14 3.910619250905586215e-14 1.191702673004885110e-14 2.752878934524136689e-15
3.998852322033276232e-22 1.352109348193609111e-20 3.465653061669359967e-19 6.733721845473935249e-18 9.917953790254022701e-17 1.107352288925835636e-15 9.372303727453693257e-15 6.013173298717916954e-14 2.924542289738774914e-13 1.078223791818865468e-12 3.013399659856389197e-12 6.384124952626411226e-12 1.025280840424875596e-11 1.248191222603016272e-11 1.151903840416661380e-11 8.058387505520432689e-12 4.273432891666953787e-12 1.717918072775260093e-12 5.235098146810367244e-13 1.209327774031226843e-13
1.331646953989305325e-20 4.502622627651767829e-19 1.154087716049772361e-17 2.242378428212931516e-16 3.302750862248158244e-15 3.687563790281183729e-14 3.121045416395966454e-13 2.002430513106830960e-12 9.738938871249319813e-12 3.590563772968565825e-11 1.003484038680330437e-10 2.125960116158882068e-10 3.414259888049997787e-10 4.156567699230134980e-10 3.835923702227344857e-10 2.683501742903938706e-10 1.423084283935867992e-10 5.720792328862891163e-11 1.743325819416712152e-11 4.027149584370045522e-12
3.361550605129315270e-19 1.136622118445765469e-17 2.913327927223704553e-16 5.660560811336967453e-15 8.337318030369503786e-14 9.308722746323510862e-13 7.878628848803867417e-12 5.054846919371792931e-11 2.458454604494855238e-10 9.063860197794447624e-10 2.533150672825077775e-09 5.366679579407556817e-09 8.618806477467744518e-09 1.049265544651276890e-08 9.683235938641866897e-09 6.774112973938250825e-09 3.592370951988115746e-09 1.444131483746302475e-09 4.400774503814073536e-10 1.016595808801295721e-10
6.432607111246438675e-18 2.175021108043964596e-16 5.574895678636137510e-15 1.083195465601159615e-13 1.595415257739810414e-12 1.781301642261571966e-11 1.507641261813985582e-10 9.672870665757066179e-10 4.704457683135742555e-09 1.734445153814170137e-08 4.847394832316234380e-08 1.026958843743191569e-07 1.649280416984330830e-07 2.007857026995448306e-07 1.852967861430983941e-07 1.296282948174323839e-07 6.874301073062387796e-08 2.763465895098137231e-08 8.421248612182512181e-09 1.945340765948993112e-09
9.331065089295708020e-17 3.155060332266718817e-15 8.086878857009433103e-14 1.571270749037855114e-12 2.314290824384125642e-11 2.583935452633513496e-10 2.186966886365346828e-09 1.403135372976780359e-08 6.824231620555310310e-08 2.515965975250987992e-07 7.031574587351746712e-07 1.489694559184539642e-06 2.392426998141283036e-06 2.912574059767810267e-06 2.687893636960414578e-06 1.880372973877305832e-06 9.971781215117827061e-07 4.008651499036305715e-07 1.221576533036386663e-07 2.821888698315527727e-08
1.026058755622160179e-15 3.469354513615093067e-14 8.892460589958808903e-13 1.727794302231123156e-11 2.544830992701389854e-10 2.841336513854753882e-09 2.404823565731096423e-08 1.542909968999751803e-07 7.504033609943337322e-07 2.766596195663851245e-06 7.732031233432430593e-06 1.638091826631297626e-05 2.630750771898206816e-05 3.202712752321302831e-05 2.955650586499653166e-05 2.067688024055695770e-05 1.096512919694199114e-05 4.407976934532943341e-06 1.343264981424703208e-06 3.102993686775814680e-07
8.552834371988230614e-15 2.891921575647712066e-13 7.412415923416914950e-12 1.440223419455859707e-10 2.121274036795249461e-09 2.368429728309927667e-08 2.004569186594047997e-07 1.286110892133333971e-06 6.255076157774375580e-06 2.306129050215823955e-05 6.445126279195233958e-05 1.365450857713292629e-04 2.192893487116361799e-04 2.669659175126775719e-04 2.463717578480492925e-04 1.723545859902412452e-04 9.140113407251308905e-05 3.674321419707046439e-05 1.119694446430703911e-05 2.586537166112497055e-06
5.404365495031624091e-14 1.827347578360124069e-12 4.683757817471310908e-11 9.100484605121952406e-10 1.340390765371227736e-08 1.496563518522776987e-07 1.266647297638955299e-06 8.126678275208954258e-06 3.952457897066977003e-05 1.457196962318722225e-04 4.072546779168715247e-04 8.628011697216558459e-04 1.385645667928002206e-03 1.686904399412067577e-03 1.556774010993455196e-03 1.089074261144127795e-03 5.775455406994141165e-04 2.321730438666751183e-04 7.075125938469357489e-05 1.634381259379597502e-05
2.588666970974698806e-13 8.752913408503237825e-12 2.243499107023585080e-10 4.359091541606617108e-09 6.420411990465676271e-08 7.168472513428562233e-07 6.067184068669548552e-06 3.892642652335629285e-05 1.893209706432991450e-04 6.979908464790226218e-04 1.950731745414967201e-03 4.132779125745862127e-03 6.637180955538627726e-03 8.080196844503733863e-03 7.456878087234153178e-03 5.216617142852923716e-03 2.766417383903365008e-03 1.112098526202299131e-03 3.388953772508466913e-04 7.828613346054321049e-05
9.399493935321545357e-13 3.178197791454156400e-11 8.146183532610796559e-10 1.582793575544998176e-08 2.331262547222331914e-07 2.602884599331863940e-06 2.203004886196938610e-05 1.413425188069909961e-04 6.874276742986543511e-04 2.534416671573339313e-03 7.083140247879503304e-03 1.500619151247764918e-02 2.409971728256999832e-02 2.933933259384083683e-02 2.707605155212321896e-02 1.894162584331121613e-02 1.004490871715994771e-02 4.038048721494165438e-03 1.230534896490930894e-03 2.842582861885410337e-04
2.587197487928862336e-12 8.747944728483871527e-11 2.242225562014479363e-09 4.356617059107513736e-08 6.416767378519414318e-07 7.164403257343798629e-06 6.063739970133552874e-05 3.890432954276641523e-04 1.892135006752801094e-03 6.975946248999034295e-03 1.949624392766280412e-02 4.130433111783624045e-02 6.633413292492083835e-02 8.075610038860828177e-02 7.452645114802021464e-02 5.213655877254057269e-02 2.764846999033872960e-02 1.111467232201223190e-02 3.387029998547706061e-03 7.824169354334458435e-04
5.398231550815532024e-12 1.825273542449825920e-10 4.678441761553096751e-09 9.090155572979628440e-08 1.338869424486699043e-06 1.494864921870330579e-05 1.265209655445377981e-04 8.117454511337311761e-04 3.947971865121263461e-03 1.455543046630206581e-02 4.067924446577818320e-02 8.618218920896179858e-02 1.384072962818004848e-01 1.684989766233877251e-01 1.555007075550384477e-01 1.087838163998001290e-01 5.768900276457256809e-02 2.319095279181580815e-02 7.067095684433384768e-03 1.632526239862123465e-03
8.538277329190497302e-12 2.886999484991735059e-10 7.399799888645399260e-09 1.437772139208459487e-07 2.117663598945486075e-06 2.364398628043164069e-05 2.001157382018964250e-04 1.283921913546217557e-03 6.244429931345617073e-03 2.302203986567792626e-02 6.434156584822282865e-02 1.363126841403675404e-01 2.189161151968213870e-01 2.665115378161059811e-01 2.459524296970335422e-01 1.720612360929410500e-01 9.124556807385261759e-02 3.668067673658304689e-02 1.117788710943709053e-02 2.582134843959695350e-03
1.023730928069731160e-11 3.461483561799031972e-10 8.872286194821295365e-09 1.723874441736161741e-07 2.539057514653821987e-06 2.834890351404072831e-05 2.399367723632018796e-04 1.539409557042755502e-03 7.487009149993176932e-03 2.760319597159687985e-02 7.714489513484307226e-02 1.634375474846808951e-01 2.624782366973196224e-01 3.195446732761966779e-01 2.948945078815111143e-01 2.062997044006202318e-01 1.094025252226741018e-01 4.397976522663282761e-02 1.340217505618036646e-02 3.095953900643172701e-03
9.304610772065451887e-12 3.146115483408443225e-10 8.063951907444837105e-09 1.566816070557755613e-07 2.307729624451912662e-06 2.576609788573473199e-05 2.180766659999938597e-04 1.399157371760568992e-03 6.804884377082527289e-03 2.508833010105752589e-02 7.011639509953608573e-02 1.485471155739407634e-01 2.385644275895385524e-01 2.904316678922601036e-01 2.680273243117599624e-01 1.875041965821296619e-01 9.943510416330003654e-02 3.997286650821627041e-02 1.218113265679794492e-02 2.813888417736693393e-03
