8.083403204223578114e-22 1.142633267980861787e-20 1.224380223643036624e-19 9.945407153506204918e-19 6.123865560454327071e-18 2.858416748402855157e-17 1.011398411674182260e-16 2.712787690214226983e-16 5.515770202060497047e-16 8.501456597492997202e-16 9.932929179515377517e-16 8.797477312070246934e-16 5.906575931866765543e-16 3.006147228628453055e-16 1.159795772641644515e-16 3.391951357481609904e-17 7.519942661434903439e-18 1.263793921370003859e-18 1.610033136891932700e-19 1.554856044744601403e-20
5.172528752409087261e-20 7.311652385473029573e-19 7.834747012700799788e-18 6.364015644926207993e-17 3.918630542985524400e-16 1.829086393928274642e-15 6.471887189534378054e-15 1.735899097484431742e-14 3.529513404321093264e-14 5.440039000518250025e-14 6.356031052594443640e-14 5.629461155862359746e-14 3.779588010641985805e-14 1.923618379685793647e-14 7.421474383186625197e-15 2.170492486899505115e-15 4.811973206089237038e-16 8.086953267394395878e-17 1.030252046384815685e-17 9.949445046977535871e-19
2.509044732165577494e-18 3.546672001127637110e-17 3.800410139994179720e-16 3.087000709640245250e-15 1.900814822266910906e-14 8.872371331380236164e-14 3.139326089295906526e-13 8.420346593696058186e-13 1.712065304633655066e-12 2.638806249393673781e-12 3.083127613851414248e-12 2.730689481710212771e-12 1.833369294165966520e-12 9.330918769662918089e-13 3.599943489412897980e-13 1.052843396554100903e-13 2.334149620422485525e-14 3.922748130761907533e-15 4.997455970797062388e-16 4.826189254426701472e-17
9.225941877279873389e-17 1.304137360354567545e-15 1.397438738812310895e-14 1.135112848214586412e-13 6.989435797970207982e-13 3.262436144225616307e-12 1.154353274868641150e-11 3.096223326115854741e-11 6.295389949873259641e-11 9.703084512684730988e-11 1.133688682428508682e-10 1.004094591068274002e-10 6.741433634371994827e-11 3.431047407282700829e-11 1.323725678104961594e-11 3.871382545699899432e-12 8.582839697842295371e-13 1.442423317115632801e-13 1.837601288241851941e-14 1.774625257942792824e-15
2.571638054891863015e-15 3.635151087341160130e-14 3.895219250144873139e-13 3.164012342473126671e-12 1.948234588876805751e-11 9.093711028904591918e-11 3.217643087208005986e-10 8.630409596977617344e-10 1.754776323200841926e-09 2.704636742195569612e-09 3.160042624279939884e-09 2.798812192239355566e-09 1.879106492245795792e-09 9.563697883719703866e-10 3.689751543346937509e-10 1.079108757890994530e-10 2.392379821984679170e-11 4.020609215729820527e-12 5.122127870974990728e-13 4.946588551285697065e-14
5.433826816483194468e-14 7.681011494906130367e-13 8.230531033422896495e-12 6.685503460142713087e-11 4.116586054441481604e-10 1.921485442176209315e-09 6.798824297954263671e-09 1.823590649394977629e-08 3.707812078686723889e-08 5.714850746834975159e-08 6.677115514128709664e-08 5.913841847051775363e-08 3.970519579600092922e-08 2.020792853272850612e-08 7.796381315893198395e-09 2.280138177056384428e-09 5.055057264837481170e-10 8.495477866130256242e-11 1.082296776943994982e-11 1.045205621722499423e-12
8.703592737207557160e-13 1.230300451583770382e-11 1.318319345558820352e-10 1.070845673324824166e-09 6.593711889536392061e-09 3.077725386544198032e-08 1.088996756424467515e-07 2.920923111418935125e-07 5.938961135289621487e-07 9.153720781732592040e-07 1.069502140148788347e-06 9.472453334886872148e-07 6.359750971657535580e-07 3.236790312822234134e-07 1.248779729079144124e-07 3.652194806330188668e-08 8.096901351906329171e-09 1.360757012543404899e-09 1.733561021624443088e-10 1.674150532460316409e-11
1.056788670978401207e-11 1.493828604336193752e-10 1.600700987722465644e-09 1.300218898223621388e-08 8.006073164210687321e-08 3.736968650863202023e-07 1.322257910807115274e-06 3.546579609303825738e-06 7.211075971333603561e-06 1.111443137508088131e-05 1.298587582648104337e-05 1.150143587013901717e-05 7.721998236842939119e-06 3.930104999398948173e-06 1.516266109967049871e-06 4.434488391255094122e-07 9.831243116586428664e-08 1.652228726951739312e-08 2.104886686931806469e-09 2.032750577417475421e-10
9.726902353416914995e-11 1.374950864458708641e-09 1.473318425166260191e-08 1.196748470948258865e-07 7.368955973997215218e-07 3.439583538596553726e-06 1.217033635735929002e-05 3.264345511612960315e-05 6.637224050792879288e-05 1.022995341150607234e-04 1.195246974220823413e-04 1.058616038430402486e-04 7.107487512473895520e-05 3.617350243964759335e-05 1.395602810521254393e-05 4.081595190565833827e-06 9.048880294979286312e-07 1.520745626246243990e-07 1.937381411350441563e-08 1.870985838359320803e-09
6.786686415461910595e-10 9.593352554291409039e-09 1.027968594566297000e-07 8.349992932391528992e-07 5.141492284776132257e-06 2.399877579529674366e-05 8.491527253697335887e-05 2.277609924937241698e-04 4.630945872101775045e-04 7.137676860124716810e-04 8.339516639865187471e-04 7.386210764912139312e-04 4.959059646777174172e-04 2.523909551950987047e-04 9.737445994014606149e-05 2.847824068419591885e-05 6.313614626911918536e-06 1.061059657846053115e-06 1.351756153012230994e-07 1.305430414674027556e-08
3.589531995133931714e-09 5.073999861814014953e-08 5.437007007988353725e-07 4.416377147126749142e-06 2.719375838095511330e-05 1.269314187922445574e-04 4.491235766434591137e-04 1.204645860661939568e-03 2.449343811992132913e-03 3.775173610787927771e-03 4.410836153346926747e-03 3.906625154073842601e-03 2.622885776382622401e-03 1.334915676803903823e-03 5.150212019045398004e-04 1.506236620394791302e-04 3.339320593421495623e-05 5.612028252708118067e-06 7.149544952897765687e-07 6.904524467518734518e-08
1.439178605307646127e-08 2.034357697425738847e-07 2.179900937897231497e-06 1.770691976483492879e-05 1.090300220553288137e-04 5.089158768184410707e-04 1.800705617113182054e-03 4.829879081694580384e-03 9.820342083704506134e-03 1.513609322700935032e-02 1.768470383331274820e-02 1.566313198578965504e-02 1.051613719741970043e-02 5.352179851162665834e-03 2.064914022400817471e-03 6.039070055766966464e-04 1.338859428145627590e-04 2.250073548481693105e-05 2.866521916462764470e-06 2.768283973216226782e-07
4.374096691312738156e-08 6.183024984139725629e-07 6.625374671830645656e-06 5.381665546657305517e-05 3.313750336248385002e-04 1.546748433264971126e-03 5.472886028735352362e-03 1.467945537320215592e-02 2.984697358442796669e-02 4.600314030482002825e-02 5.374913456804993744e-02 4.760496962779117713e-02 3.196170423252748388e-02 1.626688452145028455e-02 6.275894847184691067e-03 1.835455047213508436e-03 4.069196535570227349e-04 6.838650343554973686e-05 8.712222363599524108e-06 8.413647703768340558e-07
1.007764100285511582e-07 1.424529691481139810e-06 1.526444250414593694e-05 1.239901566061852244e-04 7.634670337335249662e-04 3.563610165072707281e-03 1.260918185843388009e-02 3.382053297138391812e-02 6.876553172748754716e-02 1.059883138652830264e-01 1.238345927438550265e-01 1.096788269023657031e-01 7.363773684622858251e-02 3.747786892037767437e-02 1.445926318163174087e-02 4.228771869499972115e-03 9.375170406493992274e-04 1.575581610787746658e-04 2.007240706218866799e-05 1.938451000671108729e-06
1.760054869369275840e-07 2.487933852120906662e-06 2.665927110324516243e-05 2.165481771247344497e-04 1.333391286656183125e-03 6.223827006531682665e-03 2.202187190674065667e-02 5.906738861216032088e-02 1.200986509912809613e-01 1.851080504475006439e-01 2.162764856313435513e-01 1.915535126737775429e-01 1.286079324207113073e-01 6.545490722303567988e-02 2.525302951664264856e-02 7.385528536149071031e-03 1.637368737429882723e-03 2.751745259996866153e-04 3.505635672054442452e-05 3.385494801609158264e-06
2.330184720614719809e-07 3.293843589200014292e-06 3.529493725940985847e-05 2.866940470974356958e-04 1.765313148379553561e-03 8.239894588949079821e-03 2.915535778427783692e-02 7.820092931534064484e-02 1.590018847574957150e-01 2.450696045459742345e-01 2.863343473075948831e-01 2.536029280567076438e-01 1.702675548882085499e-01 8.665753969081020636e-02 3.343317560889470103e-02 9.777902977971207263e-03 2.167757199148333865e-03 3.643110718568947043e-04 4.641206828961246531e-05 4.482149048715294632e-06
2.338575054339307766e-07 3.305703784962816981e-06 3.542202430953724656e-05 2.877263509790631171e-04 1.771669539918931417e-03 8.269564110358722242e-03 2.926033795151766412e-02 7.848250866341714704e-02 1.595744054096789599e-01 2.459520306256332001e-01 2.873653560123848871e-01 2.545160802120298160e-01 1.708806400206201170e-01 8.696956889232590471e-02 3.355355898380471547e-02 9.813110431005302517e-03 2.175562677475360775e-03 3.656228526120420749e-04 4.657918497283209091e-05 4.498287995121288720e-06
1.779135783604826295e-07 2.514905768327731460e-06 2.694828667563217714e-05 2.188957955243029914e-04 1.347846702351395125e-03 6.291300078761011272e-03 2.226061301445929341e-02 5.970774352145380437e-02 1.214006513432308171e-01 1.871148235864337206e-01 2.186211585988270534e-01 1.936301616524292446e-01 1.300021826632678790e-01 6.616450980006566285e-02 2.552679989663515780e-02 7.465595719868731682e-03 1.655119600198192180e-03 2.781577179568154321e-04 3.543640585857799150e-05 3.422197257355640475e-06
1.026038592079431755e-07 1.450361685446584724e-06 1.554124332410146734e-05 1.262385569002469799e-04 7.773115158290278600e-04 3.628231602470514440e-03 1.283783297860647231e-02 3.443382436773003569e-02 7.001250524530049091e-02 1.079102741449099317e-01 1.260801720895174116e-01 1.116677098379915550e-01 7.497306146965788953e-02 3.815748134936285119e-02 1.472146312136368707e-02 4.305455149650204254e-03 9.545176933429764523e-04 1.604152734931618620e-04 2.043639406870960501e-05 1.973602289444586613e-06
4.485543955693938091e-08 6.340561789727847892e-07 6.794182070199888413e-06 5.518784578383490781e-05 3.398181119534597183e-04 1.586157914522129397e-03 5.612329259925005233e-03 1.505347205810955886e-02 3.060744226877340143e-02 4.717525068594144444e-02 5.511860452566721968e-02 4.881789289181143882e-02 3.277605397215499483e-02 1.668134718834125840e-02 6.435797876683762957e-03 1.882220461501872945e-03 4.172875272946893212e-04 7.012891775931727662e-05 8.934200389607101949e-06 8.628018369582482803e-07
