3.753509960113719446e-11 2.767367426378807030e-10 1.546653028237202721e-09 6.552632132401421663e-09 2.104434909557012371e-08 5.123326426147130626e-08 9.455083672025445364e-08 1.322743222773198448e-07 1.402757285797219992e-07 1.127681200768543363e-07 6.872060390612650480e-08 3.174566387630009316e-08 1.111677150699549407e-08 2.951003770581888356e-09 5.938238945298161713e-10 9.058210166610553173e-11 1.047427413644995997e-11 9.181260271449719965e-13 6.100669263909182471e-14 3.072907467317937741e-15
5.591051412937669407e-10 4.122140003300841482e-09 2.303821407360258677e-08 9.760491788121888881e-08 3.134666991574353706e-07 7.631465417233878424e-07 1.408384671565385723e-06 1.970295921211766635e-06 2.089481095856084548e-06 1.679740732780466679e-06 1.023629705662582315e-06 4.728684371596930471e-07 1.655901854583307969e-07 4.395676040938586375e-08 8.845320672724388108e-09 1.349268265940072423e-09 1.560198476423400124e-10 1.367597229226002542e-11 9.087269214762206357e-13 4.577258038354608389e-14
6.313151602893694043e-09 4.654526107374403640e-08 2.601366493787131085e-07 1.102108705969424259e-06 3.539518147982418063e-06 8.617090878426348309e-06 1.590281557098438523e-05 2.224765242614246125e-05 2.359343521505728026e-05 1.896684025308760570e-05 1.155834393173266249e-05 5.339407405742341940e-06 1.869766288198826348e-06 4.963390102161857491e-07 9.987718992156109885e-08 1.523530099569865794e-08 1.761702546585853187e-09 1.544226300588553751e-10 1.026091587645758746e-11 5.168423930931700407e-13
5.403756495734548626e-08 3.984052224527903138e-07 2.226645576219840773e-06 9.433524574569222200e-06 3.029658621719688184e-05 7.375818566956008368e-05 1.361205121429149277e-04 1.904292877388014972e-04 2.019485461771904685e-04 1.623471012072695303e-04 9.893390818051310239e-05 4.570277932012333064e-05 1.600430713675357882e-05 4.248425064452446170e-06 8.549010823167428549e-07 1.304069059299038025e-07 1.507933307874612442e-08 1.321784019706526740e-09 8.782854318622499470e-11 4.423924237251103472e-12
3.506244053835746253e-07 2.585064562670149618e-06 1.444765843498505989e-05 6.120971489445430644e-05 1.965803332541328854e-04 4.785822605621560728e-04 8.832221375683844402e-04 1.235606301537439103e-03 1.310349364878801584e-03 1.053394168880070767e-03 6.419357118598329609e-04 2.965438919415388261e-04 1.038444400266693617e-04 2.756603694515341512e-05 5.547052016235150969e-06 8.461492275915132743e-07 9.784271734837904342e-08 8.576436342402469617e-09 5.698782088845697833e-10 2.870476873583283237e-11
1.724587893281528546e-06 1.271494790345505472e-05 7.106252856524420422e-05 3.010672720933620788e-04 9.669037796055488139e-04 2.353963842311204875e-03 4.344233265400716457e-03 6.077476740852278889e-03 6.445109398950552362e-03 5.181244666972156104e-03 3.157437246067956293e-03 1.458586447539177372e-03 5.107712449698850136e-04 1.355868355180673971e-04 2.728383593303114561e-05 4.161885742715055122e-06 4.812510572393995366e-07 4.218422350670717003e-08 2.803013836450225917e-09 1.411878234406057369e-10
6.430212766276827950e-06 4.740832325789421156e-05 2.649602146485389715e-04 1.122544478054531567e-03 3.605149410825629359e-03 8.776872671523872765e-03 1.619769239462244548e-02 2.266017793469419020e-02 2.403091480499986582e-02 1.931853153588699093e-02 1.177266369981978464e-02 5.438412986790993643e-03 1.904436296258001223e-03 5.055423409174017229e-04 1.017291555930804539e-04 1.551780047792739926e-05 1.794368790422582829e-06 1.572860006642891587e-07 1.045117817735402256e-08 5.264259063092121202e-10
1.817448749922419510e-05 1.339958738112902322e-04 7.488890778508204950e-04 3.172783129466808568e-03 1.018966949950922407e-02 2.480713600760899029e-02 4.578149567402207964e-02 6.404719961432223108e-02 6.792147889863288379e-02 5.460230052475230356e-02 3.327450226329473765e-02 1.537124391317476295e-02 5.382738474989949909e-03 1.428875418169373284e-03 2.875294074761376478e-04 4.385983497787803933e-05 5.071641380447798831e-06 4.445564333217626005e-07 2.953942801592008826e-08 1.487901163031689528e-09
3.893998879663278305e-05 2.870946333551026297e-04 1.604542208008694071e-03 6.797888497315640252e-03 2.183201128335627433e-02 5.315085766539908579e-02 9.808974964029172627e-02 1.372251754303318028e-01 1.455260638010505425e-01 1.169888818485248783e-01 7.129272533277973556e-02 3.293386214026039482e-02 1.153285757962970240e-02 3.061455943540331622e-03 6.160499384811372273e-04 9.397247007562866468e-05 1.086631238122156980e-05 9.524902715281192770e-07 6.329009255683118357e-08 3.187922334614617430e-09
6.324501367466202437e-05 4.662894000122466817e-04 2.606043222484372233e-03 1.104090073617925750e-02 3.545881482843774024e-02 8.632582657956119898e-02 1.593140560400177486e-01 2.228764918738162237e-01 2.363585142046328025e-01 1.900093878027302174e-01 1.157912348697303223e-01 5.349006575986259282e-02 1.873127748292217551e-02 4.972313269651646404e-03 1.000567488270138897e-03 1.526269097306168188e-04 1.764869730016292091e-05 1.547002505891515151e-06 1.027936291952282744e-07 5.177715707609459922e-09
7.786702437626377574e-05 5.740937659357873632e-04 3.208550672068018542e-03 1.359351570674752034e-02 4.365676024362313834e-02 1.062840349304065291e-01 1.961468701542789517e-01 2.744047035060960260e-01 2.910037189933140089e-01 2.339388478570557095e-01 1.425617354522165647e-01 6.585676897528847107e-02 2.306187880461483403e-02 6.121893507147759331e-03 1.231894950644017803e-03 1.879136806199967246e-04 2.172901013114423641e-05 1.904663701332332836e-06 1.265591319411195280e-07 6.374784220804343360e-09
7.267376935277750354e-05 5.358052175062024856e-04 2.994559935561757341e-03 1.268691121920752576e-02 4.074512092954341719e-02 9.919553883414393425e-02 1.830650717045575193e-01 2.561035854607311424e-01 2.715955479784227800e-01 2.183365552748751104e-01 1.330537382643872391e-01 6.146452464527718540e-02 2.152379231790933767e-02 5.713600594147546369e-03 1.149735080120062748e-03 1.753809856354548091e-04 2.027981784566957493e-05 1.777634263464006153e-06 1.181184106860560075e-07 5.949625041504481154e-09
5.141603861320165624e-05 3.790773754795061733e-04 2.118624238808739218e-03 8.975875655527777372e-03 2.882680683374944444e-02 7.017995213920702469e-02 1.295168928117574891e-01 1.811909848119787336e-01 1.921514090489179205e-01 1.544711504118147782e-01 9.413432391299392243e-02 4.348559873319518543e-02 1.522788960550682490e-02 4.042321065569925119e-03 8.134272351754161723e-04 1.240804709837069143e-04 1.434778884744598653e-05 1.257660263729288381e-06 8.356771389252506400e-08 4.209306240648091890e-09
2.757505322004804771e-05 2.033038539200014152e-04 1.136244209281310610e-03 4.813872394170806528e-03 1.546017067912705371e-02 3.763837058271865543e-02 6.946150089560688967e-02 9.717495131762941829e-02 1.030531614987284100e-01 8.284477584148509932e-02 5.048539447509195477e-02 2.332186087680473627e-02 8.166904289531359828e-03 2.167946452548978348e-03 4.362510202184142582e-04 6.654588107582886682e-05 7.694895439820009084e-06 6.744986514027217501e-07 4.481839169679731433e-08 2.257502653569824624e-09
1.121065338154965944e-05 8.265329605142175001e-05 4.619407217602302350e-04 1.957082526855247109e-03 6.285341076958714419e-03 1.530190071010999360e-02 2.823961222082796430e-02 3.950653106260831882e-02 4.189632071481057263e-02 3.368059017038772807e-02 2.052486549253782627e-02 9.481515644455618466e-03 3.320259528045532097e-03 8.813798484935240910e-04 1.773580974074194972e-04 2.705426534475578967e-05 3.128364064964764665e-06 2.742178057412079941e-07 1.822094232862707787e-08 9.177889723418575581e-10
3.454954322952410264e-06 2.547249948598903060e-05 1.423631646858258002e-04 6.031433232661856251e-04 1.937047341130718626e-03 4.715815056309872501e-03 8.703022651777192475e-03 1.217531714112676106e-02 1.291181427548752751e-02 1.037985000948127290e-02 6.325454043398315643e-03 2.922060146633901831e-03 1.023253919225102513e-03 2.716279786803033362e-04 5.465909117811612296e-05 8.337716618818961169e-06 9.641146311603238941e-07 8.450979270622578361e-08 5.615419665919113971e-09 2.828487216248430220e-10
8.071430555398519799e-07 5.950860458782887551e-06 3.325874353170815278e-05 1.409057542773874095e-04 4.525311085182558992e-04 1.101704108973027441e-03 2.033191654350202226e-03 2.844385702632967923e-03 3.016445444052731194e-03 2.424930424416926137e-03 1.477746397498685277e-03 6.826488383817058562e-04 2.390515815128637397e-04 6.345746316402277245e-05 1.276940351235541176e-05 1.947849215612231311e-06 2.252355187782724715e-07 1.974309525737893572e-08 1.311868859503581026e-09 6.607884217488752366e-11
1.429405795058990477e-07 1.053864537022172340e-06 5.889939882937776190e-06 2.495363124775236240e-05 8.014076123442854865e-05 1.951057160187130127e-04 3.600670182623235045e-04 5.037250062205061042e-04 5.341958366134236160e-04 4.294417919457984060e-04 2.617007294697432009e-04 1.208933408862018034e-04 4.233471546180363079e-05 1.123796642538517414e-05 2.261390871758078485e-06 3.449533434732949377e-07 3.988796701960654854e-08 3.496393183290640551e-09 2.323247331760333828e-10 1.170219817754585242e-11
1.918922264403031326e-08 1.414772579450174500e-07 7.907017598804573251e-07 3.349928952613422416e-06 1.075858874719377800e-05 2.619219144589744402e-05 4.833761136334775884e-05 6.762314333091068409e-05 7.171373503397600931e-05 5.765090771833045126e-05 3.513231568851166978e-05 1.622946571550903084e-05 5.683272611432896659e-06 1.508653739534853089e-06 3.035830208142728553e-07 4.630865869295386711e-08 5.354806050197803722e-09 4.693773278179901710e-10 3.118870124942975842e-11 1.570975065511233904e-12
1.952792257753932052e-09 1.439744064094405857e-08 8.046580643366089595e-08 3.409056971218336273e-07 1.094848353141313095e-06 2.665449748433096808e-06 4.919079578141709754e-06 6.881672759301078366e-06 7.297952040414297295e-06 5.866847674513034544e-06 3.575241965043105678e-06 1.651592437309512384e-06 5.783585380288321438e-07 1.535282276331133202e-07 3.089414217704592418e-08 4.712603102278467133e-09 5.449321210441663544e-10 4.776620860216813963e-11 3.173919832976357012e-12 1.598703606687887682e-13
