1.541995927146895353e-34 1.395655649405283200e-32 9.575691557167801626e-31 4.980338237094174828e-29 1.963560776400638790e-27 5.868494164740231870e-26 1.329553523886261147e-24 2.283398929909423511e-23 2.972723938335810043e-22 2.933757325094984783e-21 2.194778074360629045e-20 1.244668958055393393e-19 5.350740921049822788e-19 1.743696145502578875e-18 4.307492314185815394e-18 8.066312335700105170e-18 1.145044531089906830e-17 1.232158390548254213e-17 1.005095943303424683e-17 6.215059931743204317e-18
1.298599067110259952e-32 1.175357919186131683e-30 8.064213338151827476e-29 4.194215091443614835e-27 1.653621872507899388e-25 4.942179751261876508e-24 1.119689705657304507e-22 1.922975066287880769e-21 2.503493339468138075e-20 2.470677424255808691e-19 1.848342599161283800e-18 1.048203772355274465e-17 4.506151440542755214e-17 1.468461847407792036e-16 3.627574757046347321e-16 6.793082581963487280e-16 9.643045962023587881e-16 1.037667939537706145e-15 8.464462398063160750e-16 5.234041729493675378e-16
8.290176290060615234e-31 7.503412408615663236e-29 5.148144019747708327e-27 2.677561026119830950e-25 1.055661996638910207e-23 3.155057048231355162e-22 7.148029969497065714e-21 1.227615412999827871e-19 1.598214695423086232e-18 1.577265217703598368e-17 1.179970506645577092e-16 6.691668183674975838e-16 2.876699265997387331e-15 9.374569794916508971e-15 2.315821334155816976e-14 4.336661990889559496e-14 6.156061021684413889e-14 6.624408077278462779e-14 5.403660549108823036e-14 3.341379933653673069e-14
4.011892289528098110e-29 3.631151055661631672e-27 2.491358274608537241e-25 1.295760917449989112e-23 5.108699835178672008e-22 1.526837138553551827e-20 3.459169662570753383e-19 5.940839660822037462e-18 7.734292962220584044e-17 7.632911465384115059e-16 5.710270097823645154e-15 3.238321001973497694e-14 1.392130541105980591e-13 4.536666406353772736e-13 1.120703038072120599e-12 2.098655106333351844e-12 2.979122865743013259e-12 3.205771597376585475e-12 2.615011229397915028e-12 1.617004985561176621e-12
1.471741657910890580e-27 1.332068731938208368e-25 9.139417244807691932e-24 4.753431007810813187e-22 1.874099757069861708e-20 5.601122012971696542e-19 1.268978259330538332e-17 2.179365890411142473e-16 2.837284833568165929e-15 2.800093562849085010e-14 2.094782654765277600e-13 1.187961085777995091e-12 5.106957920938386374e-12 1.664252292042754765e-11 4.111240353045612008e-11 7.698806255692209786e-11 1.092875608099794742e-10 1.176020507310693797e-10 9.593031628130794465e-11 5.931898033533514387e-11
4.092707623332110223e-26 3.704296759354140715e-24 2.541544056294006848e-22 1.321862652869768382e-20 5.211609198812952850e-19 1.557593660441900542e-17 3.528850982703690652e-16 6.060511602543563711e-15 7.890092126896911969e-14 7.786668406860738858e-13 5.825297459169143983e-12 3.303553559044431050e-11 1.420173540832554722e-10 4.628052760604604042e-10 1.143278417364678461e-09 2.140930297369899896e-09 3.039134150060556350e-09 3.270348481062545999e-09 2.667687869285953853e-09 1.649577843514511647e-09
8.627533959867669521e-25 7.808753771356921564e-23 5.357640875974491972e-21 2.786520801754654161e-19 1.098620753947494284e-17 3.283447887781530182e-16 7.438909517753731299e-15 1.277571585300464435e-13 1.663251911356099786e-12 1.641449922575345808e-11 1.227987833012979859e-10 6.963976697581197287e-10 2.993762706768405199e-09 9.756055412447853191e-09 2.410060595378423335e-08 4.513136668001276044e-08 6.406573716324683181e-08 6.893979530841105355e-08 5.623555309786191307e-08 3.477352934578773055e-08
1.378667233348726089e-23 1.247827363872028587e-21 8.561431294405582454e-20 4.452819243939187971e-18 1.755579801122573038e-16 5.246901416267368019e-15 1.188726796287261360e-13 2.041540596773427072e-12 2.657852083408614787e-11 2.623012826103238590e-10 1.962306490129257618e-09 1.112833230378439812e-08 4.783988759061671539e-08 1.559003301110457471e-07 3.851241372898751312e-07 7.211925995007524509e-07 1.023761054064336614e-06 1.101647786118155468e-06 8.986358647315433240e-07 5.556758828181194786e-07
1.670048369323369466e-22 1.511555510875365281e-20 1.037088865713218091e-18 5.393921997529159433e-17 2.126621358049068079e-15 6.355833331117845219e-14 1.439964046210403463e-12 2.473019929738576694e-11 3.219588766912065337e-10 3.177386237219718706e-09 2.377039705218059908e-08 1.348030385264320339e-07 5.795084145523755395e-07 1.888498440965493319e-06 4.665200723642208529e-06 8.736165592612331142e-06 1.240132816360667628e-05 1.334480898850784422e-05 1.088562434943142833e-05 6.731179065731765954e-06
1.533541259305247610e-21 1.388003356212227515e-19 9.523188635438546339e-18 4.953031352041926118e-16 1.952794694688573993e-14 5.836317575930862663e-13 1.322263664539527857e-11 2.270879195477907530e-10 2.956424677721009233e-09 2.917671715999004105e-08 2.182744242572788618e-07 1.237844515507978832e-06 5.321403141100019189e-06 1.734135567898298602e-05 4.283874601515043736e-05 8.022085246442191557e-05 1.138766323084413836e-04 1.225402542665017633e-04 9.995850647076992600e-05 6.180983144370612444e-05
1.067477425827619606e-20 9.661704507388177822e-19 6.628963406458507543e-17 3.447738445665644948e-15 1.359314098141960377e-13 4.062582095176024277e-12 9.204099363635691885e-11 1.580728437037602623e-09 2.057927418305408671e-08 2.030952003349222444e-07 1.519378882807009858e-06 8.616469031866319465e-06 3.704157088949748631e-05 1.207108423606963340e-04 2.981947439917803449e-04 5.584065545469179409e-04 7.926799072468717223e-04 8.529862133864519764e-04 6.957977069709336783e-04 4.302499157424576732e-04
5.632727659858169818e-20 5.098164036391527331e-18 3.497886197152813265e-16 1.819258303453186048e-14 7.172653897672058258e-13 2.143691096811815169e-11 4.856700836501411277e-10 8.340984619063910908e-09 1.085900686104186644e-07 1.071666645900284499e-06 8.017263177585438709e-06 4.546627616830038109e-05 1.954561996963140032e-04 6.369514559829888558e-04 1.573475693131957173e-03 2.946527925687917378e-03 4.182711438137983774e-03 4.500928002195931331e-03 3.671495897613456967e-03 2.270287448163375507e-03
2.253074889012367270e-19 2.039250974677676612e-17 1.399144434337237014e-15 7.276980972023107146e-14 2.869040962088430199e-12 8.574702829051203949e-11 1.942666388106933186e-09 3.336369895668713586e-08 4.343571561711628458e-07 4.286635809640469087e-06 3.206882248675250487e-05 1.818637990644097905e-04 7.818191860684425582e-04 2.547787533245080612e-03 6.293857588627333431e-03 1.178602709030726614e-02 1.673072564188339897e-02 1.800358276021389245e-02 1.468587815984181803e-02 9.081084599118830619e-03
6.831708388770192616e-19 6.183357711922377582e-17 4.242445209334714368e-15 2.206505083072656729e-13 8.699422866062240928e-12 2.599996544017186111e-10 5.890496727354553140e-09 1.011644411618806522e-07 1.317045182123375693e-06 1.299781288369006051e-05 9.723815425272652453e-05 5.514421414667527782e-04 2.370609480409485714e-03 7.725327528417991370e-03 1.908405259658206218e-02 3.573724980727125550e-02 5.073042146769051602e-02 5.458994193698842035e-02 4.453009418831513355e-02 2.753540156942001563e-02
1.570289882793593460e-18 1.421264419407300391e-16 9.751395129035413170e-15 5.071722051217893694e-13 1.999589990576250890e-11 5.976174678473681800e-10 1.353949391457948176e-08 2.325296827892928714e-07 3.027270203848192771e-06 2.987588595446007800e-05 2.235049875600231175e-04 1.267507285753967329e-03 5.448921223365754511e-03 1.775691081762538828e-02 4.386530134156980953e-02 8.214320433154076451e-02 1.166054858423329621e-01 1.254767162879056319e-01 1.023538365582145060e-01 6.329099552052522282e-02
2.736069748721665695e-18 2.476408098584128475e-16 1.699081011266549125e-14 8.836957704634164297e-13 3.484081342566656501e-11 1.041287403683642919e-09 2.359118537195053256e-08 4.051592242495890051e-07 5.274709158298933231e-06 5.205568008298855001e-05 3.894346144951723828e-04 2.208501996246761169e-03 9.494188739148989170e-03 3.093960360517687344e-02 7.643080767081854299e-02 1.431261443490646768e-01 2.031731502852309190e-01 2.186303633272514702e-01 1.783411069135340532e-01 1.102780958520319377e-01
3.613859928846483504e-18 3.270893221609349412e-16 2.244182841226528425e-14 1.167204430976563138e-12 4.601849773247190728e-11 1.375354858677514131e-09 3.115974639517647922e-08 5.351430408534761441e-07 6.966949608065437226e-06 6.875626486081287821e-05 5.143736371806403255e-04 2.917037064110882764e-03 1.254012923367416911e-02 4.086569566999636444e-02 1.009514590408353424e-01 1.890440980443004459e-01 2.683554784289945427e-01 2.887716987575516536e-01 2.355567800280195523e-01 1.456576872045566573e-01
3.618364269058680778e-18 3.274970085726382757e-16 2.246980006366921215e-14 1.168659242717417434e-12 4.607585550889986174e-11 1.377069110562739498e-09 3.119858412033813631e-08 5.358100468707661087e-07 6.975633262632493401e-06 6.884196314872372674e-05 5.150147560683823256e-04 2.920672879446006929e-03 1.255575933818438468e-02 4.091663095800678052e-02 1.010772856432462924e-01 1.892797239261723996e-01 2.686899585683595326e-01 2.891316258162819341e-01 2.358503796410156839e-01 1.458392359614554823e-01
2.746313274956113802e-18 2.485679481865529811e-16 1.705442172535004483e-14 8.870042244281745181e-13 3.497125337023378569e-11 1.045185862354960198e-09 2.367950802029390649e-08 4.066760931615260080e-07 5.294457054589712117e-06 5.225057048182833800e-05 3.908926123009831880e-04 2.216770370307014071e-03 9.529733875185691580e-03 3.105543787488471152e-02 7.671695570628490890e-02 1.436619919513267285e-01 2.039338068788917602e-01 2.194488899249139868e-01 1.790087952311296970e-01 1.106909641893513846e-01
1.580100409440437592e-18 1.430143896127867166e-16 9.812317843246096812e-15 5.103408088855971437e-13 2.012082608086097547e-11 6.013511364885423109e-10 1.362408311514003908e-08 2.339824328032768290e-07 3.046183345509160175e-06 3.006253822705382515e-05 2.249013549824890217e-04 1.275426151014590233e-03 5.482963846606309782e-03 1.786784870791611676e-02 4.413935373940978957e-02 8.265640135572224767e-02 1.173339890560132076e-01 1.262606433081265023e-01 1.029933013168965183e-01 6.368641168212904602e-02
