2.340960211024739042e-20 1.484418851496734480e-19 7.135357042582408896e-19 2.599990596416594792e-18 7.181657087605954323e-18 1.503745605066450556e-17 2.386826753333705618e-17 2.871866466189170894e-17 2.619415586666953273e-17 1.811095667767332574e-17 9.492381744445892000e-18 3.771427978316046451e-18 1.135882114147998674e-18 2.593328441545201478e-19 4.488266172443002631e-20 5.888389169572424537e-21 5.856136963374142706e-22 4.414919254610502636e-23 2.523080598967442982e-24 1.093040622334543057e-25
1.871525641816994967e-18 1.186747186342208868e-17 5.704498353206454182e-17 2.078612462852020667e-16 5.741513814242811851e-16 1.202198331008597120e-15 1.908194530774804117e-15 2.295968853308542514e-15 2.094142144721187125e-15 1.447915246934718778e-15 7.588867061037922171e-16 3.015140596770236819e-16 9.081027916227206009e-17 2.073286275071106040e-17 3.588230671101367737e-18 4.707585916220347775e-19 4.681801269979498942e-20 3.529592067666232956e-21 2.017125286922992823e-22 8.738523374351729442e-24
1.134212295157890437e-16 7.192117596030163837e-16 3.457132526184975349e-15 1.259714406021339741e-14 3.479565235670918239e-14 7.285757126599814816e-14 1.156434969417034267e-13 1.391440247750963637e-13 1.269125955466528445e-13 8.774890595811114491e-14 4.599128184314576057e-14 1.827284360991360540e-14 5.503431684354214861e-15 1.256486543398209908e-15 2.174597694036714499e-16 2.852967497418550209e-17 2.837341068296098105e-18 2.139060577418613005e-19 1.222450951342968702e-20 5.295861532034257391e-22
5.210624046030030193e-15 3.304092280408029307e-14 1.588222764658379832e-13 5.787186581531007701e-13 1.598528455750262521e-12 3.347110716350581762e-12 5.312716045346321200e-12 6.392341226151023542e-12 5.830423677495194166e-12 4.031225559360670894e-12 2.112860882417780156e-12 8.394629357276336844e-13 2.528302117037769809e-13 5.772357630484415716e-14 9.990202965849387802e-15 1.310666539946280631e-15 1.303487685715318439e-16 9.826943798965543459e-18 5.615996537291325628e-19 2.432943423472758629e-20
1.814604348308147510e-13 1.150653005527783546e-12 5.530999568135939275e-12 2.015392751913809504e-11 5.566889226845627232e-11 1.165634213196804783e-10 1.850157975714439178e-10 2.226138382346119703e-10 2.030450108125222622e-10 1.403877801277981419e-10 7.358056368558427611e-11 2.923436962556304196e-11 8.804834075313733375e-12 2.010228556836159026e-12 3.479096857145769952e-13 4.564407605612174825e-14 4.539407183420327979e-15 3.422241710523877851e-16 1.955775670366529790e-17 8.472746596993568127e-19
4.790391130495936615e-12 3.037619719746616944e-11 1.460133791626729651e-10 5.320454330573567886e-10 1.469608336472812019e-09 3.077168751142197510e-09 4.884249486750207929e-09 5.876803707645750915e-09 5.360204387224276001e-09 3.706110245912489291e-09 1.942460239252429488e-09 7.717608804944592278e-10 2.324396450344487599e-10 5.306821323290635623e-11 9.184500600445604211e-12 1.204962267960998785e-12 1.198362382931618469e-13 9.034408162744520006e-15 5.163070634818395920e-16 2.236728363790127169e-17
9.586428143544962844e-11 6.078819532164444300e-10 2.921988474862255080e-09 1.064717926817295395e-08 2.940948731109704514e-08 6.157964206846028442e-08 9.774255476092960029e-08 1.176053372728084854e-07 1.072672623029009682e-07 7.416588457322396849e-08 3.887209832771773922e-08 1.544431346693220253e-08 4.651532399199198905e-09 1.061989718595084357e-09 1.837982591442419565e-10 2.411344686231324158e-11 2.398137137647861444e-12 1.807946414234442734e-13 1.033222638661851945e-14 4.476092901809286207e-16
1.454251389599266776e-09 9.221507342884354886e-09 4.432626768107303917e-08 1.615166255272977223e-07 4.461389283803614940e-07 9.341569008618053338e-07 1.482744604723040267e-06 1.784060993232747559e-06 1.627233448440762972e-06 1.125088918275515536e-06 5.896857741304534545e-07 2.342886629345492442e-07 7.056327293139240150e-08 1.611027591175301254e-08 2.788200879035633281e-09 3.657985339530179634e-10 3.637949622792844926e-11 2.742636304004252501e-12 1.567388223789247734e-13 6.790187361717865003e-15
1.672318418618618907e-08 1.060428526128610783e-07 5.097305349118793318e-07 1.857362693370761440e-06 5.130380844255849276e-06 1.074235034165153437e-05 1.705084231185787427e-05 2.051583433414695638e-05 1.871239379024867988e-05 1.293797574526859335e-05 6.781099803848074367e-06 2.694205754941328347e-06 8.114433436002930660e-07 1.852603430805483394e-07 3.206295498954127014e-08 4.206505355321620511e-09 4.183465254848121974e-10 3.153898452194209701e-11 1.802420279268889174e-12 7.808385449782017270e-14
1.457791044775956144e-07 9.243952538011252749e-07 4.443415803894567095e-06 1.619097578039854879e-05 4.472248327698353219e-05 9.364306434441583378e-05 1.486353612528263073e-04 1.788403406638980125e-04 1.631194142816337460e-04 1.127827390345952178e-04 5.911210722625029822e-05 2.348589227153045133e-05 7.073502429164694903e-06 1.614948840413003014e-06 2.794987373960591123e-07 3.666888894194761428e-08 3.646804410422377301e-09 2.749311894525036051e-10 1.571203254587840327e-11 6.806714711815303346e-13
9.633151765564368512e-07 6.108447299868142263e-06 2.936230055042089973e-05 1.069907292160153614e-04 2.955282722334934319e-04 6.187977720503192152e-04 9.821894556212051094e-04 1.181785379732070524e-03 1.077900759039472460e-03 7.452736423026058146e-04 3.906155838543368120e-04 1.551958803781231932e-04 4.674203663029368833e-05 1.067165786830004775e-05 1.846940798043974168e-06 2.423097422077348512e-07 2.409825500768351893e-08 1.816758226478294481e-09 1.038258498035947527e-10 4.497909085035851618e-12
4.825455847990948327e-06 3.059854496496278533e-05 1.470821682764127819e-04 5.359399006063410558e-04 1.480365579408292158e-03 3.099693018995056549e-03 4.920001228886186281e-03 5.919820750757395604e-03 5.399440025282497592e-03 3.733238241359658656e-03 1.956678664779530792e-03 7.774100178010047825e-04 2.341410573546001477e-04 5.345666207858199297e-05 9.251729331902841053e-06 1.213782353913731041e-06 1.207134159028695712e-07 9.100538247184699831e-09 5.200863292721447524e-10 2.253100773902968883e-11
1.832335979819562887e-05 1.161896754122642930e-04 5.585046416598198190e-04 2.035086412221092517e-03 5.621286775560474860e-03 1.177024352520989955e-02 1.868237023906873032e-02 2.247891369726523481e-02 2.050290903256759417e-02 1.417595967379876518e-02 7.429956529212784419e-03 2.952003689520901666e-03 8.890871603818574194e-04 2.029871754570566661e-04 3.513093283706159432e-05 4.609009280796103435e-06 4.583764563877236813e-07 3.455682569965535887e-08 1.974886774965312798e-09 8.555539091504824897e-11
5.274346920826527890e-05 3.344499390351204503e-04 1.607645797194831626e-03 5.857960477843823267e-03 1.618077520841997019e-02 3.388043916524661331e-02 5.377687445392888288e-02 6.470515808698547311e-02 5.901726338122675192e-02 4.080525082666575099e-02 2.138699931307764396e-02 8.497290748843096264e-03 2.559221768470777442e-03 5.842950177426689626e-04 1.011237728646063389e-04 1.326695222708101597e-05 1.319428575302025078e-06 9.947121555756634963e-08 5.684676879807303330e-09 2.462696894034307071e-10
1.150877485931623573e-04 7.297792708455468980e-04 3.507928813022008225e-03 1.278223622493762646e-02 3.530691130452390941e-02 7.392808101945624877e-02 1.173426682048807762e-01 1.411884936349397934e-01 1.287773457573527791e-01 8.903821684304964734e-02 4.666704024315294907e-02 1.854132987658325613e-02 5.584294622731361332e-03 1.274948332288839380e-03 2.206549459664682218e-04 2.894886675881617368e-05 2.879030644749432384e-06 2.170490189627398309e-07 1.240412648992193951e-08 5.373674603819333114e-10
1.903646548500858822e-04 1.207115272559199960e-03 5.802404390498962748e-03 2.114287590918329657e-02 5.840055146154464472e-02 1.222831604495745877e-01 1.940944783877492918e-01 2.335374458894897975e-01 2.130083807987978028e-01 1.472765748308440814e-01 7.719114429953044532e-02 3.066889313209712059e-02 9.236885171812325018e-03 2.108869990026698404e-03 3.649815305568215201e-04 4.788381992182419043e-05 4.762154805269232992e-06 3.590170290536599779e-07 2.051745113476909533e-08 8.888502240572257108e-10
2.386933703008754933e-04 1.513570956623859660e-03 7.275486412682504768e-03 2.651051116915820183e-02 7.322695731917024109e-02 1.533277263142029390e-01 2.433701006084712792e-01 2.928266284238505435e-01 2.670857589358552886e-01 1.846663291587787303e-01 9.678800092772486818e-02 3.845494044502417025e-02 1.158189399433605035e-02 2.644258125765299675e-03 4.576410032355351628e-04 6.004029670855289019e-05 5.971144072198598825e-06 4.501622674004850856e-07 2.572630704580261854e-08 1.114506555011419610e-09
2.268773897860638076e-04 1.438645017504943139e-03 6.915329758227997323e-03 2.519816770935611253e-02 6.960202085884202583e-02 1.457375807470038531e-01 2.313226090377893396e-01 2.783309022488301698e-01 2.538642768335592215e-01 1.755248362705117138e-01 9.199672779103071352e-02 3.655131477488553909e-02 1.100855828086739693e-02 2.513360051592602225e-03 4.349865106947755841e-04 5.706813633762381773e-05 5.675555962988462512e-06 4.278779929214634387e-07 2.445278385415264395e-08 1.059335405008196003e-09
1.634703139657272554e-04 1.036576420940506617e-03 4.982652206198411385e-03 1.815585233369305593e-02 5.014983737768172189e-02 1.050072380671476513e-01 1.666731954314003561e-01 2.005437387122797621e-01 1.829149792220210735e-01 1.264696324344169454e-01 6.628573252716041253e-02 2.633605273643575481e-02 7.931916354381212536e-03 1.810933020386841117e-03 3.134176637926878875e-04 4.111888881191339337e-05 4.089367019228505007e-06 3.082958152324146049e-07 1.761878633099447428e-08 7.632752272714020859e-10
8.928600592908274422e-05 5.661686591330924306e-04 2.721479537370076994e-03 9.916562217244753730e-03 2.739138727282925886e-02 5.735400301871093620e-02 9.103539079656512711e-02 1.095351749765348659e-01 9.990650609969151108e-02 6.907656856740183871e-02 3.620466715855497064e-02 1.438451363877012168e-02 4.332340921512823143e-03 9.891152251003255784e-04 1.711858912410249860e-04 2.245876490472464322e-05 2.233575253312246419e-06 1.683883839149162307e-07 9.623221627519637938e-09 4.168940207820522895e-10
