7.417951028152111990e-32 2.346950192188982935e-30 5.628862026196196107e-29 1.023373468187264222e-27 1.410407220540887205e-26 1.473505330897335886e-25 1.166959327177317889e-24 7.005780837563613156e-24 3.188263403290292158e-23 1.099888498132379321e-22 2.876338181887980685e-22 5.702011010488509009e-22 8.568661295430902913e-22 9.761009160010669558e-22 8.428946238371785162e-22 5.517580355370228340e-22 2.737920724014591033e-22 1.029887746088910178e-22 2.936673957945041435e-23 6.347729221685090946e-24
1.078982483074053032e-29 3.413770374607098564e-28 8.187494771611310072e-27 1.488553970801669420e-25 2.051516219491527163e-24 2.143295951564833717e-23 1.697407636833482282e-22 1.019030022616651375e-21 4.637507514569388633e-21 1.599849363140252580e-20 4.183794826733092566e-20 8.293894062205939999e-20 1.246359730075997011e-19 1.419793398582273965e-19 1.226037393272159686e-19 8.025629354796472316e-20 3.982458889315567872e-20 1.498029352506225377e-20 4.271556589005660712e-21 9.233127330582731822e-22
1.189711462137412991e-27 3.764103502592684740e-26 9.027724294674752069e-25 1.641314617107979196e-23 2.262050032671726511e-22 2.363248523798685283e-21 1.871601581248075813e-20 1.123606469231225428e-19 5.113424853861063487e-19 1.764031534227017649e-18 4.613150573505606682e-18 9.145042654860800820e-18 1.374265551182388735e-17 1.565497593017396586e-17 1.351857664666882490e-17 8.849247679225334818e-18 4.391152833743069115e-18 1.651762395824386787e-18 4.709918756632717420e-19 1.018066334614867131e-19
9.944105353876313115e-26 3.146194937504346592e-24 7.545749061769199799e-23 1.371879316187805049e-21 1.890715905200613740e-20 1.975301831237840457e-19 1.564362780112695661e-18 9.391572210507700464e-18 4.274014085278318419e-17 1.474451241513492313e-16 3.855863944844125211e-16 7.643808647707582537e-16 1.148668552004087375e-15 1.308508280506639951e-15 1.129939104456564312e-15 7.396570851445467356e-16 3.670308960902472915e-16 1.380612006052237007e-16 3.936746834397085049e-17 8.509423680307079452e-18
6.300668164092980334e-24 1.993455376358908556e-22 4.781049596300871080e-21 8.692341869761795149e-20 1.197973380943518414e-18 1.251567729791132793e-17 9.911933165416306690e-17 5.950578551992100993e-16 2.708051003250969266e-15 9.342246151173421724e-15 2.443107583618187076e-14 4.843180968537936010e-14 7.278059834599128782e-14 8.290817697568394035e-14 7.159388491432267732e-14 4.686529036922759223e-14 2.325538396807994067e-14 8.747672921734484127e-15 2.494355657636976783e-15 5.391641879215414366e-16
3.026246618902294951e-22 9.574679122158204604e-21 2.296365210608189467e-19 4.174981050997255748e-18 5.753934026038637160e-17 6.011350720218223399e-16 4.760757660524236038e-15 2.858096594596818338e-14 1.300692240722539624e-13 4.487133759727474801e-13 1.173438415099183227e-12 2.326207260731035966e-12 3.495693376163547420e-12 3.982126716050233983e-12 3.438694857646740446e-12 2.250966450383869582e-12 1.116969268525319911e-12 4.201556868766350279e-13 1.198053155422825884e-13 2.589636143717882903e-14
1.101840791764129880e-20 3.486091304968720464e-19 8.360947339955775379e-18 1.520089076051463367e-16 2.094977713782179404e-15 2.188701804990266164e-14 1.733367319538517170e-13 1.040618234832167895e-12 4.735753389718877487e-12 1.633742267959326407e-11 4.272428771348174403e-11 8.469600705910295080e-11 1.272763935793767696e-10 1.449871806980957779e-10 1.252011069064511627e-10 8.195652794566680263e-11 4.066827520007463984e-11 1.529765194286368169e-11 4.362049771824032615e-12 9.428731687472704774e-13
3.041096457357801766e-19 9.621662219087274923e-18 2.307633509827222549e-16 4.195467746884753502e-15 5.782168668330014521e-14 6.040848510166027106e-13 4.784118771196106268e-12 2.872121318310632029e-11 1.307074757446189691e-10 4.509152193732145267e-10 1.179196495353732024e-09 2.337621995346547249e-09 3.512846797038679072e-09 4.001667072765811836e-09 3.455568585919527567e-09 2.262011977191947908e-09 1.122450253813746472e-09 4.222173972598222191e-10 1.203932020584707196e-10 2.602343527892243970e-11
6.362654826758136872e-18 2.013067208427228588e-16 4.828086085256155602e-15 8.777858079982508354e-14 1.209759174118530425e-12 1.263880790033105596e-11 1.000944784822180699e-10 6.009120994755065838e-10 2.734693105270432919e-09 9.434156190811449918e-09 2.467143143291599305e-08 4.890828712730203659e-08 7.349662183441322960e-08 8.372383669057950639e-08 7.229823338618221411e-08 4.732635622274745439e-08 2.348417297959997506e-08 8.833733484897428333e-09 2.518895401468911302e-09 5.444685441846281290e-10
1.009121248646821741e-16 3.192737859100709099e-15 7.657376349316209355e-14 1.392174076277807288e-12 1.918686022718681656e-11 2.004523262231998266e-10 1.587505025164048628e-09 9.530505499049244204e-09 4.337241287160046143e-08 1.496263389169495095e-07 3.912905284251249509e-07 7.756886569977122483e-07 1.165661265875324595e-06 1.327865567489031247e-06 1.146654746110068462e-06 7.505991285989120868e-07 3.724605311127106593e-07 1.401035952320377491e-07 3.994984706778695283e-08 8.635306992387231321e-09
1.213235635430068196e-15 3.838531148206337561e-14 9.206229552045899761e-13 1.673768342830042296e-11 2.306777564227660096e-10 2.409977053847117225e-09 1.908608772767421030e-08 1.145823548023970905e-07 5.214532640252443171e-07 1.798911742433381098e-06 4.704366432955504415e-06 9.325867649011190791e-06 1.401438913804325904e-05 1.596452188177139827e-05 1.378587955987677786e-05 9.024223917196239083e-06 4.477979130288867505e-06 1.684422705550112334e-06 4.803048014063169713e-07 1.038196567567207943e-07
1.105716484857449670e-14 3.498353530232410782e-13 8.390356730224577291e-12 1.525435945378963117e-10 2.102346737253299873e-09 2.196400500239464712e-08 1.739464388914355413e-07 1.044278579353503071e-06 4.752411265195401302e-06 1.639488909099785517e-05 4.287456915890069714e-05 8.499392281248929672e-05 1.277240846099002888e-04 1.454971689096876890e-04 1.256414981761695996e-04 8.224480766056335495e-05 4.081132468098706508e-05 1.535146099079695684e-05 4.377393155641117180e-06 9.461896978277881903e-07
7.639047847514228828e-14 2.416902557838867334e-12 5.796633892833904394e-11 1.053875775088069281e-09 1.452445318296385341e-08 1.517424108567627765e-07 1.201741303303165455e-06 7.214592658301589230e-06 3.283291652341934001e-05 1.132671384898163740e-04 2.962069298339391503e-04 5.871963129827462808e-04 8.824055777198361143e-04 1.005194233965187554e-03 8.680176422664691825e-04 5.682035399966443856e-04 2.819526218772899252e-04 1.060584215248132573e-04 3.024203421154095844e-05 6.536927389179105304e-06
4.000658632016266371e-13 1.265760114842930959e-11 3.035764912449163634e-10 5.519270596074196566e-09 7.606625872967766782e-08 7.946927391410555635e-07 6.293659647746212555e-06 3.778366489000010666e-05 1.719498208751630804e-04 5.931932413154343206e-04 1.551270307972733896e-03 3.075215714203147210e-03 4.621261133470844391e-03 5.264319676010924265e-03 4.545909834045306665e-03 2.975748342471081290e-03 1.476618831363978816e-03 5.554403481179050889e-04 1.583810674225615120e-04 3.423465267977459742e-05
1.588256276143851655e-12 5.025051201328475253e-11 1.205194723815933665e-09 2.191143251713314125e-08 3.019820583124958213e-07 3.154919843562388951e-06 2.498574698538678657e-05 1.500006584341202016e-04 6.826385535652427497e-04 2.354969456643011324e-03 6.158522956485236108e-03 1.220856640827105467e-02 1.834634662451967851e-02 2.089928067878678991e-02 1.804720294535030675e-02 1.181368223554830378e-02 5.862157564800954922e-03 2.205090961427975688e-03 6.287707787491698171e-04 1.359111260958889458e-04
4.779764333667322752e-12 1.512259757302956492e-10 3.626963004991578992e-09 6.594117411532005884e-08 9.087973354237110323e-07 9.494546673822205256e-06 7.519314362839725800e-05 4.514182049705230105e-04 2.054360785552397303e-03 7.087142789743783658e-03 1.853371450037546997e-02 3.674096627852890123e-02 5.521225671582669775e-02 6.289516237914768992e-02 5.431200131635976341e-02 3.555258546552023807e-02 1.764182019453638950e-02 6.636092227833287512e-03 1.892248869064325082e-03 4.090165817817028389e-04
1.090408448458488656e-11 3.449920750301364691e-10 8.274196857431232689e-09 1.504317123966840258e-07 2.073240903327657062e-06 2.165992543710991669e-05 1.715382461453871096e-04 1.029821116954847925e-03 4.686616745870841004e-03 1.616791087153657269e-02 4.228099433726924955e-02 8.381722871239924433e-02 1.259558149286497675e-01 1.434828406545541890e-01 1.239020607583140449e-01 8.110617354726649963e-02 4.024631434401367003e-02 1.513892845931837094e-02 4.316790555718986490e-03 9.330902220281341855e-04
1.885683281643658661e-11 5.966074355931121976e-10 1.430887178574585141e-08 2.601470719494831435e-07 3.585331456071893587e-06 3.745730266135347604e-05 2.966473740882301000e-04 1.780907389401327999e-03 8.104738052656703870e-03 2.795976064993041868e-02 7.311807265045618121e-02 1.449482046109544509e-01 2.178200056800092543e-01 2.481301334445177587e-01 2.142683733452791783e-01 1.402598775829204669e-01 6.959942598901393274e-02 2.618030366335966780e-02 7.465184071880782285e-03 1.613627108659190876e-03
2.471980912396002572e-11 7.821049310540564621e-10 1.875779367437252554e-08 3.410321354253563279e-07 4.700084584881792734e-06 4.910354676740632168e-05 3.888811305678612027e-04 2.334628045017051335e-03 1.062466744079820953e-02 3.665302403357138111e-02 9.585198198584214679e-02 1.900155760897601631e-01 2.855447156054929381e-01 3.252788841244182438e-01 2.808888078903603591e-01 1.838695519736274209e-01 9.123931586676330141e-02 3.432029735139048576e-02 9.786263002303688396e-03 2.115336892022171619e-03
2.456508633042585426e-11 7.772096885720970573e-10 1.864038749929718394e-08 3.388975944823679038e-07 4.670666468699205303e-06 4.879620467223911618e-05 3.864470998448699970e-04 2.320015465640853924e-03 1.055816699904443823e-02 3.642361051983782072e-02 9.525203858238499854e-02 1.888262570056122580e-01 2.837574738086058312e-01 3.232429437424741425e-01 2.791307077039327234e-01 1.827187012294091417e-01 9.066824342197761510e-02 3.410548451628711564e-02 9.725010185083943909e-03 2.102096869352159184e-03
