3.219303208713321298e-25 1.502097020410415208e-23 5.312891003614369610e-22 1.424494075291614656e-20 2.895257582772055510e-19 4.460777767626120734e-18 5.209916787818174891e-17 4.612621357463806816e-16 3.095719791173322700e-15 1.574970055912744353e-14 6.074069797783342733e-14 1.775759204579927134e-13 3.935366553747861096e-13 6.611243080422987177e-13 8.419336743381801116e-13 8.127733481700271740e-13 5.947820419968096592e-13 3.299461464399065519e-13 1.387474764010414246e-13 4.422867657215966893e-14
1.299732819145494024e-23 6.064432793046458663e-22 2.144979318273141912e-20 5.751125570662879104e-19 1.168905522792523245e-17 1.800954705914591724e-16 2.103405425067358102e-15 1.862258685159165006e-14 1.249838350291433098e-13 6.358643899402545866e-13 2.452290868592873792e-12 7.169292133917013116e-12 1.588829859650868678e-11 2.669164427792011921e-11 3.399148067567218730e-11 3.281418762557506884e-11 2.401320068669757775e-11 1.332095199724688690e-11 5.601667098767105717e-12 1.785649215414621092e-12
3.977801503562511833e-22 1.856005290248334250e-20 6.564658391058399751e-19 1.760118357032787988e-17 3.577407662248260495e-16 5.511779214550355539e-15 6.437422475747975760e-14 5.699398590795484048e-13 3.825100663587119603e-12 1.946047902390525972e-11 7.505178110894058099e-11 2.194144874215239057e-10 4.862576147595751560e-10 8.168914501295011280e-10 1.040301213821004739e-09 1.004270438912290150e-09 7.349183185179050762e-10 4.076845802691185743e-10 1.714376945761974240e-10 5.464937123447683512e-11
9.228453946632290132e-21 4.305911024072666729e-19 1.522993230883915448e-17 4.083454436816875555e-16 8.299544818870565638e-15 1.278726467369687818e-13 1.493474644203608956e-12 1.322253947854160814e-11 8.874189746152978974e-11 4.514808853349606255e-10 1.741192729089890419e-09 5.090390987534226191e-09 1.128112099105274210e-08 1.895178811754734317e-08 2.413486905712809278e-08 2.329895920438970452e-08 1.705002084921749509e-08 9.458235586658063151e-09 3.977334886359527690e-09 1.267859155863122709e-09
1.622974178942548111e-19 7.572646999494698607e-18 2.678432056683664887e-16 7.181420799375247903e-15 1.459610354659550575e-13 2.248849103515081335e-12 2.626518806362351562e-11 2.325399278993279992e-10 1.560671039843992526e-09 7.940027911740941317e-09 3.062171471210136902e-08 8.952282994818158724e-08 1.983969165787168244e-07 3.332981118770609833e-07 4.244510458457943183e-07 4.097502073872229477e-07 2.998524319321130714e-07 1.663385028984549260e-07 6.994792257618122562e-08 2.229737163344296882e-08
2.163670335896654029e-18 1.009548512207314192e-16 3.570755507359317787e-15 9.573921356730039696e-14 1.945881621112499430e-12 2.998056382113011409e-11 3.501547283829017145e-10 3.100109357470755486e-09 2.080610817359746943e-08 1.058525950796005581e-07 4.082338253836693985e-07 1.193474881224571652e-06 2.644931316248172994e-06 4.443368520801874062e-06 5.658575156970271584e-06 5.462590719889800396e-06 3.997486962735885477e-06 2.217544118128483992e-06 9.325117250743155350e-07 2.972577271881032698e-07
2.186590167385240970e-17 1.020242693014563809e-15 3.608580638645668925e-14 9.675338222571712795e-13 1.966494409536281979e-11 3.029814892608504210e-10 3.538639290112599997e-09 3.132948918512294419e-08 2.102650796619096937e-07 1.069738951231441432e-06 4.125582598090555150e-06 1.206117400147031320e-05 2.672949161232027090e-05 4.490437270624291865e-05 5.718516630914619850e-05 5.520456124204802315e-05 4.039832474454421859e-05 2.241034636375556537e-05 9.423898526454389601e-06 3.004065881318434803e-06
1.675099118963695768e-16 7.815857135411415104e-15 2.764455058230309453e-13 7.412065952755293813e-12 1.506488550984545612e-10 2.321075221563180091e-09 2.710874513940678634e-08 2.400083953287794295e-07 1.610794994617939702e-06 8.195037192871555099e-06 3.160519002761918251e-05 9.239802796557239524e-05 2.047688154734873226e-04 3.440026223468892913e-04 4.380831082616232176e-04 4.229101240764864727e-04 3.094827700067701265e-04 1.716807841246651377e-04 7.219443476115183713e-05 2.301349464642870395e-05
9.727706280377164984e-16 4.538857532783430436e-14 1.605386005360935539e-12 4.304366213492728614e-11 8.748543875896082543e-10 1.347904595878269278e-08 1.574270485610992539e-07 1.393786879923507578e-06 9.354276656320489715e-06 4.759056575609675951e-05 1.835389930324771201e-04 5.365777265116254864e-04 1.189142104939532778e-03 1.997706542846429401e-03 2.544054710147645570e-03 2.455941516200572418e-03 1.797241399855718617e-03 9.969918932216834898e-04 4.192505676134615760e-04 1.336449371091478046e-04
4.282301166487669369e-15 1.998082008948789437e-13 7.067181270972278380e-12 1.894854956117701151e-10 3.851257281522847446e-09 5.933704469353884251e-08 6.930205479680310414e-07 6.135686059694841360e-06 4.117911117219327728e-05 2.095017359459567759e-04 8.079697528947920454e-04 2.362106089476763773e-03 5.234805077713242452e-03 8.794242766137045156e-03 1.119935999183073981e-02 1.081147077895057255e-02 7.911761232539638380e-03 4.388927280765318913e-03 1.845612051798223210e-03 5.883276628449787002e-04
1.429028152881882878e-14 6.667712829026760948e-13 2.358358416445119784e-11 6.323238307269476687e-10 1.285186367170315819e-08 1.980110788084191806e-07 2.312648819102614074e-06 2.047513188742022830e-05 1.374170262386812877e-04 6.991191583798688977e-04 2.696240826309480830e-03 7.882481802942918961e-03 1.746884102744435813e-02 2.934688618921982642e-02 3.737289858973592144e-02 3.607849031751345775e-02 2.640199533058967124e-02 1.464609891113559208e-02 6.158911946590090586e-03 1.963282731966854971e-03
3.614940736267045382e-14 1.686697821506915055e-12 5.965820822446996412e-11 1.599557832081566983e-09 3.251071396326115085e-08 5.008986796888544324e-07 5.850191550106508849e-06 5.179491264116018053e-05 3.476169486270052093e-04 1.768526617222641352e-03 6.820544982375916290e-03 1.993991826884413190e-02 4.419004966286427249e-02 7.423734385782393419e-02 9.454034426960673809e-02 9.126594468329934928e-02 6.678780137872454559e-02 3.704950072151350082e-02 1.557989018054741458e-02 4.966417708625259914e-03
6.931997513551820002e-14 3.234405750417114425e-12 1.144003681515492654e-10 3.067306416265589732e-09 6.234242959950778911e-08 9.605215286959636797e-07 1.121830653329539311e-05 9.932174047586746440e-05 6.665890257551551536e-04 3.391320358379434820e-03 1.307905282777103821e-02 3.823671643446913820e-02 8.473868224546124428e-02 1.423572668487341764e-01 1.812902283106294643e-01 1.750112512964454858e-01 1.280720506558010174e-01 7.104599096279501369e-02 2.987594206163686136e-02 9.523584954535427999e-03
1.007656322331608789e-13 4.701630946955694409e-12 1.662958678499394877e-10 4.458730253200380448e-09 9.062285901379334422e-08 1.396243419351991240e-06 1.630727287773801589e-05 1.443771143019453266e-04 9.689741591596283442e-04 4.929726811777212885e-03 1.901211050097427815e-02 5.558205839668869941e-02 1.231787356296056984e-01 2.069348693353405544e-01 2.635290107606314547e-01 2.544016980722640375e-01 1.861694429419495367e-01 1.032746215358833070e-01 4.342858150939557516e-02 1.384377385009009746e-02
1.110358673570549601e-13 5.180830592915154222e-12 1.832450758795085695e-10 4.913172973794137777e-09 9.985932236984673011e-08 1.538551346064085965e-06 1.796934280150267233e-05 1.590923190550825120e-04 1.067733946827310963e-03 5.432174445275552224e-03 2.094986289451506237e-02 6.124709314864787424e-02 1.357333591569286901e-01 2.280260858176483829e-01 2.903884155249094601e-01 2.803308288405239601e-01 2.051442055621452432e-01 1.138005778763391262e-01 4.785490954717970535e-02 1.525475901726944077e-02
9.274936909352061128e-14 4.327599543380878929e-12 1.530664422394756073e-10 4.104022460610688688e-09 8.341348942793944897e-08 1.285167307304006145e-06 1.500997153023704739e-05 1.328914032123915340e-04 8.918888309262682987e-04 4.537549573824637208e-03 1.749962973508102995e-02 5.116030867829531731e-02 1.133794306867230983e-01 1.904724671393142332e-01 2.425643440546440821e-01 2.341631414362102814e-01 1.713590040044980778e-01 9.505875940579926187e-02 3.997368394714851531e-02 1.274245258044124501e-02
5.872938570107165133e-14 2.740258669433389841e-12 9.692247194812418723e-11 2.598688491045532660e-09 5.281785785891601974e-08 8.137746619598020771e-07 9.504392493198953414e-06 8.414753169638950479e-05 5.647486733966994125e-04 2.873200127002228411e-03 1.108085709242104255e-02 3.239497508520932517e-02 7.179244862198896904e-02 1.206081625933230345e-01 1.535930115594479617e-01 1.482733261130343150e-01 1.085054177498948058e-01 6.019170372770283467e-02 2.531154578590898152e-02 8.068587632329548426e-03
2.819011007992243923e-14 1.315324391982866759e-12 4.652279469332112301e-11 1.247370694440353689e-09 2.535257621809885674e-08 3.906119062382758279e-07 4.562109196745411673e-06 4.039082229718786546e-05 2.710794107668090466e-04 1.379136302805944155e-03 5.318812337067223978e-03 1.554959076767142845e-02 3.446038138151547026e-02 5.789192819670390538e-02 7.372465847686607288e-02 7.117120901481549522e-02 5.208260965313823293e-02 2.889202285579265880e-02 1.214954410777623582e-02 3.872922742672600064e-03
1.025734362296254867e-14 4.785981404819552461e-13 1.692793288557618247e-11 4.538722907364868460e-10 9.224869475823730494e-09 1.421292976205873514e-07 1.659983644754324082e-06 1.469673379570615032e-05 9.863582148002096334e-05 5.018169464637145657e-04 1.935320069793107414e-03 5.657923833864306196e-03 1.253886459493800017e-02 2.106474216758713949e-02 2.682569005012033422e-02 2.589658376135931667e-02 1.895094494055745912e-02 1.051274385073872920e-02 4.420771980757850356e-03 1.409214057133919987e-03
2.829240439962238923e-15 1.320097350069272725e-13 4.669161338967248198e-12 1.251897066853933845e-10 2.544457389137927540e-09 3.920293316793996402e-08 4.578663862738382105e-07 4.053738971665875318e-06 2.720630849642652110e-05 1.384140817136292508e-04 5.338112875025025203e-04 1.560601604606455181e-03 3.458542882758894408e-03 5.810200241756410637e-03 7.399218541317896698e-03 7.142947017051003156e-03 5.227160342107893022e-03 2.899686422797641359e-03 1.219363153225406105e-03 3.886976536577237281e-04
