1.644511966229407360e-05 6.648756442276251778e-05 2.037701803028860203e-04 4.734102477783910757e-04 8.337416533193118835e-04 1.113069193776036400e-03 1.126444104253499379e-03 8.641595802214305580e-04 5.025451326998227764e-04 2.215404393183312488e-04 7.403341340151825946e-05 1.875423501047405013e-05 3.601370092389701519e-06 5.242434015011606918e-07 5.784888750635604219e-08 4.838980471662283545e-09 3.068382851446854785e-10 1.474898193738511715e-11 5.374169502156516023e-13 1.484422387941197651e-14
8.262660162054555498e-05 3.340590771665805743e-04 1.023819701880147566e-03 2.378595033027091753e-03 4.189038502481760157e-03 5.592487421122524158e-03 5.659688111809235873e-03 4.341869857915852011e-03 2.524979892432106625e-03 1.113104312908529125e-03 3.719723225706871570e-04 9.422848460394604871e-05 1.809466747720342536e-05 2.634000334296956035e-06 2.906550441915514239e-07 2.431289767981305374e-08 1.541673473298672270e-09 7.410455380529232084e-11 2.700189306096103039e-12 7.458308592685932459e-14
3.147020436505437745e-04 1.272339321991392035e-03 3.899448194554054527e-03 9.059415529980213710e-03 1.595489771824310302e-02 2.130024938699153630e-02 2.155619837047941315e-02 1.653699039718285746e-02 9.616955275180158122e-03 4.239508768341329267e-03 1.416740466127641577e-03 3.588904310882615515e-04 6.891762123297828552e-05 1.003218421091822729e-05 1.107025275279820345e-06 9.260115310129378062e-08 5.871811053261150193e-09 2.822439029192549554e-10 1.028427983489148249e-11 2.840665004079083058e-13
9.086069510492588309e-04 3.673494898998509988e-03 1.125847704618860960e-02 2.615632179409714195e-02 4.606494067186078095e-02 6.149802660193107867e-02 6.223700186505114196e-02 4.774555719441137686e-02 2.776604914794118112e-02 1.224029908184092082e-02 4.090409520142046333e-03 1.036187552420097125e-03 1.989787831552769482e-04 2.896489708967028533e-05 3.196200597996098823e-06 2.673578169592123482e-07 1.695307814449819404e-08 8.148938885458177495e-10 2.969274694286523817e-11 8.201560874433700099e-13
1.988608842039158234e-03 8.039938973500264721e-03 2.464069527103123630e-02 5.724663754211494621e-02 1.008193347214502711e-01 1.345967244993368506e-01 1.362140715167592386e-01 1.044975906196268928e-01 6.076974293485919859e-02 2.678954519910229856e-02 8.952412844654363683e-03 2.267836192947864787e-03 4.354919001046957832e-04 6.339358332528313115e-05 6.995316030508016149e-06 5.851486367998886260e-07 3.710409771683800811e-08 1.783505167129221881e-09 6.498658088277367987e-11 1.795022199047327058e-12
3.299282448521712128e-03 1.333898803107744398e-02 4.088114852377013053e-02 9.497736431962669479e-02 1.672684212632937484e-01 2.233081747307398557e-01 2.259915001363932419e-01 1.733709814397744742e-01 1.008225157344489753e-01 4.444628546891320198e-02 1.485286495055565884e-02 3.762545951391209689e-03 7.225205641826775056e-04 1.051757049413174866e-04 1.160586381465120014e-05 9.708146651860582287e-07 6.155906369191721224e-08 2.958996847627091013e-09 1.078186323842913437e-10 2.978104648247893593e-12
4.149410930903737853e-03 1.677605467459953106e-02 5.141502347834363967e-02 1.194502501211642254e-01 2.103685957217477642e-01 2.808481527863939120e-01 2.842228925800053263e-01 2.180436069697640755e-01 1.268015259066970213e-01 5.589879182529851331e-02 1.868001334917145095e-02 4.732043873881002297e-03 9.086929578174334464e-04 1.322764045086686590e-04 1.459635509432405921e-05 1.220965178476799225e-06 7.742103192586355958e-08 3.721443694387221234e-09 1.356003369674902086e-10 3.745475015742266747e-12
3.955944737507568337e-03 1.599387149434895045e-02 4.901779913942683892e-02 1.138808848363118686e-01 2.005601645728183335e-01 2.677536138393690202e-01 2.709710064643233163e-01 2.078773285901910073e-01 1.208894075500194371e-01 5.329251188581561605e-02 1.780905813759236719e-02 4.511412432332255300e-03 8.663251686439095304e-04 1.261090200575821769e-04 1.391580035906608038e-05 1.164037703882775056e-06 7.381127801502628600e-08 3.547931463981430868e-09 1.292779742386137914e-10 3.570842325506814014e-12
2.858977943925906148e-03 1.155883837475914049e-02 3.542537014501041803e-02 8.230219570430971632e-02 1.449456766944386132e-01 1.935066658326256017e-01 1.958318890503517318e-01 1.502338219861084345e-01 8.736728462428740294e-02 3.851472307319222382e-02 1.287068141643203309e-02 3.260416789370370640e-03 6.260968526525301009e-04 9.113952059449043162e-05 1.005700760211138807e-05 8.412549573166640888e-07 5.334372188194393774e-08 2.564105030565852892e-09 9.342973714452992495e-11 2.580662806804830423e-12
1.566275711055044708e-03 6.332447521275947483e-03 1.940759876484808577e-02 4.508881587283064540e-02 7.940771047613931488e-02 1.060115875551998904e-01 1.072854486062944646e-01 8.230479247163695333e-02 4.786369763312893488e-02 2.110008417368737510e-02 7.051133685768469148e-03 1.786201826410182972e-03 3.430037979695172681e-04 4.993029684878566956e-05 5.509677598789911801e-06 4.608770099990275414e-07 2.922407152474687699e-08 1.404731169228436332e-09 5.118497968500838547e-11 1.413802258009408906e-12
6.504627648996817680e-04 2.629818807888369397e-03 8.059832801814470135e-03 1.872505308719771971e-02 3.297743720731665523e-02 4.402583138195430984e-02 4.455485649263220965e-02 3.418057401881909041e-02 1.987744104120455629e-02 8.762709524485736562e-03 2.928283877831937190e-03 7.417964605305668851e-04 1.424469505742741182e-04 2.073568447195412210e-05 2.288128519978546634e-06 1.913988272222720200e-07 1.213654162638346583e-08 5.833745066898887684e-10 2.125674501127121575e-11 5.871416630388482013e-13
2.047733748603651331e-04 8.278980775258016223e-04 2.537330732363077702e-03 5.894868272277412578e-03 1.038168743176172241e-02 1.385985264584138447e-02 1.402639601026609180e-02 1.076044913589722408e-02 6.257653635597640665e-03 2.758604641307558711e-03 9.218584130719950209e-04 2.335263029325664150e-04 4.484398551569728565e-05 6.527838822590515797e-06 7.203299319101256323e-07 6.025461549772979363e-08 3.820726907175277042e-09 1.836531973675895881e-10 6.691874845711664486e-12 1.848391427603624414e-13
4.886763871686723612e-05 1.975717017630232171e-04 6.055150559435474754e-04 1.406766349431949788e-03 2.477512279282989820e-03 3.307550467573446354e-03 3.347294799418090543e-03 2.567900935181736868e-03 1.493342370746191276e-03 6.583204240591111756e-04 2.199946350878171015e-04 5.572931056284096161e-05 1.070168269825044486e-05 1.557820050589193397e-06 1.719013660517777768e-07 1.437931461145604313e-08 9.117879815331103086e-10 4.382746587185324712e-11 1.596966024131412836e-12 4.411048289509406684e-14
8.840280399510800285e-06 3.574122442692922519e-05 1.095392169791663197e-04 2.544876182298967107e-04 4.481882860964395881e-04 5.983443099899546066e-04 6.055341609224611406e-04 4.645398243344435658e-04 2.701494411537808419e-04 1.190918426635303594e-04 3.979759021777914274e-05 1.008157432572828073e-05 1.935961676954792979e-06 2.818136177804540914e-07 3.109739526727199596e-08 2.601254663736758602e-09 1.649447698579815950e-10 7.928500285270414789e-12 2.888952241709354422e-13 7.979698786138846242e-15
1.212292855456188485e-06 4.901296006450226916e-06 1.502142512848992933e-05 3.489861265025464844e-05 6.146133748924238998e-05 8.205266115131653519e-05 8.303862590847020848e-05 6.370367054722417450e-05 3.704636308078348750e-05 1.633140392380536652e-05 5.457557012338281641e-06 1.382515030576095898e-06 2.654839443259233811e-07 3.864590487700047986e-08 4.264474473897589554e-09 3.567174684011916403e-10 2.261934655995323911e-11 1.087257848840128117e-12 3.961702575149316217e-14 1.094278845234804957e-15
1.260218557108480407e-07 5.095059459775464527e-07 1.561526871658015810e-06 3.627826319461558089e-06 6.389109504361800927e-06 8.529645768151616824e-06 8.632140068767819258e-06 6.622207449150320517e-06 3.851092087003483056e-06 1.697703504213843493e-06 5.673311190832778123e-07 1.437170143478057441e-07 2.759793491713557326e-08 4.017369752123001308e-09 4.433062394233805564e-10 3.708196178016540877e-11 2.351355957945848773e-12 1.130240528353669537e-13 4.118320981994794991e-15 1.137539086541265894e-16
9.930726348487418532e-09 4.014989379334041001e-08 1.230508467025414399e-07 2.858785899889882906e-07 5.034721774286277917e-07 6.721499020566781066e-07 6.802266189559635657e-07 5.218406730283188251e-07 3.034722940964020509e-07 1.337817859141756218e-07 4.470661109390536436e-08 1.132513351005067627e-08 2.174761972036626959e-09 3.165752434289054334e-10 3.493324969274896811e-11 2.922118650187369839e-12 1.852906579936640775e-13 8.906478429268129371e-15 3.245303638542102053e-16 8.963992249938943934e-18
5.932161667323938484e-10 2.398371000770341899e-09 7.350494720376160232e-09 1.707707929440227866e-08 3.007512488712508407e-08 4.015116058739742848e-08 4.063362671028144164e-08 3.117237479271217137e-08 1.812804670030748480e-08 7.991511943203341916e-09 2.670568448879069493e-09 6.765116722391757142e-10 1.299103323699428593e-10 1.891075695765944523e-11 2.086752544278344878e-12 1.745540017488672262e-13 1.106841634832347175e-14 5.320322811734664630e-16 1.938595946339679742e-17 5.354678937394752048e-19
2.686221131505030410e-11 1.086038315332101353e-10 3.328475411189831475e-10 7.732899714734870122e-10 1.361871785279458796e-09 1.818138177494636859e-09 1.839985368572805551e-09 1.411557819616071606e-09 8.208802263010996119e-10 3.618742957184366229e-10 1.209295667045718286e-10 3.063402603621990550e-11 5.882642779868905094e-12 8.563231719093777189e-13 9.449302117875469655e-14 7.904212231257256829e-15 5.012037020321932195e-16 2.409166230588746230e-17 8.778414494655565665e-19 2.424723485417642328e-20
9.220773702496155847e-13 3.727955759288805878e-12 1.142538794775571004e-11 2.654409850975955538e-11 4.674786969917339599e-11 6.240975658304786643e-11 6.315968741563766728e-11 4.845340195569193867e-11 2.817769064058938876e-11 1.242176584211577557e-11 4.151051287051057925e-12 1.051549399129690031e-12 2.019287139454643373e-13 2.939431192679268071e-14 3.243585401572286516e-15 2.713214910944083949e-16 1.720441352012911360e-17 8.269749784712728059e-19 3.013295241132292836e-20 8.323151913274251496e-22
