1.096247595080986548e-22 9.086547715328057372e-21 5.709341079310666341e-19 2.719379914404519991e-17 9.818623375548975375e-16 2.687374161108917081e-14 5.575739716747795664e-13 8.769476456345658595e-12 1.045542425882944412e-10 9.449448739909886993e-10 6.473931592714100821e-09 3.362223336102157519e-08 1.323676411428746382e-07 3.950334943840985576e-07 8.936816296546353152e-07 1.532599079806142319e-06 1.992375119070310756e-06 1.963407647014488093e-06 1.466718149587485909e-06 8.305765655735067885e-07
1.242709461831686082e-21 1.030053691510179266e-19 6.472125651103061871e-18 3.082696979322340311e-16 1.113042001251100808e-14 3.046415164309046618e-13 6.320674757969545002e-12 9.941104013829886153e-11 1.185229934570758889e-09 1.071192257193686246e-08 7.338867680637914984e-08 3.811426151641204091e-07 1.500523429439672188e-06 4.478111180488262674e-06 1.013080094333005251e-05 1.737358773889875974e-05 2.258562229095512238e-05 2.225724618531398351e-05 1.662675959802654768e-05 9.415440101719084576e-06
1.067892105135585966e-20 8.851515489454527440e-19 5.561663525174462644e-17 2.649040558435465229e-15 9.564655314271279832e-14 2.617862664484631903e-12 5.431517889319519079e-11 8.542645581094374035e-10 1.018498473515209889e-08 9.205029732802009891e-08 6.306477175474659044e-07 3.275256221712281140e-06 1.289438258165150129e-05 3.848155761616389552e-05 8.705657016674099764e-05 1.492956942397791079e-04 1.940840435747158508e-04 1.912622234993101636e-04 1.428780085294359837e-04 8.090929102754839482e-05
6.956358668136615994e-20 5.765967947987990989e-18 3.622924646277298986e-16 1.725612181445820926e-14 6.230514541983810330e-13 1.705302581646736026e-11 3.538146444645695602e-10 5.564766922714496926e-09 6.634603487233241343e-08 5.996250750828638088e-07 4.108103894957498369e-06 2.133535485346032802e-05 8.399533024991523542e-05 2.506728119809551987e-04 5.670954243273100418e-04 9.725274601674255889e-04 1.264283360065251429e-03 1.245901734761468895e-03 9.307219974190578506e-04 5.270514177092929962e-04
3.435052473291703602e-19 2.847237097100754661e-17 1.789001525143886456e-15 8.521079309738296001e-14 3.076630376371084381e-12 8.420790431102746255e-11 1.747138017942946053e-09 2.747883956691188139e-08 3.276169646415760167e-07 2.960950829987685247e-06 2.028583216899177948e-05 1.053540608732968898e-04 4.147692502422573621e-04 1.237823269128274662e-03 2.800319294706152175e-03 4.802344181438070354e-03 6.243035890064319200e-03 6.152267356589902897e-03 4.595908652360688150e-03 2.602581842490259926e-03
1.285824228173026327e-18 1.065790543600319150e-16 6.696670642309458827e-15 3.189648575046672020e-13 1.151658063400741419e-11 3.152107992779431213e-10 6.539965286994538523e-09 1.028600231057214247e-07 1.226350496745005518e-06 1.108356377443871579e-05 7.593483562289212471e-05 3.943660397056104883e-04 1.552582835951824957e-03 4.633475505881500499e-03 1.048228061652613403e-02 1.797634984772607941e-02 2.336921158326881257e-02 2.302944274304118133e-02 1.720361112857325334e-02 9.742100928287610040e-03
3.648603355255141716e-18 3.024244580384475891e-16 1.900220453092988418e-14 9.050819107317395891e-13 3.267898817088670752e-11 8.944295453914862014e-10 1.855754368797714977e-08 2.918714838329015378e-07 3.479843075830222938e-06 3.145027686487160385e-05 2.154696497110569341e-04 1.119037286856093810e-03 4.405546901705371596e-03 1.314776460642089716e-02 2.974409984677681834e-02 5.100897069177624116e-02 6.631153926344307559e-02 6.534742480416964872e-02 4.881627823688095003e-02 2.764379559458832528e-02
7.848172155662153148e-18 6.505171923799284484e-16 4.087387911899044976e-14 1.946837723581943144e-12 7.029273945839261338e-11 1.923924408837849817e-09 3.991741043588495232e-08 6.278176686840753266e-07 7.485167576373826178e-06 6.764977256934278467e-05 4.634767719590459408e-04 2.407057282124762127e-03 9.476363188294555095e-03 2.828093657938802324e-02 6.397977348688405064e-02 1.097206641811552807e-01 1.426365996448687168e-01 1.405627824832299533e-01 1.050041668820849566e-01 5.946200387876728055e-02
1.279697166569214406e-17 1.060711961182660343e-15 6.664760438203102427e-14 3.174449628809980830e-12 1.146170314961738983e-10 3.137087930604150025e-09 6.508801797209336732e-08 1.023698863635990499e-06 1.220506832520307575e-05 1.103074965214433990e-04 7.557299968486650430e-04 3.924868520477746599e-03 1.545184646936192258e-02 4.611396601749602475e-02 1.043233165952351660e-01 1.789069101464805522e-01 2.325785530620851083e-01 2.291970549334832186e-01 1.712163446109155329e-01 9.695678990335004910e-02
1.581767744290294680e-17 1.311091412884584989e-15 8.237967044058130933e-14 3.923773655127775858e-12 1.416722081623422556e-10 3.877592784654859247e-09 8.045194602099324906e-08 1.265341429728376147e-06 1.508605621548921103e-05 1.363454139847830148e-04 9.341189178472498675e-04 4.851327789461274027e-03 1.909923142245284478e-02 5.699909784384833700e-02 1.289486774516528655e-01 2.211376152836387332e-01 2.874783682092477699e-01 2.832986725695831320e-01 2.116317034028458166e-01 1.198432932927459282e-01
1.482091584198055356e-17 1.228472104178881426e-15 7.718846000603957902e-14 3.676514414682391015e-12 1.327446385160496797e-10 3.633243662875804165e-09 7.538221243951950122e-08 1.185605087034439995e-06 1.413539821912813979e-05 1.277535158624153741e-04 8.752547848943393076e-04 4.545618100319002639e-03 1.789568048662486949e-02 5.340726129116554061e-02 1.208228896653302659e-01 2.072024794692988170e-01 2.693627251534863598e-01 2.654464158505451810e-01 1.982955890301004720e-01 1.122912874237753794e-01
1.052698942766831365e-17 8.725582811991989715e-16 5.482536376868007008e-14 2.611352010002356944e-12 9.428576621965144316e-11 2.580617691580214797e-09 5.354242354830255503e-08 8.421107271420480654e-07 1.004008046433645767e-05 9.074067521669341844e-05 6.216753381056625265e-04 3.228658349758324869e-03 1.271093104449176094e-02 3.793407107679043488e-02 8.581799503405732055e-02 1.471716278545773526e-01 1.913227623806380562e-01 1.885410890301448539e-01 1.408452481296985082e-01 7.975817473985355455e-02
5.668004047997147631e-18 4.698080019869402506e-16 2.951939734612459743e-14 1.406019628416896193e-12 5.076590114139265931e-11 1.389471474509638043e-09 2.882862906784304150e-08 4.534142494489181342e-07 5.405839637732071603e-06 4.885713222950681378e-05 3.347261206192118639e-04 1.738393367046751903e-03 6.843894838977663923e-03 2.042468740921711198e-02 4.620663358562649564e-02 7.924102025196347321e-02 1.030131358161383015e-01 1.015154107619682944e-01 7.583473337990358221e-02 4.294386922230274128e-02
2.313411745009427480e-18 1.917534533307282723e-16 1.204842479783623912e-14 5.738708537519180305e-13 2.072024489608212019e-11 5.671166783344177580e-10 1.176648578817353602e-08 1.850622972650165303e-07 2.206408605862947364e-06 1.994117551259673627e-05 1.366194046871858491e-04 7.095301271341786101e-04 2.793354868491149719e-03 8.336393435944309399e-03 1.885936705922224357e-02 3.234244460396952514e-02 4.204510022739248176e-02 4.143379954698170331e-02 3.095215906606850823e-02 1.752766063569232216e-02
7.157684310637639716e-19 5.932842207517829419e-17 3.727776576279917182e-15 1.775553536932350601e-13 6.410833355765305863e-12 1.754656152140634580e-10 3.640544788407619377e-09 5.725818175177326989e-08 6.826617135972374980e-07 6.169789680116098185e-06 4.226997513813262713e-05 2.195282646882363653e-04 8.642625922244085920e-04 2.579275938772328768e-03 5.835078688415729423e-03 1.000673610345816610e-02 1.300873287628130995e-02 1.281959675303401790e-02 9.576582456862063955e-03 5.423049390361107253e-03
1.678761354777393931e-19 1.391487217055800586e-17 8.743117164587009309e-16 4.164378494187626771e-14 1.503595132518203984e-12 4.115365824053351077e-11 8.538523963723859233e-10 1.342931856142927577e-08 1.601112948597005942e-07 1.447060813605592267e-06 9.913988609952659590e-06 5.148810020752696086e-05 2.027039161324535230e-04 6.049426855670362148e-04 1.368557787556972175e-03 2.346977196657725351e-03 3.051064713047924124e-03 3.006704777526866476e-03 2.246089075977562508e-03 1.271920546713286356e-03
2.984710447742046987e-20 2.473958804702573205e-18 1.554459963753215719e-16 7.403949325246515938e-15 2.673278181219664378e-13 7.316808512643752672e-12 1.518084843345801541e-10 2.387631053233839318e-09 2.846657466883507490e-08 2.572764447189347812e-07 1.762632032165464089e-06 9.154193964881473389e-06 3.603921990204408894e-05 1.075542243546868270e-04 2.433192016980676776e-04 4.172747567450113028e-04 5.424561805557369994e-04 5.345693202444679179e-04 3.993376135655944247e-04 2.261378327342009921e-04
4.022650189362853447e-21 3.334283518771933254e-19 2.095026896923726570e-17 9.978689282160446828e-16 3.602916654792455656e-14 9.861245056847761570e-13 2.046002246942795681e-11 3.217935098423258347e-10 3.836588975279984060e-09 3.467449044680894730e-08 2.375591268269057739e-07 1.233758541440843597e-06 4.857193932266371813e-06 1.449564467114259261e-05 3.279339989334003594e-05 5.623829877723960193e-05 7.310965320218473210e-05 7.204669983769310777e-05 5.382081628871566786e-05 3.047777704395123035e-05
4.109785441184031354e-22 3.406507953006794923e-20 2.140407600599704170e-18 1.019483922374518840e-16 3.680959993195661094e-15 1.007485102078941341e-13 2.090321020045548517e-12 3.287639291416927016e-11 3.919693926185094680e-10 3.542557998097829112e-09 2.427049320458685877e-08 1.260483177224307512e-07 4.962406365987702700e-07 1.480963708640918013e-06 3.350374283226510297e-06 5.745648531976043331e-06 7.469329277869536078e-06 7.360731461594161619e-06 5.498663736680513183e-06 3.113796091594128025e-06
3.182898944706046086e-23 2.638232755438973984e-21 1.657678044435053078e-19 7.895580796392502650e-18 2.850787187194875245e-16 7.802653725130341918e-15 1.618887570656968615e-13 2.546172733584419613e-12 3.035679073706292386e-11 2.743599215840560709e-10 1.879672997871107703e-09 9.762043863416609714e-09 3.843226906014393774e-08 1.146959590188012399e-07 2.594759002158415657e-07 4.449823211162461733e-07 5.784759476237624119e-07 5.700653899494744597e-07 4.258541292542861871e-07 2.411536669201240252e-07
