8.617951957126501563e-15 2.563481133176609576e-14 5.780334905461021534e-14 9.880358372091154236e-14 1.280233573769100806e-13 1.257484228225472987e-13 9.362949922031738669e-14 5.284691912404884065e-14 2.261119245603912078e-14 7.333715845371201198e-15 1.803107044672814779e-15 3.360591782545530309e-16 4.747957594287065684e-17 5.085044071289807972e-18 4.128377766062666444e-19 2.540744294775666287e-20 1.185330084064431401e-21 4.191934369239972321e-23 1.123793359165935947e-24 2.283785270860385797e-26
3.974963704474156091e-13 1.182385851322254268e-12 2.666134780423370104e-12 4.557238902194451850e-12 5.904978368756431062e-12 5.800048771461933050e-12 4.318588255311504709e-12 2.437523282288261084e-12 1.042923768602717945e-12 3.382619727900814187e-13 8.316691823663753405e-14 1.550046974922641702e-14 2.189958728194917851e-15 2.345437259291486556e-16 1.904182323143150665e-17 1.171898660415659967e-18 5.467243360623732504e-20 1.933497314926137459e-21 5.183409975173695548e-23 1.053378297493967030e-24
1.389821691634745569e-11 4.134139645602312158e-11 9.321976818262367951e-11 1.593410645008505547e-10 2.064639487473589321e-10 2.027951497027225504e-10 1.509967909320818908e-10 8.522650729554539589e-11 3.646519022787563137e-11 1.182712251459436682e-11 2.907880312506729025e-12 5.419644225620153757e-13 7.657056442563837852e-14 8.200677595276040780e-15 6.657856761189931860e-16 4.097471825491402453e-17 1.911588125317518942e-18 6.760354832868545313e-20 1.812347522072608516e-21 3.683072642164088926e-23
3.683679381677323004e-10 1.095740918791348862e-09 2.470761106161496118e-09 4.223285601953009042e-09 5.472263065384696254e-09 5.375022682121227196e-09 4.002123213386503339e-09 2.258902200092297644e-09 9.664985817955462777e-10 3.134742220085646526e-10 7.707246775640017082e-11 1.436459929364108297e-11 2.029479113154084027e-12 2.173564217289569555e-13 1.764644329914648627e-14 1.086022226549995359e-15 5.066605166601419378e-17 1.791811126603517457e-18 4.803571018984610583e-20 9.761870054856787939e-22
7.401187050348063177e-09 2.201544341517127130e-08 4.964211922021164909e-08 8.485354849982468074e-08 1.099477949603241930e-07 1.079940574310477768e-07 8.040999075040608240e-08 4.538548548628919680e-08 1.941872797981625310e-08 6.298271679364504064e-09 1.548527141461751295e-09 2.886111283309513223e-10 4.077595516575178703e-11 4.367088899788685136e-12 3.545493896129336562e-13 2.182017707488985849e-14 1.017973842533556912e-15 3.600076970012800792e-17 9.651254611889669884e-19 1.961338616942515259e-20
1.127243544131042924e-07 3.353079214471004436e-07 7.560781537785255593e-07 1.292368563209590573e-06 1.674568433649305996e-06 1.644811882412031574e-06 1.224690611660318334e-06 6.912471629705207435e-07 2.957584452544710577e-07 9.592631616320412747e-08 2.358496294242908025e-08 4.395714213980577414e-09 6.210413532814163642e-10 6.651328679365868699e-11 5.399992025576282206e-12 3.323339022800262599e-13 1.550432970122345393e-14 5.483125200343253786e-16 1.469941832304588486e-17 2.987232019354755233e-19
1.301460383139395281e-06 3.871301620561659974e-06 8.729309374386063136e-06 1.492105671564204501e-05 1.933374989457476353e-05 1.899019527609145596e-05 1.413968011595343329e-05 7.980802394012657952e-06 3.414682669789136361e-06 1.107518431459751941e-06 2.723004719538580271e-07 5.075077107235492955e-08 7.170240377913207654e-09 7.679299488121307337e-10 6.234567256691405457e-11 3.836965046670445288e-12 1.790054241457521396e-13 6.330548763125511592e-15 1.697123101945532436e-16 3.448912303536576878e-18
1.139045225218355252e-05 3.388184291590957330e-05 7.639939172303874290e-05 1.305899021387575969e-04 1.692100334999023297e-04 1.662032247421806161e-04 1.237512515236252120e-04 6.984841780879381436e-05 2.988548895569876772e-05 9.693061713891877330e-06 2.383188581242630770e-06 4.441735162669499858e-07 6.275433483752184051e-08 6.720964793309001994e-09 5.456527265091898000e-10 3.358132734856819634e-11 1.566665234707856795e-12 5.540530802986239245e-14 1.485331394579815372e-15 3.018506857706942290e-17
7.556971817010246946e-05 2.247883809660083498e-04 5.068701727598667189e-04 8.663959851633934103e-04 1.122620442106668937e-03 1.102671832044336588e-03 8.210251001267362958e-04 4.634078728020859660e-04 1.982746538729327607e-04 6.430841600550133623e-05 1.581121499334558689e-05 2.946859940217223776e-06 4.163423271200363792e-07 4.459010090351568799e-08 3.620121646455498623e-09 2.227946166951157632e-10 1.039400786137125110e-11 3.675853618667137245e-13 9.854400193467708012e-15 2.002622086297812423e-16
3.800593809917326028e-04 1.130518083073580845e-03 2.549179337531284981e-03 4.357326317847708998e-03 5.645944442393408327e-03 5.545617796012780078e-03 4.129144568601742470e-03 2.330596349286580011e-03 9.971737892111116799e-04 3.234234210665514007e-04 7.951863165046906467e-05 1.482051001205653704e-05 2.093891719560503836e-06 2.242549867607385483e-07 1.820651479696772763e-08 1.120490934197186115e-09 5.227411573672952546e-11 1.848680509542458177e-12 4.956029118891000123e-14 1.007169708858119903e-15
1.448945098941307932e-03 4.310007113782092503e-03 9.718536345031699233e-03 1.661194783893717164e-02 2.152469834412217009e-02 2.114221126490021738e-02 1.574202370662114436e-02 8.885206698746766704e-03 3.801642971948120554e-03 1.233025164684474831e-03 3.031582362309129643e-04 5.650197421714747817e-05 7.982789786307041866e-06 8.549536736397209440e-07 6.941083868271257221e-08 4.271779434247137815e-09 1.992907624081842460e-10 7.047942236868857997e-12 1.889445297545157562e-13 3.839751592617198929e-15
4.187446034713721531e-03 1.245590478989282331e-02 2.808653448012570289e-02 4.800846847672480405e-02 6.220629946252672487e-02 6.110091320297318662e-02 4.549439091710560934e-02 2.567821485124887823e-02 1.098673427993443127e-02 3.563438214693448718e-03 8.761261935483206746e-04 1.632904987649052349e-04 2.307023327595289036e-05 2.470812988816765727e-06 2.005970698409822121e-07 1.234542693589964301e-08 5.759495742184976765e-10 2.036852727838469734e-11 5.460489997029515953e-13 1.109686805424080298e-14
9.173674691650555990e-03 2.728785459809767930e-02 6.153075846244657893e-02 1.051748652039507237e-01 1.362788559684997569e-01 1.338572238161805095e-01 9.966713340506154484e-02 5.625471653959396995e-02 2.406925972829032992e-02 7.806625493056319059e-03 1.919379168547502698e-03 3.577297243924998046e-04 5.054126390635445471e-05 5.412949658432902251e-06 4.394593381178432733e-07 2.704582451943788885e-08 1.261765283391017142e-09 4.462248388418606378e-11 1.196260404898218077e-12 2.431053601213372590e-14
1.523471265443797525e-02 4.531691363946808299e-02 1.021840708432992517e-01 1.746637965383471269e-01 2.263181638046599942e-01 2.222965616402721167e-01 1.655171116869476045e-01 9.342215314410450000e-02 3.997179626385503198e-02 1.296445537749111622e-02 3.187511121835315785e-03 5.940814060074835938e-04 8.393382790281715461e-05 8.989280242760175398e-06 7.298096961764236262e-07 4.491497452280543135e-08 2.095412381180596588e-09 7.410451566607175305e-11 1.986628493061045111e-12 4.037248355419795663e-14
1.917882597667713504e-02 5.704900513750632562e-02 1.286384953063876291e-01 2.198824903506708117e-01 2.849096518867562100e-01 2.798468975173290518e-01 2.083678211207658781e-01 1.176082055604322635e-01 5.032009082864778715e-02 1.632082200742176678e-02 4.012725575535815159e-03 7.478830851777249758e-04 1.056634486923234840e-04 1.131651415698063216e-05 9.187500595872311013e-07 5.654300804083991992e-08 2.637893494914745632e-09 9.328942673766268719e-11 2.500946556259922121e-12 5.082451201379659667e-14
1.830233874435373970e-02 5.444182132549495179e-02 1.227596162311797162e-01 2.098336898850843568e-01 2.718890596696871276e-01 2.670576771042790787e-01 1.988452499758225356e-01 1.122334192875113351e-01 4.802042362303792639e-02 1.557494777466509120e-02 3.829340902352390379e-03 7.137042477334484564e-04 1.008345470789137637e-04 1.079934067696353539e-05 8.767624687981061304e-07 5.395894868886381514e-08 2.517339714858899517e-09 8.902602753138361961e-11 2.386651357588707719e-12 4.850179236853094453e-14
1.323999981872297886e-02 3.938347522405415135e-02 8.880489643154142188e-02 1.517946998384325785e-01 1.966858526126863405e-01 1.931908072426012091e-01 1.438456095916160193e-01 8.119019496782788059e-02 3.473820526134473868e-02 1.126699208191641807e-02 2.770163614670023613e-03 5.162970832636257917e-04 7.294419602290957245e-05 7.812294953257553442e-06 6.342541841288561993e-07 3.903416283776499996e-08 1.821055649441421243e-09 6.440185622401814291e-11 1.726515063632389029e-12 3.508642972555605239e-14
7.260494296712474184e-03 2.159694117552805187e-02 4.869844810341828617e-02 8.324052624907223030e-02 1.078577440098618112e-01 1.059411460246888620e-01 7.888143824368953894e-02 4.452273078427764624e-02 1.904958796308710983e-02 6.178544778843425740e-03 1.519090438115429853e-03 2.831247794387352292e-04 4.000082526086425365e-05 4.284072789196836546e-06 3.478095883371204663e-07 2.140538674779783557e-08 9.986226841233234624e-10 3.531641361134700982e-11 9.467789232870383156e-13 1.924054580077577981e-14
3.018152761502640967e-03 8.977745176171359268e-03 2.024371201431515374e-02 3.460268872896541531e-02 4.483594843951723558e-02 4.403922782171310057e-02 3.279063668906009171e-02 1.850788629185362577e-02 7.918822626485936753e-03 2.568391520502627708e-03 6.314786312615587463e-04 1.176936169896540692e-04 1.662815178825047729e-05 1.780868573238518545e-06 1.445827827441577204e-07 8.898116916523290618e-09 4.151226746573877194e-10 1.468086426508457646e-11 3.935714711800202569e-13 7.998202886506476581e-15
9.510712767461117602e-04 2.829040224839878600e-03 6.379138020154337743e-03 1.090389584254203639e-02 1.412857005463974414e-02 1.387750983500802247e-02 1.033288742007069244e-02 5.832149806990369507e-03 2.495355716172679202e-03 8.093438588483400139e-04 1.989896587516687214e-04 3.708726079175962633e-05 5.239813488865938736e-06 5.611819816647481608e-07 4.556049433082065970e-08 2.803948005673726331e-09 1.308122164088530929e-10 4.626190065137342736e-12 1.240210655870407906e-13 2.520369786437487200e-15
