2.036910147843530336e-13 4.503750068541270897e-13 7.548723379222523068e-13 9.591125191604968402e-13 9.237669664294032331e-13 6.744536596810740033e-13 3.732833530481653697e-13 1.566108868834337972e-13 4.980834308335990980e-14 1.200823172706032124e-14 2.194587214559623664e-15 3.040349069332271902e-16 3.192940843367637017e-17 2.541880416685944062e-18 1.533967567801612204e-19 7.017364884906883801e-21 2.433485486844043911e-22 6.397057892933613943e-24 1.274760568119458681e-25 1.925634155341807424e-27
8.147503275604679974e-12 1.801469665944418889e-11 3.019438462907281910e-11 3.836385419261940904e-11 3.695005591114133670e-11 2.697769171267948215e-11 1.493108247758728125e-11 6.264329898051785052e-12 1.992300145658118856e-12 4.803211738820380268e-13 8.778200912865337230e-14 1.216119131597020550e-14 1.277154812532661383e-15 1.016735030903042273e-16 6.135766860686842178e-18 2.806898647268384005e-19 9.733777896972477792e-21 2.558780032201651051e-22 5.098956336076344716e-24 7.702406807130765008e-26
2.470438432840419148e-10 5.462311272301989053e-10 9.155365235258702148e-10 1.163246415783725242e-09 1.120378048718380639e-09 8.180018366593115638e-10 4.527315761502923861e-10 1.899433582613672617e-10 6.040936325026635261e-11 1.456401854563411240e-11 2.661674892634875014e-12 3.687445515493606359e-13 3.872514348064037810e-14 3.082884672018312914e-15 1.860451448111188647e-16 8.510914400074250885e-18 2.951419373517064878e-19 7.758583603964808594e-21 1.546075806773246081e-22 2.335478877152741354e-24
5.678326307291942276e-09 1.255517457298773881e-08 2.104369434070966394e-08 2.673732984720961198e-08 2.575199634032307796e-08 1.880185025770985068e-08 1.040607847101936581e-08 4.365866211329991666e-09 1.388514977709224469e-09 3.347553557628123930e-10 6.117885134635681219e-11 8.475628697720179929e-12 8.901011175046712609e-13 7.086039831132871921e-14 4.276265403263958938e-15 1.956241794760527847e-16 6.783865588272965662e-18 1.783317843507780107e-19 3.553669992323668308e-21 5.368120480951755733e-23
9.893807950286771553e-08 2.187589780600431811e-07 3.666613348798759061e-07 4.658661589631699141e-07 4.486978950125777793e-07 3.275998692096064521e-07 1.813135356023242939e-07 7.607002397180865234e-08 2.419322135099950275e-08 5.832713762845933522e-09 1.065968690567673527e-09 1.476777452635941412e-10 1.550895287862874493e-11 1.234658126766697280e-12 7.450883650349175778e-14 3.408518562385225352e-15 1.182007860392603049e-16 3.107219152821133893e-18 6.191847125375135444e-20 9.353311207975812734e-22
1.306782847962985045e-06 2.889387805010804268e-06 4.842895130366321160e-06 6.153201164186962408e-06 5.926441225317471825e-06 4.326967859383427902e-06 2.394805110622505727e-06 1.004739561046475988e-06 3.195461935112832021e-07 7.703899591202186867e-08 1.407940813384218821e-08 1.950540636183643141e-09 2.048436124239788980e-10 1.630747303024070366e-11 9.841192597802485530e-13 4.502001268540255923e-14 1.561206368548630084e-15 4.104042360809151709e-17 8.178246092208207298e-19 1.235393563293134511e-20
1.308398972969922646e-05 2.892961169853859336e-05 4.848884437570927274e-05 6.160810953594331445e-05 5.933770576082453573e-05 4.332319108806899799e-05 2.397766814957738379e-05 1.005982142958687137e-05 3.199413828076605232e-06 7.713427160989076957e-07 1.409682042510650862e-07 1.952952909580177777e-08 2.050969466983500109e-09 1.632764081481575585e-10 9.853363401452234993e-12 4.507568985351587755e-13 1.563137144313808352e-14 4.109117913720765488e-16 8.188360295989723375e-18 1.236921399715359170e-19
9.930560988455310989e-05 2.195716133073362343e-04 3.680233906326739230e-04 4.675967359874910311e-04 4.503646962022117388e-04 3.288168213232486739e-04 1.819870703351541684e-04 7.635260520934295805e-05 2.428309315690087525e-05 5.854380845189697355e-06 1.069928499386257248e-06 1.482263313929781859e-07 1.556656478498132162e-08 1.239244574925602304e-09 7.478561831749790887e-11 3.421180361911868098e-12 1.186398725894218335e-13 3.118761699906691074e-15 6.214848298924909163e-17 9.388056435046749409e-19
5.713525773401773077e-04 1.263300304179506639e-03 2.117414242799554522e-03 2.690307230104068033e-03 2.591163079480617026e-03 1.891840134250719800e-03 1.047058487425413633e-03 4.392929847942134429e-04 1.397122265007613229e-04 3.368304759941252583e-05 6.155809388862466907e-06 8.528168405542482877e-07 8.956187792987287079e-08 7.129965594710159905e-09 4.302773612020044925e-10 1.968368372739834528e-11 6.825918199191293859e-13 1.794372480490338460e-14 3.575698893040367162e-16 5.401397007293709640e-18
2.491904635921632274e-03 5.509774540969332966e-03 9.234918292242506183e-03 1.173354129241694320e-02 1.130113269156101871e-02 8.251096412146120482e-03 4.566654640892624413e-03 1.915938194297833307e-03 6.093427398768799449e-04 1.469056862501402544e-04 2.684802792938698759e-05 3.719486570730713633e-06 3.906163508603877263e-07 3.109672560178479339e-08 1.876617335136334148e-09 8.584867676743721270e-11 2.977064929709655261e-12 7.825999706730743606e-14 1.559510012137757015e-15 2.355772385868594080e-17
8.238638835357071227e-03 1.821620372342338048e-02 3.053213007715245911e-02 3.879298090884572559e-02 3.736336829831479744e-02 2.727945618602727745e-02 1.509809714616413417e-02 6.334400837874778686e-03 2.014585425310962390e-03 4.856939043446005478e-04 8.876391269684003830e-05 1.229722280197839907e-05 1.291440688192156237e-06 1.028107927976758806e-07 6.204399732432111215e-09 2.838295784616326905e-10 9.842657055057906422e-12 2.587401788171507668e-13 5.155991752218214616e-15 7.788563649547744439e-17
2.064792104250880861e-02 4.565399014231687896e-02 7.652053011319176479e-02 9.722411951982132261e-02 9.364118198687169936e-02 6.836858231900597160e-02 3.783929894198512917e-02 1.587546328535851398e-02 5.049013754152134603e-03 1.217260470831220322e-03 2.224627511188943623e-04 3.081966457464983215e-05 3.236646962412831106e-06 2.576674587182747219e-07 1.554965065850814710e-08 7.113421091422737134e-10 2.466795908677789446e-11 6.484623114941517755e-13 1.292209947822213705e-14 1.951992926067458729e-16
3.922780577053432832e-02 8.673540809584062705e-02 1.453769842764707221e-01 1.847105511921972032e-01 1.779035328322786658e-01 1.298895643050602955e-01 7.188872266285184498e-02 3.016088588256365249e-02 9.592332829677030492e-03 2.312603638090743752e-03 4.226442736827888485e-04 5.855252029288486403e-05 6.149120685221951105e-06 4.895276867428161181e-07 2.954189308336802313e-08 1.351438240992271031e-09 4.686524642453962917e-11 1.231976505161682517e-12 2.454995868279583161e-14 3.708479861560302173e-16
5.649480594568396380e-02 1.249139469502240779e-01 2.093679305875712493e-01 2.660150508230009203e-01 2.562117703754066556e-01 1.870633747069218589e-01 1.035321593126564826e-01 4.343687753153015890e-02 1.381461366840135152e-02 3.330548094570106536e-03 6.086806477383675069e-04 8.432572779948778029e-05 8.855794328143310934e-06 7.050042979551100597e-07 4.254542114274070187e-08 1.946304150149119850e-09 6.749403772004432354e-11 1.774258646937389008e-12 3.535617464489687097e-14 5.340850603724022702e-16
6.167651775639080430e-02 1.363710723159840821e-01 2.285711876047192281e-01 2.904139899396443458e-01 2.797115511848632385e-01 2.042208546175788564e-01 1.130281440092701928e-01 4.742091425061817356e-02 1.508169204149516218e-02 3.636026449772411691e-03 6.645089251974836903e-04 9.206009580679019107e-05 9.668049070773092828e-06 7.696673946090808575e-07 4.644769335230972726e-08 2.124819449621990392e-09 7.368460066741501072e-11 1.936993907855416854e-12 3.859904812100044156e-14 5.830714197186825051e-16
5.104203597814015864e-02 1.128574931390117497e-01 1.891601407746048846e-01 2.403397899603142429e-01 2.314827032789122940e-01 1.690083777110923391e-01 9.353943450326819564e-02 3.924443368960382067e-02 1.248125373799107915e-02 3.009090000829729369e-03 5.499319627883940713e-04 7.618677080442524355e-05 8.001050099130978263e-06 6.369586396237063517e-07 3.843901895619837821e-08 1.758450618483883954e-09 6.097964306539307329e-11 1.603010616207333237e-12 3.194366469741107883e-14 4.825361979847279505e-16
3.202085710102009486e-02 7.080034311584545992e-02 1.186682647131579588e-01 1.507754524781169392e-01 1.452190223412395398e-01 1.060261999321468057e-01 5.868129685936005618e-02 2.461971547771812582e-02 7.830025482466031542e-03 1.887731143051243291e-03 3.449958932530085742e-04 4.779522709402631524e-05 5.019401694558168631e-06 3.995914580559809782e-07 2.411444429111269647e-08 1.103151449479554200e-09 3.825514400531386035e-11 1.005637273069911554e-12 2.003963013929859474e-14 3.027156410523235487e-16
1.522771482655049108e-02 3.366953705170109418e-02 5.643342051440612683e-02 7.170219041724958109e-02 6.905979601440503934e-02 5.042140913392741119e-02 2.790625033575449068e-02 1.170805657146384814e-02 3.723616602624221263e-03 8.977221135866089718e-04 1.640649112612449631e-04 2.272931314617644485e-05 2.387007236049319516e-06 1.900281666791533788e-07 1.146777176224006422e-08 5.246104321996837285e-10 1.819246816922285881e-11 4.782369680157826510e-13 9.529968920821413169e-15 1.439582782228014621e-16
5.489506922439701779e-03 1.213768177470671457e-02 2.034393578415596635e-02 2.584824283439413756e-02 2.489567427558845442e-02 1.817663895289528889e-02 1.006004880852905126e-02 4.220689599814740102e-03 1.342343178175177919e-03 3.236238538147899078e-04 5.914449254905568829e-05 8.193791601658181588e-06 8.605028985281239706e-07 6.850410244253584599e-08 4.134068255862914149e-09 1.891191575326223073e-10 6.558284095069027073e-12 1.724017803322572930e-13 3.435501055632456333e-15 5.189616261191720992e-17
1.500129524083634565e-03 3.316890759302869134e-03 5.559431682492634551e-03 7.063605669764745111e-03 6.803295183054744108e-03 4.967169752602924003e-03 2.749131469295926049e-03 1.153397048247257334e-03 3.668250466724795600e-04 8.843739604750004615e-05 1.616254441671258682e-05 2.239135293844048317e-06 2.351515030183953163e-07 1.872026541670268911e-08 1.129725844746854800e-09 5.168100446777914802e-11 1.792196592033579862e-12 4.711261035555082855e-14 9.388268630298596135e-16 1.418177749308361629e-17
