1.104971956449615387e-06 1.286078130639406039e-05 1.134697949093757844e-04 7.589095290496783008e-04 3.847658874773539524e-03 1.478767633362170104e-02 4.308242401061573856e-02 9.514744801531992147e-02 1.592909042204562475e-01 2.021536699949593452e-01 1.944773831627744920e-01 1.418251963598315124e-01 7.840332920938948569e-02 3.285582938197115221e-02 1.043727639136310219e-02 2.513383463252865432e-03 4.588039432196330185e-04 6.348810285529794069e-05 6.659695570460314736e-06 5.295576226307512251e-07
1.532493893697441549e-06 1.783671404978846430e-05 1.573721095840756974e-04 1.052537317665820388e-03 5.336346950892131152e-03 2.050913921477677190e-02 5.975133697880699590e-02 1.319607092589785979e-01 2.209217497462563073e-01 2.803684410699603391e-01 2.697221412901977811e-01 1.966984285214236350e-01 1.087381653060245090e-01 4.556799618880796876e-02 1.447553690682805774e-02 3.485830375579107403e-03 6.363186298841198808e-04 8.805212601123209185e-05 9.236381734435178645e-06 7.344474385124951004e-07
1.611176314674658965e-06 1.875249965225480830e-05 1.654520233946893577e-04 1.106577457508076427e-03 5.610329574247025636e-03 2.156213442227090243e-02 6.281913377033292167e-02 1.387359323910695996e-01 2.322644756050976089e-01 2.947633223805595226e-01 2.835704125003809528e-01 2.067974629268000408e-01 1.143210796224113507e-01 4.790758153656132778e-02 1.521875049708015966e-02 3.664802425121666592e-03 6.689889658104783855e-04 9.257296258699112082e-05 9.710602792622698604e-06 7.721559754145600112e-07
1.284056709236657298e-06 1.494515080324907599e-05 1.318600445908558029e-04 8.819073342014764139e-04 4.471255731124256991e-03 1.718434110420148653e-02 5.006486841418046618e-02 1.105681626376989607e-01 1.851074618598042565e-01 2.349170716403395365e-01 2.259966754697771696e-01 1.648110559382796325e-01 9.111029498095450652e-02 3.818083156699429020e-02 1.212886417457079841e-02 2.920731951645206409e-03 5.331631070605064200e-04 7.377773159962503326e-05 7.739044171039235594e-06 6.153839600158538235e-07
7.757506700038290554e-07 9.028970967973008456e-06 7.966199405546548688e-05 5.327959430972417643e-04 2.701266699692800571e-03 1.038175652933855282e-02 3.024621493472999870e-02 6.679870571937404633e-02 1.118309156655679926e-01 1.419229185202160737e-01 1.365337458643392510e-01 9.956903472290118406e-02 5.504341970826111957e-02 2.306658690098420741e-02 7.327538139185581223e-03 1.764532479050168537e-03 3.221054292605095098e-04 4.457211609742344952e-05 4.675470061164122044e-06 3.717783769656891305e-07
3.552686892894243155e-07 4.134976359618487060e-06 3.648261394879290806e-05 2.440032908536780983e-04 1.237092685741790574e-03 4.754508345679969196e-03 1.385178711579417542e-02 3.059164438367143954e-02 5.121493846772492975e-02 6.499610144398337841e-02 6.252803486042719794e-02 4.559939401617749827e-02 2.520810400803789528e-02 1.056374994127019622e-02 3.355775213721541844e-03 8.080987426510088728e-04 1.475138573400444121e-04 2.041258599842333293e-05 2.141213903732140198e-06 1.702624590580088829e-07
1.233356217587390154e-07 1.435504719797480807e-06 1.266536007931944284e-05 8.470855579423194328e-05 4.294709896172490887e-04 1.650582392004249855e-03 4.808807609286330602e-03 1.062024207151167701e-02 1.777985640076065049e-02 2.256414602570606248e-02 2.170732825425060117e-02 1.583035539680021156e-02 8.751283957527368484e-03 3.667327592860254552e-03 1.164996057757663626e-03 2.805407959442271070e-04 5.121113642030686942e-05 7.086464587844038909e-06 7.433470950211363237e-07 5.910857579960813860e-08
3.245764012793121381e-08 3.777748466560267829e-07 3.333081665160446453e-06 2.229234166512116536e-05 1.130218069006123542e-04 4.343757992802095916e-04 1.265510682161163783e-03 2.794877832642185967e-03 4.679038969869169298e-03 5.938097372461365389e-03 5.712612776165915986e-03 4.165998202625418798e-03 2.303033148901566327e-03 9.651128971736532523e-04 3.065863880519788644e-04 7.382856684967348119e-05 1.347698753020585459e-05 1.864910672940056108e-06 1.956230662017121137e-07 1.555531852371993340e-08
6.475035791315565488e-09 7.536301602689648872e-08 6.649227421410539564e-07 4.447141245788860167e-06 2.254693323347486343e-05 8.665444672301648933e-05 2.524591106743524576e-04 5.575554454169752731e-04 9.334303011385987163e-04 1.184602234403257749e-03 1.139619887391931773e-03 8.310828317226513860e-04 4.594364226403254304e-04 1.925321904867011527e-04 6.116149627459840791e-05 1.472819992115792495e-05 2.688549638028116022e-06 3.720345443260325066e-07 3.902521410276393879e-08 3.103159804268246380e-09
9.791838128128658664e-10 1.139673165625863122e-08 1.005525848596708776e-07 6.725165484041525735e-07 3.409647878765695941e-06 1.310427220390594082e-05 3.817799353341220218e-05 8.431602302958812127e-05 1.411574963786037381e-04 1.791408371989790835e-04 1.723384059112791869e-04 1.256800552393796695e-04 6.947802646426074283e-05 2.911557718689890398e-05 9.249114452745513089e-06 2.227264129414098787e-06 4.065744762417978412e-07 5.626072431906166895e-08 5.901567060406780598e-09 4.692736761372647818e-10
1.122491592660474568e-10 1.306469255369797739e-09 1.152688899145748142e-08 7.709422496886951186e-08 3.908664571213214465e-07 1.502213903492088158e-06 4.376550776793861202e-06 9.665603713913461999e-06 1.618165055964479655e-05 2.053588723861418766e-05 1.975608759015399029e-05 1.440738741034203463e-05 7.964643569498972621e-06 3.337676765087324575e-06 1.060276229744565778e-06 2.553233853733424072e-07 4.660784067301312336e-08 6.449472429872040878e-09 6.765286887043972385e-10 5.379539053119780437e-11
9.754360176934299813e-12 1.135311102577028099e-10 1.001677230167228069e-09 6.699425125542252038e-09 3.396597559191550069e-08 1.305411601589822100e-07 3.803186846888176194e-07 8.399330611426973815e-07 1.406172205191815537e-06 1.784551813021382117e-06 1.716787861053607583e-06 1.251990187971169139e-06 6.921210151218981085e-07 2.900413823472995017e-07 9.213713759278632725e-08 2.218739346299135387e-08 4.050183252742190966e-09 5.604538817352900734e-10 5.878978998863485469e-11 4.674775459622200889e-12
6.425564657446563607e-13 7.478722093096263633e-12 6.598425413438477162e-11 4.413163808907391919e-10 2.237466818533039467e-09 8.599238185228231387e-09 2.505302505316232301e-08 5.532955616157776556e-08 9.262986254423932030e-08 1.175551532969567764e-07 1.130912864013846758e-07 8.247331200995120140e-08 4.559261963649424367e-08 1.910611892325567901e-08 6.069420486998793344e-09 1.461567224201736065e-09 2.668008346312837729e-10 3.691920935134952355e-11 3.872705025419754902e-12 3.079450771756072906e-13
3.208637299643708944e-14 3.734536642436333527e-13 3.294956167928290510e-12 2.203735043003209857e-11 1.117290055176751010e-10 4.294071861477202251e-10 1.251035122046835502e-09 2.762908586827894339e-09 4.625517722802366470e-09 5.870174369762550809e-09 5.647268981904101203e-09 4.118345378932686008e-09 2.276689874789264039e-09 9.540734409627482928e-10 3.030794957332962087e-10 7.298407784404758541e-11 1.332283083607156750e-11 1.843578868369353191e-12 1.933854292584060491e-13 1.537738881394997309e-14
1.214581821764692469e-15 1.413653178912116778e-14 1.247256542682944990e-13 8.341910516077172082e-13 4.229334960379720157e-12 1.625456895636231267e-11 4.735606974948478243e-11 1.045857861569883673e-10 1.750920785901855191e-10 2.222067006730335496e-10 2.137689494788944155e-10 1.558938255051669504e-10 8.618070157140627689e-11 3.611502796375638949e-11 1.147262254004673794e-11 2.762703476565665409e-12 5.043159022596743389e-13 6.978593001956251270e-14 7.320317163847202372e-15 5.820881319837952580e-16
3.485216371656957290e-17 4.056447342370901099e-16 3.578975779416035065e-15 2.393693251500188792e-14 1.213598555568718137e-13 4.664213544595279026e-13 1.358872219480726136e-12 3.001066602720543630e-12 5.024229474827305437e-12 6.376173405529280147e-12 6.134053952769356220e-12 4.473339738457751002e-12 2.472936665568980482e-12 1.036312947111749591e-12 3.292044322243936535e-13 7.927518108718784251e-14 1.447123616989952155e-14 2.002492227836150117e-15 2.100549239909869558e-16 1.670289354725886034e-17
7.581053009817522147e-19 8.823596315033630326e-18 7.784998752231424974e-17 5.206768674806265466e-16 2.639823184931945549e-15 1.014561116441526808e-14 2.955822890431936932e-14 6.527928993516382726e-14 1.092871888583635477e-13 1.386947134192562624e-13 1.334281238869445722e-13 9.730421894021046836e-14 5.379139184602997611e-14 2.254191002517096854e-14 7.160864593819988063e-15 1.724396095095609241e-15 3.147787592580355795e-16 4.355827045468635675e-17 4.569120949560381988e-18 3.633218368560215791e-19
1.250046420377274647e-20 1.454930466015484893e-19 1.283675211117233088e-18 8.585486126063593573e-18 4.352827395455113180e-17 1.672918643649259379e-16 4.873882056580655439e-16 1.076395885934927622e-15 1.802045956525779367e-15 2.286949185165598830e-15 2.200107932585801784e-15 1.604457723963923359e-15 8.869709357943090976e-16 3.716955137886554902e-16 1.180761187228070736e-16 2.843371709966056924e-17 5.190414322545128836e-18 7.182361076910145506e-19 7.534063249356239874e-20 5.990845348510469337e-21
1.562498350723433637e-22 1.818593627011370232e-21 1.604532733776315920e-20 1.073144780342203692e-19 5.440826448932757784e-19 2.091068442728346181e-18 6.092119901218874793e-18 1.345443472404177947e-17 2.252471419541013164e-17 2.858577307017989509e-17 2.750029886923193026e-17 2.005495561310820408e-17 1.108671327501545703e-17 4.646016482258242644e-18 1.475895116827170538e-18 3.554078900505765422e-19 6.487770123049014967e-20 8.977608474399840343e-21 9.417219400390169720e-22 7.488270694508791245e-23
1.480504779722624579e-24 1.723161215445023848e-23 1.520333368977563895e-22 1.016830498346068427e-21 5.155313962127827620e-21 1.981337658854548743e-20 5.772430177748281271e-20 1.274840060355089979e-19 2.134270862606077179e-19 2.708570773394602878e-19 2.605719481294038664e-19 1.900255294899011525e-19 1.050492756518753430e-19 4.402212396236267966e-20 1.398446132004058667e-20 3.367575266414776511e-21 6.147318281947964318e-22 8.506500023295011823e-23 8.923041952344490443e-24 7.095316644618620361e-25
