6.773968854754836188e-20 1.448916957873519407e-18 2.349311554261399604e-17 2.887583511658160512e-16 2.690452391035602130e-15 1.900259397198004352e-14 1.017413007698479154e-13 4.129319643490663949e-13 1.270446958696559897e-12 2.962998237185006542e-12 5.238453192639857566e-12 7.020556870149964954e-12 7.132419441590874321e-12 5.492866045167068369e-12 3.206697256671750121e-12 1.419102391503330049e-12 4.760650761229337237e-13 1.210641991701963225e-13 2.333791014961336092e-14 3.410397590775680222e-15
2.334921700231031622e-18 4.994276943563062108e-17 8.097850235609036305e-16 9.953221733323106667e-15 9.273729782294480042e-14 6.550010780564982496e-13 3.506924464385489459e-12 1.423336636100551232e-11 4.379108077491278988e-11 1.021316901522715756e-10 1.805644268138881856e-10 2.419918209737996168e-10 2.458476158719070010e-10 1.893337923501128267e-10 1.105317602016816130e-10 4.891509010179546357e-11 1.640950380486817043e-11 4.172966127016754306e-12 8.044352434263807660e-13 1.175531141618452238e-13
6.100961251981147755e-17 1.304964106990225321e-15 2.115902666325315825e-14 2.600696208415574844e-13 2.423150466138703390e-12 1.711464755684600422e-11 9.163309531417486212e-11 3.719063326412788403e-10 1.144225465734818090e-09 2.668618327358462033e-09 4.718002198397971516e-09 6.323050245802343019e-09 6.423799042931652944e-09 4.947138615844738837e-09 2.888105352899005866e-09 1.278111678514492479e-09 4.287670411724371732e-10 1.090362244020426294e-10 2.101924124216568389e-11 3.071567643917861180e-12
1.208428700894839273e-15 2.584766589055982988e-14 4.191007621064869862e-13 5.151247173610964097e-12 4.799579031776134366e-11 3.389929956804208202e-10 1.814993699452269222e-09 7.366417648732453616e-09 2.266388583667407516e-08 5.285781773268550492e-08 9.345034383848461780e-08 1.252418279454989245e-07 1.272373780400373791e-07 9.798889132021104481e-08 5.720523792079302082e-08 2.531579486370706249e-08 8.492668239489043727e-09 2.159700702276262196e-09 4.163320063673168209e-10 6.083910951647163438e-11
1.814431661451386800e-14 3.880975628245187858e-13 6.292714593267430766e-12 7.734495184399796635e-11 7.206472463327083411e-10 5.089912412021818466e-09 2.725176943565121711e-08 1.106052959801186595e-07 3.402937384980192075e-07 7.936496210193610733e-07 1.403138327553012111e-06 1.880481138805183604e-06 1.910443926604427730e-06 1.471283715375620049e-06 8.589252705392216210e-07 3.801116251335669832e-07 1.275157246142934858e-07 3.242747652854565667e-08 6.251142276487292544e-09 9.134871298526071179e-10
2.065175761533606636e-13 4.417304310123978050e-12 7.162331835561855167e-11 8.803358275694903633e-10 8.202365828161126122e-09 5.793309257637293552e-08 3.101780843726593186e-07 1.258903166254693675e-06 3.873203909953892214e-06 9.033274690370204923e-06 1.597044036270483909e-05 2.140352899692622108e-05 2.174456373758698049e-05 1.674606727763082551e-05 9.776238407719285744e-06 4.326408823108067976e-06 1.451376699837690869e-06 3.690876871101528815e-07 7.115014461868986300e-08 1.039725837640786102e-08
1.781846310693771381e-12 3.811277245652498886e-11 6.179703827088910066e-10 7.595591502397739645e-09 7.077051533384329892e-08 4.998502752019209128e-07 2.676235532064617212e-06 1.086189371429503004e-05 3.341824083966103730e-05 7.793964794825367266e-05 1.377939387556455252e-04 1.846709606483028275e-04 1.876134293029493578e-04 1.444860953390124131e-04 8.434998446002187251e-05 3.732852062084719978e-05 1.252256716451206961e-05 3.184511196816223523e-06 6.138878106916904895e-07 8.970818283076568954e-08
1.165414144013590622e-11 2.492760673119544455e-10 4.041826841452014935e-09 4.967886240198340722e-08 4.628735882225377970e-07 3.269263892813473155e-06 1.750388191765805458e-05 7.104206737383005467e-05 2.185715474385089446e-04 5.097632020966424721e-04 9.012393730110558219e-04 1.207837893966921122e-03 1.227083069983850219e-03 9.450093316736118791e-04 5.516899204329327351e-04 2.441466789001575980e-04 8.190367937625489720e-05 2.082825195565979421e-05 4.015124834975670976e-06 5.867351436388780236e-07
5.778127841478352158e-11 1.235911707566026313e-09 2.003939314019168974e-08 2.463079922724230096e-07 2.294929043835632141e-06 1.620902304750567995e-05 8.678431436746821557e-05 3.522268452957108401e-04 1.083678579067189410e-03 2.527407931099739588e-03 4.468348303288602157e-03 5.988464958120028395e-03 6.083882615378416285e-03 4.685359927926583713e-03 2.735280763058360078e-03 1.210480179946248980e-03 4.060787596876248027e-04 1.032665538963290007e-04 1.990700448862366647e-05 2.909035115498019820e-06
2.171654977254186982e-10 4.645057854060511156e-09 7.531617341806045958e-08 9.257254114665580770e-07 8.625274859297187219e-06 6.092008786108364242e-05 3.261706791788197683e-04 1.323811453630391755e-03 4.072903965677723663e-03 9.499024880903568849e-03 1.679386662801710464e-02 2.250708203279609687e-02 2.286570031883611645e-02 1.760948439850678129e-02 1.028029535906481613e-02 4.549475850598760571e-03 1.526208806427531775e-03 3.881176254755086780e-04 7.481860312886416762e-05 1.093333474249012209e-05
6.187159733341814639e-10 1.323401517032165410e-08 2.145797561410101752e-07 2.637440592519494003e-06 2.457386364657445260e-05 1.735645480122808930e-04 9.292774927643308045e-04 3.771608752876025924e-03 1.160391852211794042e-02 2.706322360813009573e-02 4.784661304686550071e-02 6.412386549746017239e-02 6.514558793599979636e-02 5.017035115454239469e-02 2.928910446579738661e-02 1.296169699397927387e-02 4.348249501281092368e-03 1.105767614696577614e-03 2.131621521062682849e-04 3.114964816161230275e-05
1.336252861956661550e-09 2.858175868843892501e-08 4.634320522164965328e-07 5.696131491486965562e-06 5.307264890885882603e-05 3.748507134312445595e-04 2.006978585935994142e-03 8.145616417582402305e-03 2.506120740916610232e-02 5.844896779576815721e-02 1.033352561988475499e-01 1.384895533389187694e-01 1.406961870633829936e-01 1.083538783625651175e-01 6.325624576275538924e-02 2.799362785267047252e-02 9.390998601954938380e-03 2.388147717982412859e-03 4.603704253470031552e-04 6.727449799072120359e-05
2.187674919445081493e-09 4.679323683151618707e-08 7.587176846277726687e-07 9.325543358268588917e-06 8.688902095701589532e-05 6.136948534642123034e-04 3.285767867233141404e-03 1.333576993359737381e-02 4.102949109479401418e-02 9.569097627751399493e-02 1.691775222465209116e-01 2.267311308138699744e-01 2.303437683563957228e-01 1.773938667351377396e-01 1.035613140994882803e-01 4.583036586944469470e-02 1.537467398195696208e-02 3.909807054714144192e-03 7.537052767925638257e-04 1.101398815767942822e-04
2.715024461399287689e-09 5.807297121541352872e-08 9.416102249703288011e-07 1.157351035498509709e-05 1.078340365967957279e-04 7.616289441270498485e-04 4.077817985992450954e-03 1.655042129865168937e-02 5.091984689817912607e-02 1.187577455038567181e-01 2.099585761739847511e-01 2.813857583907048432e-01 2.858692395564599309e-01 2.201555099467303045e-01 1.285252660418516046e-01 5.687799558536968392e-02 1.908081295626893117e-02 4.852284815512268937e-03 9.353895521628025804e-04 1.366896287920458619e-04
2.554238960992801590e-09 5.463385238988778053e-08 8.858474598968673386e-07 1.088811960424144796e-05 1.014480353722873018e-04 7.165247866335992550e-04 3.836326973750736440e-03 1.557029467059535717e-02 4.790434071009658235e-02 1.117248351896189679e-01 1.975246938223806925e-01 2.647219122216031284e-01 2.689398787398668000e-01 2.071177585977847790e-01 1.209139168591026603e-01 5.350964398768356250e-02 1.795083490157584408e-02 4.564929377920815858e-03 8.799951793467381510e-04 1.285947807793772369e-04
1.821571080937515546e-09 3.896246477852893671e-08 6.317475145093261099e-07 7.764928849556811417e-06 7.234828466489952791e-05 5.109940181945119442e-04 2.735899960467545744e-03 1.110405053198619367e-02 3.416327251345827043e-02 7.967724708294955660e-02 1.408659391437806219e-01 1.887880449548550443e-01 1.917961134822591396e-01 1.477072917498987448e-01 8.623049667514841310e-02 3.816072870540674483e-02 1.280174730506998364e-02 3.255507205210965340e-03 6.275739249703492055e-04 9.170815158819934656e-05
9.847535157878752437e-10 2.106336918495125860e-08 3.415269338175504369e-07 4.197772496754995230e-06 3.911196682388794942e-05 2.762467856618765509e-04 1.479045826489348977e-03 6.002924022724271010e-03 1.846889373163106141e-02 4.307405295040762916e-02 7.615306933573194603e-02 1.020600804182343613e-01 1.036862623932838789e-01 7.985155033497572108e-02 4.661678353242361406e-02 2.062994529883274697e-02 6.920710258754958488e-03 1.759948980060815600e-03 3.392706633843108315e-04 4.957804043332008183e-05
4.035578286037787360e-10 8.631893560245703037e-09 1.399597621246840977e-07 1.720272054482336266e-06 1.602831586871052754e-05 1.132075704155136129e-04 6.061217478020118751e-04 2.460033851157027163e-03 7.568662138857983578e-03 1.765200225147012941e-02 3.120797926580950316e-02 4.182482598983866540e-02 4.249124500357585876e-02 3.272363870470269831e-02 1.910383424606090091e-02 8.454273882282885635e-03 2.836148091519650073e-03 7.212375253908411910e-04 1.390351291254784841e-04 2.031737487902592567e-05
1.253663069537297362e-10 2.681520567720571800e-09 4.347887032795334303e-08 5.344070642175520706e-07 4.979238722986038862e-06 3.516823120815143971e-05 1.882933242781516345e-04 7.642160231849103339e-04 2.351224914188806969e-03 5.483641192792879787e-03 9.694841310796134537e-03 1.299299282947757872e-02 1.320001765891783835e-02 1.016568492473618468e-02 5.934656642322946526e-03 2.626342544918854657e-03 8.810569068572823717e-04 2.240543450923153260e-04 4.319163064089536733e-05 6.311646250031655008e-06
2.952247122647513386e-11 6.314704143989011664e-10 1.023882516289162598e-08 1.258473473451738041e-07 1.172559322365302481e-06 8.281755434591152730e-06 4.434113425859110966e-05 1.799649850387214484e-04 5.536891973832316167e-04 1.291340897441383339e-03 2.283035056212175205e-03 3.059715694549595966e-03 3.108467904922767536e-03 2.393913867134195295e-03 1.397550380315929798e-03 6.184765595899008577e-04 2.074798070839035577e-04 5.276248552648156226e-05 1.017118318154650989e-05 1.486327541554060896e-06
