1.368828028665099092e-18 7.299068670588729350e-17 2.950413110021718904e-15 9.040553657131363997e-14 2.099926269785073947e-12 3.697514488050160480e-11 4.935288460375401641e-10 4.993580073277089966e-09 3.830084136750234257e-08 2.226903664165442229e-07 9.815023974963915428e-07 3.279277121633303670e-06 8.305421788352280977e-06 1.594564481348672132e-05 2.320701583632221320e-05 2.560314587404575491e-05 2.141234252635326637e-05 1.357475039829047459e-05 6.523735478196253356e-06 2.376608536899829656e-06
1.161299295043579546e-17 6.192453050435911833e-16 2.503099434701776589e-14 7.669910586992376178e-13 1.781555349303526360e-11 3.136932381910372587e-10 4.187046794665638524e-09 4.236500785636073357e-08 3.249403076808187177e-07 1.889281634485012904e-06 8.326963054721429059e-06 2.782104201445329756e-05 7.046232445473174879e-05 1.352811726026400066e-04 1.968858802304667994e-04 2.172143953205233301e-04 1.816600607260768555e-04 1.151667538785055081e-04 5.534668529010440915e-05 2.016289673135844381e-05
7.468549346275886729e-17 3.982491109661918227e-15 1.609793592960365334e-13 4.932673768507417348e-12 1.145754078744687558e-10 2.017424310013819931e-09 2.692774010506308934e-08 2.724578866800407197e-07 2.089756476100491957e-06 1.215035019515322617e-05 5.355237426237247506e-05 1.789227170261577194e-04 4.531573811243176913e-04 8.700204310095313370e-04 1.266212696728641861e-03 1.396949466082233115e-03 1.168292389025571767e-03 7.406605584478103202e-04 3.559456653475653268e-04 1.296716443768821064e-04
3.641037623868220795e-16 1.941528306863269229e-14 7.848002024052235841e-13 2.404757596782700730e-11 5.585734946626664642e-10 9.835267165677223293e-09 1.312770530158838780e-07 1.328275907845909367e-06 1.018789807956251863e-05 5.923490647589743229e-05 2.610764159093348098e-04 8.722769499833539801e-04 2.209214932790094441e-03 4.241489178108389345e-03 6.172990034413496953e-03 6.810352759045918553e-03 5.695612825055680097e-03 3.610839046231185349e-03 1.735292222752120176e-03 6.321700694935049585e-04
1.345584258686076321e-15 7.175124778669955874e-14 2.900312788990656791e-12 8.887037988772132004e-11 2.064267880151284730e-09 3.634727801589519903e-08 4.851483404261121401e-07 4.908785180007505073e-06 3.765046314021153239e-05 2.189089099113192499e-04 9.648357195182153409e-04 3.223592432602613838e-03 8.164389233798674192e-03 1.567487529938398072e-02 2.281294256582893157e-02 2.516838444238804484e-02 2.104874421161106318e-02 1.334424052475422298e-02 6.412957349984605045e-03 2.336251866079942265e-03
3.769584200871451529e-15 2.010073827065008713e-13 8.125075183058642318e-12 2.489657394456453354e-10 5.782938925714734049e-09 1.018250058061700978e-07 1.359117801314838679e-06 1.375170595269664773e-05 1.054758110409388514e-04 6.132619067924297007e-04 2.702937003947829351e-03 9.030726262993943668e-03 2.287211110476624829e-02 4.391234654965830986e-02 6.390927013036588888e-02 7.050791783795605505e-02 5.896696034906917516e-02 3.738319464576731616e-02 1.796556592522107268e-02 6.544887892959510255e-03
8.005211648250246035e-15 4.268658174698372674e-13 1.725467399913587930e-11 5.287117441135203036e-10 1.228083724421096439e-08 2.162388950946529916e-07 2.886266780276346182e-06 2.920357015778826269e-05 2.239918638661442176e-04 1.302342937066637346e-03 5.740044958668817643e-03 1.917794409684916990e-02 4.857195926108259093e-02 9.325368777279478827e-02 1.357198052667197841e-01 1.497329082183102844e-01 1.252241554225403675e-01 7.938816837090943712e-02 3.815226028874475761e-02 1.389893686022433683e-02
1.288691630983352416e-14 6.871753436356492922e-13 2.777684707798165315e-11 8.511285269898289565e-10 1.976988601112447519e-08 3.481047930350175823e-07 4.646357907776731735e-06 4.701236908008910568e-05 3.605856447727478521e-04 2.096532256002122188e-03 9.240415150449571291e-03 3.087295769685007366e-02 7.819190816010863909e-02 1.501212613377971294e-01 2.184838888602545770e-01 2.410424036020478167e-01 2.015878257575605403e-01 1.278003289282804433e-01 6.141811197203083522e-02 2.237472836243145982e-02
1.572613563477708879e-14 8.385724248587425694e-13 3.389658582026161529e-11 1.038647441813253415e-09 2.412554729309342576e-08 4.247985366528248910e-07 5.670034080198045502e-06 5.737003910714727711e-05 4.400291443906368012e-04 2.558436000349917881e-03 1.127624471858593505e-02 3.767482526575607893e-02 9.541899114605086052e-02 1.831956738681199681e-01 2.666198171558015195e-01 2.941483782187654938e-01 2.460012476191959230e-01 1.559570387961361215e-01 7.494962612328484597e-02 2.730428324038964086e-02
1.454761655335655281e-14 7.757296752601934196e-13 3.135637033999793460e-11 9.608110389312497627e-10 2.231757497904647804e-08 3.929640674080227875e-07 5.245120833167338615e-06 5.307071934036994271e-05 4.070532910030613769e-04 2.366706403516356718e-03 1.043120116330631918e-02 3.485146792635405305e-02 8.826827692056492258e-02 1.694669612141456727e-01 2.466392860641000995e-01 2.721048524251101219e-01 2.275658753761025943e-01 1.442695937446868970e-01 6.933288933663935005e-02 2.525809595378435135e-02
1.020136984916192164e-14 5.439726357424257401e-13 2.198833945013522391e-11 6.737590812450775253e-10 1.564997507754115783e-08 2.755621014863294313e-07 3.678088250844002191e-06 3.721530837484648681e-05 2.854420278820634206e-04 1.659629071064538074e-03 7.314774942520982717e-03 2.443924149354286326e-02 6.189724175862787447e-02 1.188370027638787074e-01 1.729533196895136071e-01 1.908107920743697117e-01 1.595782822048799343e-01 1.011676021553039595e-01 4.861899158806750471e-02 1.771198584765582007e-02
5.422779683600083681e-15 2.891615342993132556e-13 1.168842245790072130e-11 3.581525923910135447e-10 8.319114800676489924e-09 1.464815595949572022e-07 1.955174896712877251e-06 1.978267832242245372e-05 1.517334683999941442e-04 8.822151281595018869e-04 3.888341814375890527e-03 1.299125746966894694e-02 3.290294441262173186e-02 6.317062255132634141e-02 9.193743213814913051e-02 1.014299943999715237e-01 8.482761427922506925e-02 5.377803429520680578e-02 2.584457614214974094e-02 9.415225448253983567e-03
2.185154992942348139e-15 1.165200888304450342e-13 4.709948805544139537e-12 1.443206198963443381e-10 3.352257754180111595e-09 5.902598482673443478e-08 7.878542808125544365e-07 7.971597747322695438e-06 6.114228595224604503e-05 3.554960563817687871e-04 1.566840260106089127e-03 5.234937205783812136e-03 1.325852006917843315e-02 2.545513727816918481e-02 3.704696679500769224e-02 4.087207514026625077e-02 3.418200548368544034e-02 2.167031430507625547e-02 1.041429080519177056e-02 3.793944821352486507e-03
6.674816838869955016e-16 3.559245241202871824e-14 1.438710100610734036e-12 4.408445657134605504e-11 1.023987157803599170e-09 1.803019185022924724e-08 2.406594972497752600e-07 2.435019714774582961e-06 1.867664129817729387e-05 1.085905151329234617e-04 4.786100659108454935e-04 1.599074075955695317e-03 4.049973265149628930e-03 7.775575622271328931e-03 1.131643835751002317e-02 1.248486337431189974e-02 1.044130171661778253e-02 6.619456253414771063e-03 3.181169475661835624e-03 1.158905746324565087e-03
1.545586366854224164e-16 8.241605805658770042e-15 3.331403349392717999e-13 1.020797075210610463e-11 2.371092164984406669e-10 4.174978787912101192e-09 5.572587937352566440e-08 5.638406813293216260e-07 4.324667307871256777e-06 2.514466296389625616e-05 1.108244931311468329e-04 3.702733949184396490e-04 9.377910459336476125e-04 1.800472427384429289e-03 2.620376449112407635e-03 2.890930955738563266e-03 2.417734295185282409e-03 1.532767353508077178e-03 7.366152946105649279e-04 2.683502731576859683e-04
2.712963951707871462e-17 1.446647041824445049e-15 5.847604112797996556e-14 1.791802597671597026e-12 4.161972250617271145e-11 7.328330007079316358e-10 9.781549912691159134e-09 9.897081623890416133e-08 7.591077898328019989e-07 4.413636511153848676e-06 1.945299604596311191e-05 6.499399802126756343e-05 1.646102318455788522e-04 3.160364827414793398e-04 4.599540341970881894e-04 5.074444002607334274e-04 4.243843067143290458e-04 2.690462769082045355e-04 1.292979016515622835e-04 4.710345750457989458e-05
3.609870209387573825e-18 1.924908753945376028e-16 7.780822841303573287e-15 2.384172784295974484e-13 5.537920852336788038e-12 9.751076921041711123e-11 1.301533166676723110e-09 1.316905817766879594e-08 1.010068930147933591e-07 5.872785352215836417e-07 2.588415922941021010e-06 8.648102275677884004e-06 2.190303972618806808e-05 4.205181876485704844e-05 6.120149015214371179e-05 6.752055891743798403e-05 5.646858172130316255e-05 3.579930132673385618e-05 1.720438058214784118e-05 6.267586707073437851e-06
3.641128207157619634e-19 1.941576609033876619e-17 7.848197269999128217e-16 2.404817423369458713e-14 5.585873910926780976e-13 9.835511851655237499e-12 1.312803189824875213e-10 1.328308953261355207e-09 1.018815153844299261e-08 5.923638014720472155e-08 2.610829110799364885e-07 8.722986508619359317e-07 2.209269894582925131e-06 4.241594699688046251e-06 6.173143608696549953e-06 6.810522189911111176e-06 5.695754522944591394e-06 3.610928878227456254e-06 1.735335394093323331e-06 6.321857968905454483e-07
2.784050919689021929e-20 1.484553093571819616e-18 6.000827102020277569e-17 1.838752655304703111e-15 4.271027141645887938e-14 7.520352005838525413e-13 1.003785288531701072e-11 1.015641183875060010e-10 7.789984600041162198e-10 4.529285684137263742e-09 1.996271697542341574e-08 6.669701595241132999e-08 1.689234636057022974e-07 3.243174904251153896e-07 4.720060696401637154e-07 5.207408112988682368e-07 4.355043194237175371e-07 2.760960145429347096e-07 1.326858551807453740e-07 4.833769505252883211e-08
1.613671752405178938e-21 8.604660838280045649e-20 3.478156637551435957e-18 1.065764709453175181e-16 2.475542312638319234e-15 4.358892832793708059e-14 5.818068750568745592e-13 5.886787046199587454e-12 4.515175355399712389e-11 2.625232288453197181e-10 1.157064774091783197e-09 3.865844904307478387e-09 9.791021407374760182e-09 1.879785924204295556e-08 2.735807941426588576e-08 3.018280777750279297e-08 2.524239098266899539e-08 1.600288042394525682e-08 7.690642974044762672e-09 2.801715030821124106e-09
