9.155252098157311187e-12 3.146069851856197666e-10 8.195269387938717139e-09 1.618284692918248919e-07 2.422386502679177531e-06 2.748709029751264770e-05 2.364345389784869159e-04 1.541664562923928490e-03 7.620187878106180271e-03 2.855211524996568648e-02 8.109754665359121539e-02 1.746119505983991238e-01 2.849948623475080378e-01 3.526118615413652568e-01 3.307147944409153384e-01 2.351295153773536040e-01 1.267235975230819878e-01 5.177315815219479117e-02 1.603424965240156722e-02 3.764345215397869350e-03
8.315838823089364210e-12 2.857617631248240041e-10 7.443873594219577269e-09 1.469909788599858499e-07 2.200286295509177205e-06 2.496689443164813225e-05 2.147566770719799725e-04 1.400314692276386982e-03 6.921519311166159788e-03 2.593427094430041449e-02 7.366199419620253486e-02 1.586023871536846319e-01 2.588646730074667945e-01 3.202821043319687977e-01 3.003927032807007791e-01 2.135713065533968447e-01 1.151047508889568582e-01 4.702625705332810074e-02 1.456412497755088867e-02 3.419205473546362527e-03
5.725832489429445904e-12 1.967599447687341445e-10 5.125444850451542107e-09 1.012099609329452143e-07 1.514996986460642536e-06 1.719084007496157648e-05 1.478697200679783238e-04 9.641802265574489364e-04 4.765780216669146876e-03 1.785692271358560110e-02 5.071962655573550999e-02 1.092049425902967413e-01 1.782400773516957526e-01 2.205287665839493205e-01 2.068340111711292340e-01 1.470535386614231499e-01 7.925484564440185564e-02 3.237971252455971310e-02 1.002806111934615926e-02 2.354278167838939374e-03
2.988601658373848782e-12 1.026989696822201546e-10 2.675228974693521061e-09 5.282659903980058435e-08 7.907535741791894539e-07 8.972769156575387164e-06 7.718068794961779422e-05 5.032544401849943201e-04 2.487501806117620173e-03 9.320431384221894433e-03 2.647313911407803838e-02 5.699958445003398128e-02 9.303251391747252574e-02 1.151051203032319725e-01 1.079571346062461606e-01 7.675468158116952044e-02 4.136711361436021250e-02 1.690061012563963058e-02 5.234152439296842554e-03 1.228816883774732195e-03
1.182481206614070658e-12 4.063425490231809294e-11 1.058491009365826146e-09 2.090156792855770628e-08 3.128724893496094057e-07 3.550199093682475521e-06 3.053759699230939039e-05 1.991195166463365681e-04 9.842141822115982059e-04 3.687756418958560052e-03 1.047446031985079136e-02 2.255266679924511700e-02 3.680958919474441177e-02 4.554291842884247016e-02 4.271471992063746725e-02 3.036904173397426965e-02 1.636746546124383250e-02 6.686958028643513567e-03 2.070964149631574717e-03 4.861982416968607906e-04
3.546641410716907004e-13 1.218751979516432480e-11 3.174754935376835553e-10 6.269052391674015941e-09 9.384052116809389602e-08 1.064818878432574467e-06 9.159207391281324771e-06 5.972234649225319892e-05 2.951974844185225742e-04 1.106076743965048095e-03 3.141627496276850045e-03 6.764270040395524777e-03 1.104037955270152811e-02 1.365978584362838484e-02 1.281151815947217075e-02 9.108652248767293291e-03 4.909129250311362706e-03 2.005633757514196924e-03 6.211487482515795893e-04 1.458264882498569090e-04
8.063751458882870430e-14 2.770991457762141011e-12 7.218219091556188895e-11 1.425350761890417809e-09 2.133586545245323661e-08 2.421004491308597792e-07 2.082465166635671148e-06 1.357865379904504004e-05 6.711699520694572861e-05 2.514809625476539931e-04 7.142899541470192114e-04 1.537944948189490322e-03 2.510174173676104313e-03 3.105730331004084507e-03 2.912865618068382224e-03 2.070970796131518885e-03 1.116154512672909395e-03 4.560069729426270832e-04 1.412262629585799522e-04 3.315555256912361263e-05
1.389804795155870461e-14 4.775862990037276682e-13 1.244075484851344239e-11 2.456622496061916676e-10 3.677282002777400106e-09 4.172652974575593001e-08 3.589173214344440028e-07 2.340309998131899881e-06 1.156775754445058655e-05 4.334328127811172511e-05 1.231093999445668477e-04 2.650680982143785555e-04 4.326338827579373080e-04 5.352792591016296330e-04 5.020386136996528434e-04 3.569362421160363931e-04 1.923716153402596680e-04 7.859377621591227673e-05 2.434064820358070630e-05 5.714430334512604016e-06
1.815797013534884719e-15 6.239723581748652524e-14 1.625399881968082288e-12 3.209607426366336108e-11 4.804414045657320402e-10 5.451622297001817848e-09 4.689298832743686260e-08 3.057643721021356930e-07 1.511341713290980434e-06 5.662852867964859299e-06 1.608439412042352278e-05 3.463147218937733473e-05 5.652414749207682981e-05 6.993489182593387382e-05 6.559196072803741057e-05 4.663415788430718491e-05 2.513358752547317608e-05 1.026837327318882117e-05 3.180135546345411390e-06 7.465973330662868284e-07
1.798364034841448140e-16 6.179817674071363127e-15 1.609794854919661462e-13 3.178792848822123947e-12 4.758288158750313122e-11 5.399282737767029448e-10 4.644278136030893358e-09 3.028288106135253432e-08 1.496831728039378627e-07 5.608485340837429433e-07 1.592997217903470541e-06 3.429898474045030122e-06 5.598147435650678896e-06 6.926346574138742977e-06 6.496222995675138871e-06 4.618643587864061650e-06 2.489228671235636684e-06 1.016978938349555255e-06 3.149603920393601935e-07 7.394294528996714608e-08
1.350158451037018954e-17 4.639624067688261360e-16 1.208586296042845618e-14 2.386543517209299125e-13 3.572381812324510490e-12 4.053621556425952522e-11 3.486786464166251141e-10 2.273549014248309677e-09 1.123776926272263290e-08 4.210684674372110464e-08 1.195975127705692846e-07 2.575066183048497996e-07 4.202923281359632284e-07 5.200095854179599763e-07 4.877171811437541640e-07 3.467540804680502714e-07 1.868839157100217454e-07 7.635176646870399315e-08 2.364629334301415084e-08 5.551417318386184583e-09
7.684023583338670866e-19 2.640503470282323868e-17 6.878307945382476957e-16 1.358229965884026709e-14 2.033114415090176926e-13 2.306997642653211638e-12 1.984400379091877869e-11 1.293922519237820141e-10 6.395640746651287176e-10 2.396385425357091413e-09 6.806535247265669374e-09 1.465522010694736445e-08 2.391968260327191939e-08 2.959479248413222377e-08 2.775696673993803621e-08 1.973447286789876826e-08 1.063593991178979116e-08 4.345332755014585982e-09 1.345758163174906947e-09 3.159423367136698235e-10
3.315045231885890560e-20 1.139167305253662146e-18 2.967442995258941703e-17 5.859682396044941874e-16 8.771272204626257262e-15 9.952860571422866671e-14 8.561109871038143522e-13 5.582246893580419889e-12 2.759210475097122984e-11 1.033849778300544253e-10 2.936478782553044799e-10 6.322562263228369370e-10 1.031944122791811501e-09 1.276779992267372542e-09 1.197492423661539170e-09 8.513855986382083566e-10 4.588562425505175403e-10 1.874665593388215128e-10 5.805876483484318236e-11 1.363039982262079072e-11
1.084144191339368395e-21 3.725504572533055871e-20 9.704652158276849413e-19 1.916336034169789478e-17 2.868535162005095538e-16 3.254958898277303840e-15 2.799804192362108269e-14 1.825604213808738088e-13 9.023653675933473247e-13 3.381076737901385457e-12 9.603387563086402941e-12 2.067715120786162803e-11 3.374844529270823222e-11 4.175549699656836189e-11 3.916249596832794915e-11 2.784350398828514923e-11 1.500632103707221637e-11 6.130859978098671461e-12 1.898739481639756305e-12 4.457652236895978796e-13
2.687704110366133714e-23 9.235906102503497302e-22 2.405882326708850556e-20 4.750792631668133302e-19 7.111391461800077104e-18 8.069375346802223672e-17 6.941000372593834917e-16 4.525859187875834135e-15 2.237055851894067405e-14 8.382034344245551983e-14 2.380777799939973387e-13 5.126076838854333261e-13 8.366584062920583579e-13 1.035161390934647771e-12 9.708782487340192561e-13 6.902688841034850405e-13 3.720220156599786392e-13 1.519902767071784781e-13 4.707168981842721678e-14 1.105097489374252859e-14
5.050945507473602468e-25 1.735684306020308329e-23 4.521323788110226487e-22 8.928064144900910501e-21 1.336428761534016662e-19 1.516460647541170873e-18 1.304407524403767212e-17 8.505351479834331891e-17 4.204051763552418768e-16 1.575217991864028180e-15 4.474145381747929183e-15 9.633327820690984848e-15 1.572314453161731485e-14 1.945356915177387804e-14 1.824550965202366823e-14 1.297207719281397144e-14 6.991331082285889102e-15 2.856321134282914817e-15 8.846083142135228342e-16 2.076786346289739939e-16
7.195495901725219800e-27 2.472628004435698142e-25 6.441005300806073727e-24 1.271877688443079521e-22 1.903854963855197030e-21 2.160325499129746982e-20 1.858238023383776445e-19 1.211658720636084717e-18 5.989024666871286222e-18 2.244030268790358791e-17 6.373795700320870591e-17 1.372348419740306934e-16 2.239893934157177043e-16 2.771324238172819823e-16 2.599226020786976574e-16 1.847981296564091988e-16 9.959738048204500275e-17 4.069069243636340437e-17 1.260198806369476431e-17 2.958556496278892890e-18
7.770439736483510171e-29 2.670199130347990739e-27 6.955662850184433425e-26 1.373504907126030559e-24 2.055979249476716137e-23 2.332942625698879862e-22 2.006717365134464902e-21 1.308474245344230051e-20 6.467567474130391627e-20 2.423335682298087438e-19 6.883082981136326634e-19 1.482003580947583321e-18 2.418868840896737903e-18 2.992762177491449989e-18 2.806912745399868952e-18 1.995641092041623404e-18 1.075555393981661528e-18 4.394201285511643939e-19 1.360892843887886852e-19 3.194954910029890228e-20
6.361027637506338799e-31 2.185875065221913212e-29 5.694036004096468702e-28 1.124376865501958443e-26 1.683063156214542856e-25 1.909790568107904198e-24 1.642736454199798628e-23 1.071141546664448636e-22 5.294471979136428100e-22 1.983788018801272535e-21 5.634620762668892424e-21 1.213195913872058698e-20 1.980131378692099131e-20 2.449931222569623427e-20 2.297791393416995150e-20 1.633669209403686616e-20 8.804698085056484773e-21 3.597175548594458255e-21 1.114052394102079600e-21 2.615449983849146713e-22
3.947351382307126289e-33 1.356450160565101552e-31 3.533448079859039922e-30 6.977348358155047402e-29 1.044428990847494002e-27 1.185125245249406805e-26 1.019404156494755151e-25 6.646995274697627360e-25 3.285497639124193487e-24 1.231044545703222034e-23 3.496577805314659205e-23 7.528517152473265046e-23 1.228775408668753006e-22 1.520310859985332219e-22 1.425900113934080440e-22 1.013777455383033125e-22 5.463777102919478085e-23 2.232236154803498591e-23 6.913279596353723222e-24 1.623023935351033459e-24
