5.227808736358583504e-04 5.649028651365658408e-04 4.627268326313904853e-04 2.873243350015826695e-04 1.352436726093615238e-04 4.825677789172645667e-05 1.305258424710773614e-05 2.676279754697552108e-06 4.159712660175767526e-07 4.901082065658856422e-08 4.377412125570443953e-09 2.963737382206322362e-10 1.521103686511351792e-11 5.917996979353297171e-13 1.745369887251608350e-14 3.902087807343076799e-16 6.613074517796829913e-18 8.495845664409567212e-20 8.273830732387716848e-22 6.108062447600214772e-24
2.968991516493539595e-03 3.208211889177877904e-03 2.627930955051472912e-03 1.631780266115944377e-03 7.680795853222318345e-04 2.740612202917851702e-04 7.412859546382984804e-05 1.519920159319965271e-05 2.362395455139603479e-06 2.783436007017240472e-07 2.486031934302799636e-08 1.683173885778859334e-09 8.638693893963995426e-11 3.360965121798432153e-12 9.912352669586784310e-14 2.216084440128940005e-15 3.755715469222487125e-17 4.824984037315834115e-19 4.698896706476164302e-21 3.468907625294941501e-23
1.278188902373268536e-02 1.381176338978625136e-02 1.131357959189131790e-02 7.025023196174012829e-03 3.306681062052386783e-03 1.179868680667540710e-03 3.191331047731909188e-04 6.543451098946295264e-05 1.017041523022841307e-05 1.198304877218849212e-06 1.070268611991268131e-07 7.246279316109026971e-09 3.719068446280126581e-10 1.446938563509272742e-11 4.267394874081462117e-13 9.540527557452401400e-15 1.616883647717975965e-16 2.077217471442610400e-18 2.022935259414106159e-20 1.493409194798436634e-22
4.171362646867557422e-02 4.507461595430301698e-02 3.692180649069413262e-02 2.292612562938746434e-02 1.079133596117047567e-02 3.850495129168487757e-03 1.041489180635214295e-03 2.135451766563536784e-04 3.319109571029471882e-05 3.910661558012960650e-06 3.492815891208078708e-07 2.364819379347033217e-08 1.213715998406177631e-09 4.722076263475631373e-11 1.392662034862443548e-12 3.113546065896418812e-14 5.276691136888078773e-16 6.778988108649687276e-18 6.601838400007542611e-20 4.873732920152943492e-22
1.031947664740201220e-01 1.115094721098730673e-01 9.134034897366993810e-02 5.671662669404454321e-02 2.669653752813692243e-02 9.525686911021291614e-03 2.576525751401107216e-03 5.282864738038077013e-04 8.211099491464247740e-05 9.674531811352448464e-06 8.640829166474715435e-07 5.850294118834561307e-08 3.002595305765666938e-09 1.168187948482037749e-10 3.445287442768498194e-12 7.702558765001249416e-14 1.305393358775948676e-15 1.677044539216912055e-17 1.633219716582527199e-19 1.205706080073397160e-21
1.935237258367445701e-01 2.091165012154372338e-01 1.712928402920824156e-01 1.063621081742215507e-01 5.006468434313678800e-02 1.786375884322823418e-02 4.831823164704677695e-03 9.907088335279784930e-04 1.539848018556648967e-04 1.814289140651706526e-05 1.620436299001642230e-06 1.097120284101509346e-07 5.630842053390175130e-09 2.190732069002180517e-10 6.461033686926036512e-12 1.444480104574673282e-13 2.448036805591914700e-15 3.145003556988813525e-17 3.062817771312600947e-19 2.261090759273755721e-21
2.751107623186889173e-01 2.972772450202209038e-01 2.435076302336291743e-01 1.512029625055774651e-01 7.117129135113899052e-02 2.539488267905503846e-02 6.868855735820123681e-03 1.408378539888523488e-03 2.189027523154514574e-04 2.579169382943119596e-05 2.303590753948641830e-06 1.559651646894626043e-07 8.004730392133512011e-09 3.114315657851778507e-10 9.184919809142364334e-12 2.053453761317902865e-13 3.480096659252749237e-15 4.470895350516756460e-17 4.354061127470548760e-19 3.214336638910641625e-21
2.964679588291604939e-01 3.203552536247471494e-01 2.624114356204734766e-01 1.629410397657331255e-01 7.669640873469488196e-02 2.736631954748504694e-02 7.402093696107745445e-03 1.517712747623685453e-03 2.358964499028561870e-04 2.779393564945490330e-05 2.482421418358619058e-06 1.680729377296256661e-07 8.626147738940544485e-09 3.356083922167552808e-10 9.897956753402433881e-12 2.212865974551606352e-13 3.750260965442261601e-15 4.817976612529069884e-17 4.692072400945461321e-19 3.463869658518576208e-21
2.421836195677919412e-01 2.616970656013031804e-01 2.143629670657547781e-01 1.331059549991522872e-01 6.265302310771070360e-02 2.235544896127524689e-02 6.046743974570055122e-03 1.239814137538863001e-03 1.927029696777022823e-04 2.270476703183343237e-05 2.027881214432162067e-06 1.372981841663664778e-07 7.046669362158609358e-09 2.741573001864186754e-10 8.085605615970840771e-12 1.807682332525319503e-13 3.063574824482089664e-15 3.935787933453027672e-17 3.832937231473060697e-19 2.829622785963496173e-21
1.499714489713910581e-01 1.620550893979953444e-01 1.327435969205129351e-01 8.242544633517570607e-02 3.879768860780137552e-02 1.384354185106208973e-02 3.744427294643920632e-03 7.677510270667643050e-04 1.193307112810962887e-04 1.405985597373892625e-05 1.255759099698836993e-06 8.502147113548753099e-08 4.363627963572555601e-09 1.697710506945855484e-10 5.006985989401031048e-12 1.119401630765203942e-13 1.897109128519095419e-15 2.437224368342728117e-17 2.373534392814293367e-19 1.752235060367583432e-21
7.039944392486162383e-02 7.607173403378227061e-02 6.231236326570917250e-02 3.869206857074397599e-02 1.821237123660911922e-02 6.498421232505617942e-03 1.757705224347682824e-03 3.603969005363958028e-04 5.601610023085094956e-05 6.599963186350772004e-06 5.894771500090479462e-07 3.991069187278304327e-08 2.048369767962206687e-09 7.969375268034029147e-11 2.350374233302549361e-12 5.254683666454855219e-14 8.905390234510606169e-16 1.144079365961057450e-17 1.114182082901231942e-19 8.225323868082117648e-22
2.505109358431861777e-02 2.706953382239263295e-02 2.217336894443951850e-02 1.376827112116262714e-02 6.480730397921882595e-03 2.312412561377221419e-03 6.254657084475839790e-04 1.282444289257696722e-04 1.993289280252475906e-05 2.348545474461368301e-06 2.097608507597752724e-07 1.420190872795955279e-08 7.288964215012603424e-10 2.835840093583057923e-11 8.363623573429958190e-13 1.869838239416318927e-14 3.168913726189505682e-16 4.071117279728528572e-18 3.964730127487961304e-20 2.926917408617298902e-22
6.757420880417734470e-03 7.301886141574022958e-03 5.981167480375177044e-03 3.713929791058557563e-03 1.748148150254351862e-03 6.237629855876693479e-04 1.687165881211143516e-04 3.459336331579216371e-05 5.376809023428221039e-06 6.335096779036476824e-07 5.658205491298704266e-08 3.830901603440368006e-09 1.966165621367360907e-10 7.649552302937966983e-12 2.256050195206945490e-13 5.043805341074900549e-15 8.548003586957074771e-17 1.098165747537972071e-18 1.069468287223959924e-20 7.895229302336514428e-23
1.381758258413087227e-03 1.493090582436573232e-03 1.223029867047336532e-03 7.594248235791874581e-04 3.574615502407759013e-04 1.275471325348148731e-04 3.449918883152616988e-05 7.073655214580216818e-06 1.099450574931876935e-06 1.295401373865388810e-07 1.156990559527936302e-08 7.833432342598771930e-10 4.020417897315148424e-11 1.564181402164488220e-12 4.613174232872336593e-14 1.031357940727743942e-15 1.747896831977772347e-17 2.245530680446779580e-19 2.186850078060034887e-21 1.614417465424183515e-23
2.141805294650298561e-04 2.314376842247257060e-04 1.895767098773017188e-04 1.177152441917597698e-04 5.540860973893396013e-05 1.977054395131832318e-05 5.347573994988422813e-06 1.096457509761398051e-06 1.704212041619960703e-07 2.007947124143555012e-08 1.793402348905309958e-09 1.214227363180857471e-10 6.231880494831156545e-12 2.424571728485274543e-13 7.150687131378391613e-15 1.598664516517712425e-16 2.709341280530481454e-18 3.480702555166327892e-20 3.389744224271644575e-22 2.502440534853464193e-24
2.516661041274420466e-05 2.719435818120145224e-05 2.227561586820555052e-05 1.383176004660481920e-05 6.510614659019282596e-06 2.323075671321013404e-06 6.283498865249055714e-07 1.288357959111227958e-07 2.002480833308412663e-08 2.359375202261866132e-09 2.107281102578912758e-10 1.426739726435103554e-11 7.322575443432295073e-13 2.848916858173399366e-14 8.402190323663643500e-16 1.878460528992594092e-17 3.183526376211011246e-19 4.089890214918754590e-21 3.983012485036509950e-23 2.940414153378918980e-25
2.241642148713315096e-06 2.422257845073891717e-06 1.984135272878483525e-06 1.232023534470778422e-06 5.799139413028719944e-07 2.069211647527478469e-07 5.596842668411888397e-08 1.147567136141427349e-08 1.783651180796906445e-09 2.101544392065194721e-10 1.876998952682114132e-11 1.270826644338671514e-12 6.522369712060514044e-14 2.537589291018482549e-15 7.484005061523046555e-17 1.673183725350532744e-18 2.835632923709657731e-20 3.642949979759453898e-22 3.547751770650801769e-24 2.619087828192212834e-26
1.513577492732707626e-07 1.635530879896902959e-07 1.339706470673618228e-07 8.318736750030903341e-08 3.915632518695108799e-08 1.397150824985889512e-08 3.779039887404301382e-09 7.748479344307402691e-10 1.204337759124454136e-10 1.418982192868873734e-11 1.267367037282560538e-12 8.580738933464977722e-14 4.403964299619723971e-15 1.713403737920325761e-16 5.053269373579941011e-18 1.129749112431203940e-19 1.914645552789199504e-21 2.459753489057073858e-23 2.395474778586705991e-25 1.768432303308238036e-27
7.747112410367695764e-09 8.371320026906944967e-09 6.857168975515666352e-09 4.257871765679553900e-09 2.004181842401331300e-09 7.151192817925423727e-10 1.934268113231953356e-10 3.965990560640723669e-11 6.164296208674638767e-12 7.262934741859698777e-13 6.486905989395932072e-14 4.391975263952445661e-15 2.254130141615784134e-16 8.769905357172920777e-18 2.586471195889129813e-19 5.782520823374370490e-21 9.799943772081410885e-23 1.259003048936366215e-24 1.226102559995527196e-26 9.051564197825888525e-29
3.005881625131275906e-10 3.248074342292748648e-10 2.660583341522020514e-10 1.652055349744690235e-10 7.776230748160758965e-11 2.774664668658467257e-11 7.504965297599596373e-12 1.538805366464048548e-12 2.391748528228990942e-13 2.818020564135258764e-14 2.516921206846650472e-15 1.704087541866345305e-16 8.746030797577921746e-18 3.402725553844810786e-19 1.003551495038323732e-20 2.243619579684790929e-22 3.802380726062200904e-24 4.884935096226946290e-26 4.757281113779626466e-28 3.512009257091625665e-30
