3.852734807589115718e-04 1.723522744805541579e-03 5.844693493751344261e-03 1.502461257889855205e-02 2.927801594140058000e-02 4.324907497232912540e-02 4.842937034410342567e-02 4.110906901517526885e-02 2.645229028312352099e-02 1.290285265162498599e-02 4.770951645769874912e-03 1.337276188318890519e-03 2.841410805113667951e-04 4.576608502511216308e-05 5.587921777113484640e-06 5.171942552391779811e-07 3.628723573034292706e-08 1.929971514848524548e-09 7.781166917992964638e-11 2.378128861676732981e-12
9.137701933264204658e-04 4.087755296889881811e-03 1.386211865192153551e-02 3.563453968809699585e-02 6.943996829028781237e-02 1.025757483250809843e-01 1.148620844986217304e-01 9.750020133093989516e-02 6.273806948332838473e-02 3.060226761186175815e-02 1.131547751254172868e-02 3.171677216723945997e-03 6.739099965027739491e-04 1.085454526452579575e-04 1.325312178898989188e-05 1.226652542153426729e-06 8.606404557947224609e-08 4.577398996587518520e-09 1.845493851524355823e-10 5.640313642685686445e-12
1.642864245180509532e-03 7.349360998371548721e-03 2.492265480097188846e-02 6.406721468329566738e-02 1.248458769215182312e-01 1.844205803348100969e-01 2.065101413110756734e-01 1.752952720873904580e-01 1.127965564192916492e-01 5.501971025992271475e-02 2.034405757406684834e-02 5.702347411487563612e-03 1.211620433463440980e-03 1.951534909216790068e-04 2.382774146406892244e-05 2.205394329429341265e-06 1.547342475282426582e-07 8.229689699160982691e-09 3.318006962267776348e-10 1.014070023606255309e-11
2.239046884731225959e-03 1.001638686607421794e-02 3.396689212456291407e-02 8.731670792085338695e-02 1.701514733263608803e-01 2.513453726260937438e-01 2.814510632417864255e-01 2.389085610857998587e-01 1.537295482569074612e-01 7.498593460639770003e-02 2.772675762323997123e-02 7.771684875851405348e-03 1.651308052373455819e-03 2.659731728744259521e-04 3.247464326514857343e-05 3.005714755433199043e-06 2.108861008483847774e-07 1.121617999616662215e-08 4.522085847431589583e-10 1.382068137349610691e-11
2.313244385758708721e-03 1.034830973908561734e-02 3.509248647030847185e-02 9.021020763711841417e-02 1.757899502171544337e-01 2.596744516957874005e-01 2.907777842213586372e-01 2.468255092870725587e-01 1.588238356488016478e-01 7.747081734732916281e-02 2.864556648841748432e-02 8.029222849037027238e-03 1.706029073066766145e-03 2.747869877624522974e-04 3.355078749127636008e-05 3.105318084499414120e-06 2.178744411958258061e-07 1.158786159536186578e-08 4.671938658285729315e-10 1.427867089904086297e-11
1.811659874231599191e-03 8.104469046089367995e-03 2.748332602325596896e-02 7.064978280220302054e-02 1.376731317547908173e-01 2.033688214684898354e-01 2.277279682315234699e-01 1.933059359681554013e-01 1.243858071753691508e-01 6.067269505813521757e-02 2.243430210019862342e-02 6.288233507197275342e-03 1.336108037255160242e-03 2.152044819626469110e-04 2.627591612067441641e-05 2.431986955225290409e-06 1.706323746704563519e-07 9.075246873918592770e-09 3.658914662970908309e-10 1.118260365588931363e-11
1.075545118302099036e-03 4.811456191603855591e-03 1.631628406604493375e-02 4.194331953962512904e-02 8.173370006499217078e-02 1.207358766711433412e-01 1.351973999182138897e-01 1.147617490052048050e-01 7.384528939256729263e-02 3.602012823278272213e-02 1.331878265318280075e-02 3.733194595524343823e-03 7.932197966262836660e-04 1.277624643035325661e-04 1.559946969874431610e-05 1.443820517676573751e-06 1.013009230990136254e-07 5.387786974511158106e-09 2.172222203525631592e-10 6.638881250875133253e-12
4.840357297567547635e-04 2.165336134454457460e-03 7.342941109987237598e-03 1.887607031663432813e-02 3.678323715432089275e-02 5.433568260213485906e-02 6.084391162867760355e-02 5.164710060289012805e-02 3.323315584999046030e-02 1.621041159352808181e-02 5.993952807095706548e-03 1.680077887593599837e-03 3.569787232390792854e-04 5.749791114510146076e-05 7.020347701796043754e-06 6.497735018449133750e-07 4.558922299296006474e-08 2.424706649311338393e-09 9.775816389155231154e-11 2.987746098563194382e-12
1.651288771286140529e-04 7.387048155890571944e-04 2.505045693471992085e-03 6.439574817241250360e-03 1.254860803664413493e-02 1.853662798945904591e-02 2.075691150404366386e-02 1.761941775205241867e-02 1.133749715482149437e-02 5.530184859653127817e-03 2.044838088905162523e-03 5.731588765283157942e-04 1.217833562759895277e-04 1.961542283129136724e-05 2.394992893670468817e-06 2.216703481817307773e-07 1.555277170504874192e-08 8.271891138455292497e-10 3.335021536876891205e-11 1.019270124230433476e-12
4.270369493829462770e-05 1.910351819917874066e-04 6.478255588039710713e-04 1.665327369201513412e-03 3.245173944226052449e-03 4.793725486487580671e-03 5.367909187921567765e-03 4.556527324339437572e-03 2.931970641853199819e-03 1.430151596168520748e-03 5.288120616165687586e-04 1.482236313844563893e-04 3.149418433288876315e-05 5.072710765305479602e-06 6.193649935076356486e-07 5.732578753167009540e-08 4.022075544182674146e-09 2.139179541954071424e-10 8.624641843383260455e-12 2.635916939649063184e-13
8.371527335631558746e-06 3.745006726988066748e-05 1.269981293676039158e-04 3.264666819625469544e-04 6.361759192553044723e-04 9.397501552882508383e-04 1.052311716042522369e-03 8.932504109159189682e-04 5.747763141107590373e-04 2.803634017787408101e-04 1.036670160657431864e-04 2.905739617413784755e-05 6.174042443801843319e-06 9.944417432465669228e-07 1.214187901392286215e-07 1.123800640790985985e-08 7.884777982971658591e-10 4.193594965767951800e-11 1.690753576622425191e-12 5.167386744077281245e-14
1.244058390860981800e-06 5.565301116213643861e-06 1.887267187087274419e-05 4.851487652717678548e-05 9.453949783388640319e-05 1.396524217299303938e-04 1.563797342656895117e-04 1.327422851634437319e-04 8.541515398201735758e-05 4.166365687998534634e-05 1.540553067815772753e-05 4.318100637759052358e-06 9.174991611210073691e-07 1.477799146211569703e-07 1.804354911892555113e-08 1.670034105820069400e-09 1.171724563096321503e-10 6.231929725452420868e-12 2.512559643594184341e-13 7.679041804512199880e-15
1.401437225845968465e-07 6.269336081489006910e-07 2.126014751824677941e-06 5.465222088607243289e-06 1.064991583598410261e-05 1.573190647075785992e-05 1.761624555388955100e-05 1.495347656014475089e-05 9.622054504927256163e-06 4.693429194756315350e-06 1.735439777978629170e-06 4.864359280207602540e-07 1.033566823328560374e-07 1.664747210451246882e-08 2.032613710691031500e-09 1.881300734372177487e-10 1.319952852072189170e-11 7.020296129396898811e-13 2.830409442642193162e-14 8.650474224303021625e-16
1.196749771552335152e-08 5.353665783194650108e-08 1.815498847639942415e-07 4.666996969539876643e-07 9.094438272875164220e-07 1.343417680631201855e-06 1.504329801821912429e-06 1.276944077638860112e-06 8.216701624780047039e-07 4.007928584336769204e-07 1.481969452170831351e-07 4.153893410261646436e-08 8.826088224935443023e-09 1.421601914846584138e-09 1.735739531576415241e-10 1.606526630346977402e-11 1.127166629403393606e-12 5.994944071800242671e-14 2.417012900336576650e-15 7.387025876599501328e-17
7.746934367443374227e-10 3.465594766217388851e-09 1.175229003686561820e-08 3.021092635696521530e-08 5.887113420321880922e-08 8.696361467788925540e-08 9.737995793879968149e-08 8.266057111949204337e-08 5.318927123877264972e-08 2.594457122977560098e-08 9.593250279573048392e-09 2.688944705367365584e-09 5.713402068265994575e-10 9.202472390417079885e-11 1.123598311839022282e-11 1.039954772559046514e-12 7.296500995219614573e-14 3.880714194788484242e-15 1.564607802672354470e-16 4.781852146283830476e-18
3.801484459137483734e-11 1.700595877100653113e-10 5.766945454213891535e-10 1.482475022956095952e-09 2.888855012194847439e-09 4.267376152013484392e-09 4.778514689520687175e-09 4.056222262766892282e-09 2.610041319786872678e-09 1.273121465227102702e-09 4.707486874249658761e-10 1.319487299633268935e-10 2.803613421922515611e-11 4.515728947547198634e-12 5.513589399594685532e-13 5.103143667646374305e-14 3.580453095869253983e-15 1.904298397549382144e-16 7.677659270614284223e-18 2.346494207616517323e-19
1.414078051901324978e-12 6.325884876845039370e-12 2.145191195958821029e-11 5.514517854769218737e-11 1.074597703023818371e-10 1.587380672112115624e-10 1.777514235760531612e-10 1.508835544921208916e-10 9.708844490984978385e-11 4.735763464861239310e-11 1.751093274231189577e-11 4.908235322885688209e-12 1.042889494504502539e-12 1.679763066691791477e-13 2.050947686612830252e-14 1.898269882117381162e-15 1.331858697083730179e-16 7.083618510586831534e-18 2.855939457665358927e-19 8.728500651708515432e-21
3.987405129226743169e-14 1.783767577108949827e-13 6.048991685032607698e-13 1.554979002025663066e-12 3.030141361101779846e-12 4.476082367239018096e-12 5.012219354805214005e-12 4.254601493099375919e-12 2.737691619650397553e-12 1.335386508913154865e-12 4.937717754713515248e-13 1.384019975107561176e-13 2.940730827419772265e-14 4.736581448956590918e-15 5.783244647903201628e-16 5.352725087865002101e-17 3.755563699624874717e-18 1.997432655476248259e-19 8.053153520729802245e-21 2.461255106978345106e-22
8.523229139367452486e-16 3.812870600891829203e-15 1.292994830541829242e-14 3.323826376212709950e-14 6.477041662017862539e-14 9.567795201702756128e-14 1.071380827211355081e-13 9.094371463933309260e-14 5.851919288605486057e-14 2.854439124246707939e-14 1.055455828665892437e-14 2.958394995993552782e-15 6.285923267636737793e-16 1.012462183258591069e-16 1.236190397153307605e-17 1.144165214352368763e-18 8.027659322793921426e-20 4.269587779855436900e-21 1.721391996227760036e-22 5.261025796815111002e-24
1.381067116233248763e-17 6.178210299453493542e-17 2.095112794366825063e-16 5.385784229422648629e-16 1.049511764099944660e-15 1.550324074580328731e-15 1.736019066518010095e-15 1.473612543588188095e-15 9.482196435403905053e-16 4.625209466185151856e-16 1.710214888949180322e-16 4.793655056068235310e-17 1.018543767643307164e-17 1.640549848964795189e-18 2.003069351997330594e-19 1.853955733492439359e-20 1.300767130596790682e-21 6.918255025427179635e-23 2.789268998009932198e-24 8.524738226356548994e-26
