3.037685083965902501e-24 5.012698117981581618e-22 6.270427807756844065e-20 5.945927548298525591e-18 4.274042863055791659e-16 2.328922051005947786e-14 9.619840072451871310e-13 3.012156764985152786e-11 7.149638911000862524e-10 1.286433869902249157e-08 1.754638452799513860e-07 1.814197812128858947e-06 1.421930777205015387e-05 8.448295374086562976e-05 3.805016496284118225e-04 1.299094720525607698e-03 3.362187359927177894e-03 6.596291261249688335e-03 9.810125333185475138e-03 1.105977030607701618e-02
1.062783270857303424e-23 1.753773532934302453e-21 2.193810612686016704e-19 2.080278947089231727e-17 1.495343041897000051e-15 8.148110572766613135e-14 3.365656680901450326e-12 1.053851775460016033e-10 2.501416841195975591e-09 4.500797015506800790e-08 6.138886495777357320e-07 6.347264550014521250e-06 4.974854866646116026e-05 2.955772814711266723e-04 1.331246579486516837e-03 4.545093049708485641e-03 1.176315641960267236e-02 2.307819213769777417e-02 3.432231057839289778e-02 3.869439568593184553e-02
2.818665176547438322e-23 4.651277941969235394e-21 5.818324156467202224e-19 5.517220666199664263e-17 3.965880414910613766e-15 2.161004614571030353e-13 8.926240695357064040e-12 2.794977473004156513e-10 6.634143325027045322e-09 1.193680796658027929e-07 1.628127395575867719e-06 1.683392469946225448e-05 1.319408251475550069e-04 7.839165454582034060e-04 3.530671283496671867e-03 1.205428788227627494e-02 3.119770537926203069e-02 6.120692553217071258e-02 9.102806212589648061e-02 1.026235062577757345e-01
5.666815717211093568e-23 9.351211760083603610e-21 1.169751237288981816e-18 1.109215562269743228e-16 7.973246930777030063e-15 4.344614967648204960e-13 1.794585660224379778e-11 5.619192518875707658e-10 1.333768479395746101e-08 2.399848394948552688e-07 3.273286231950571916e-06 3.384394495060555769e-05 2.652618508608375501e-04 1.576033449359781277e-03 7.098276052117682283e-03 2.423467270942124621e-02 6.272176229199144526e-02 1.230541216792285925e-01 1.830083464521827241e-01 2.063205318090341189e-01
8.636375346147045888e-23 1.425149126626839235e-20 1.782731475838327723e-18 1.690473524038225854e-16 1.215143683119358508e-14 6.621306826890206423e-13 2.734995476461082328e-11 8.563796346487843039e-10 2.032698042030295723e-08 3.657431712429947536e-07 4.988573817327740100e-06 5.157905715903847714e-05 4.042659975848552235e-04 2.401916191736100988e-03 1.081795833071939536e-02 3.693427497102292484e-02 9.558960597223067901e-02 1.875376994322478508e-01 2.789095058514847736e-01 3.144378859731887799e-01
9.977477281979999524e-23 1.646453803179899680e-20 2.059563426453320589e-18 1.952979173074594091e-16 1.403837606256168840e-14 7.649498290019207930e-13 3.159700005961712935e-11 9.893627832271690188e-10 2.348346120057241628e-08 4.225377008126801945e-07 5.763225883191035701e-06 5.958852532501895141e-05 4.670425549046283557e-04 2.774898412325066052e-03 1.249782798408735629e-02 4.266962408184198086e-02 1.104332643910436867e-01 2.166595429915883775e-01 3.222200456587319128e-01 3.632654601204824973e-01
8.737894677821853106e-23 1.441901546603193976e-20 1.803687224138856477e-18 1.710344793580821852e-16 1.229427519758558623e-14 6.699139322229795436e-13 2.767144949101581336e-11 8.664462522614931678e-10 2.056592110832635371e-08 3.700424288390392491e-07 5.047213774444876025e-06 5.218536144773968142e-05 4.090180853819626013e-04 2.430150365999118878e-03 1.094512185196566852e-02 3.736843198257807502e-02 9.671324783868669173e-02 1.897421777170744672e-01 2.821880463846294096e-01 3.181340574291317558e-01
5.800823921819022884e-23 9.572348137444765453e-21 1.197413379657738214e-18 1.135446163976357120e-16 8.161797354755723600e-15 4.447355921400959081e-13 1.837023814973515723e-11 5.752074535581123754e-10 1.365309282592089203e-08 2.456599733052158805e-07 3.350692527302528462e-06 3.464428265806012753e-05 2.715347325211452827e-04 1.613303306628881967e-03 7.266135265655671027e-03 2.480777145501600681e-02 6.420499929387014915e-02 1.259640913586299593e-01 1.873361067253530576e-01 2.111995759532629413e-01
2.919237168669286869e-23 4.817238870010091645e-21 6.025926129236221189e-19 5.714079050796872110e-17 4.107385868329930015e-15 2.238110806849657429e-13 9.244735356007355767e-12 2.894704270899342855e-10 6.870854309989496126e-09 1.236272182352352596e-07 1.686220147053995146e-06 1.743457118856667266e-05 1.366485682799068390e-04 8.118872492118795001e-04 3.656648163426630925e-03 1.248439350674629064e-02 3.231086184982452647e-02 6.339083246927072757e-02 9.427600857344396734e-02 1.062851864561723259e-01
1.113642755589223809e-23 1.837700351004714827e-21 2.298795401607868393e-19 2.179830679082787359e-17 1.566902670933120878e-15 8.538038337564169039e-14 3.526720153830519762e-12 1.104283843552770437e-10 2.621122123666550935e-09 4.716182619861478671e-08 6.432662858808670820e-07 6.651012843126561585e-06 5.212926505588662404e-05 3.097221298577190469e-04 1.394953373656508937e-03 4.762598440417490503e-03 1.232608217382476917e-02 2.418259883363754054e-02 3.596480447032055633e-02 4.054611567491141905e-02
3.220469807868772235e-24 5.314324065430840694e-22 6.647734336877811997e-20 6.303708126344255090e-18 4.531222170020928382e-16 2.469058820393736084e-14 1.019868869007658611e-12 3.193405389322864524e-11 7.579849659722165930e-10 1.363841650244774144e-08 1.860219214556952034e-07 1.923362401949420556e-06 1.507491728171365806e-05 8.956649365602471161e-05 4.033973373147455260e-04 1.377264334310899499e-03 3.564498156243062470e-03 6.993205768067607513e-03 1.040042386674440607e-02 1.172526294469715402e-02
7.059751056882802397e-25 1.164979247620130518e-22 1.457282704404772993e-20 1.381867018237637394e-18 9.933116101760801572e-17 5.412545888239763300e-15 2.235704960893091389e-13 7.000421807166931532e-12 1.661616311865031098e-10 2.989744697562648121e-09 4.077878492732387005e-08 4.216297795046520026e-07 3.304647134153007364e-06 1.963431381050129200e-05 8.843072434627567387e-05 3.019169226800747061e-04 7.813912605020465699e-04 1.533015204535824461e-03 2.279928326167666303e-03 2.570352849258167836e-03
1.173157608702655626e-25 1.935910002086834019e-23 2.421646710950906551e-21 2.296324323051336178e-19 1.650640460125941412e-17 8.994324785787142875e-16 3.715193729287278654e-14 1.163298541412328689e-12 2.761199089461434444e-11 4.968222975234425002e-10 6.776434668259109745e-09 7.006453625574626916e-08 5.491513650087345432e-07 3.262741767075282286e-06 1.469501916909352545e-05 5.017119331607373158e-05 1.298480775378079420e-04 2.547495566015290508e-04 3.788682124325965569e-04 4.271296505870326478e-04
1.477815289966950539e-26 2.438647100663344648e-24 3.050524933558591793e-22 2.892657533953211681e-20 2.079295818495984990e-18 1.133006391704167836e-16 4.679993598133500558e-15 1.465395918282887577e-13 3.478255779768070745e-12 6.258422416819000141e-11 8.536209192974303818e-10 8.825961848185765609e-09 6.917606617354483314e-08 4.110044238582525519e-07 1.851117348031275193e-06 6.320016683894110305e-06 1.635683670588729781e-05 3.209055518758165756e-05 4.772566218400105405e-05 5.380510885777674648e-05
1.411174658715762709e-27 2.328678701168223506e-25 2.912964503239605270e-23 2.762215979203526581e-21 1.985532012664995795e-19 1.081914579576222641e-17 4.468953876357371922e-16 1.399315326418481323e-14 3.321407246402293449e-13 5.976204995382843398e-12 8.151277210625736833e-11 8.427963754002322779e-10 6.605663930837670553e-09 3.924705824242820724e-08 1.767643026557995802e-07 6.035021729387880709e-07 1.561924119530267784e-06 3.064346307165874023e-06 4.557352025096292945e-06 5.137882023891877498e-06
1.021499602041564866e-28 1.685648443184758795e-26 2.108592343578784162e-24 1.999470799792457167e-22 1.437256648743862217e-20 7.831598347194256247e-19 3.234918213735192481e-17 1.012915049344752414e-15 2.404249650787762449e-14 4.325964179414864841e-13 5.900422300923550516e-12 6.100705938532697271e-11 4.781607319048456554e-10 2.840956229502247000e-09 1.279534490665929248e-08 4.368539540309035411e-08 1.130621823928780961e-07 2.218172296359218077e-07 3.298906518230537394e-07 3.719131724997323047e-07
5.605217303094112454e-30 9.249563878232891299e-28 1.157036015068239999e-25 1.097158364196029811e-23 7.886577557568551355e-22 4.297388905374297685e-20 1.775078473793203715e-18 5.558111769994260575e-17 1.319270386069654532e-15 2.373761988997332957e-14 3.237705537094624846e-13 3.347606050889231530e-12 2.623784485844721646e-11 1.558901930369153056e-10 7.021117632011201602e-10 2.397124127278402990e-09 6.203997532721129779e-09 1.217165206129063866e-08 1.810190416160686331e-08 2.040778229945231537e-08
2.331543516359627483e-31 3.847444179825681137e-29 4.812801490564446749e-27 4.563734699543014751e-25 3.280497039867805835e-23 1.787539839725794450e-21 7.383607954534530336e-20 2.311949521275229353e-18 5.487630806513045836e-17 9.873889049354956888e-16 1.346754451201654807e-14 1.392468616509921930e-13 1.091388143492541242e-12 6.484401035418035178e-12 2.920500741956495597e-11 9.971066088338717687e-11 2.580611855126859145e-10 5.062914586954881006e-10 7.529659422563265557e-10 8.488811393146312114e-10
7.351761620126779664e-33 1.213165967452615259e-30 1.517559892635662121e-28 1.439024807948995541e-26 1.034397688201665826e-24 5.636423552009163926e-23 2.328179817246738553e-21 7.289978350788008704e-20 1.730345295537909618e-18 3.113408694502002491e-17 4.246550671950710753e-16 4.390695374226804470e-15 3.441336354947239455e-14 2.044644259358688573e-13 9.208846035089773429e-13 3.144050302541710229e-12 8.137117347304766523e-12 1.596424895576080018e-11 2.374232381553730253e-11 2.676669655219171789e-11
1.757260419621455810e-34 2.899779191969351317e-32 3.627359089599599092e-30 3.439640005382178772e-28 2.472476951168324779e-26 1.347250431658747988e-24 5.564949537276597883e-23 1.742492626619761630e-21 4.135971019248779136e-20 7.441848840658369312e-19 1.015035008113776232e-17 1.049489305341592448e-16 8.225680428208601313e-16 4.887226510909795821e-15 2.201151436078838858e-14 7.515090177611300990e-14 1.944980670359020369e-13 3.815866763435406801e-13 5.675027029801925024e-13 6.397930026242310570e-13
