5.313303545892710913e-09 1.162978036635873660e-08 1.929635221720779789e-08 2.427033338153397568e-08 2.314051848625537066e-08 1.672504321318631751e-08 9.163433468513257429e-09 3.805800622734366387e-09 1.198203693875427771e-09 2.859644817015218050e-10 5.173570301620063106e-11 7.095212948274479535e-12 7.376278971191016409e-13 5.813076680047302773e-14 3.472734563555673676e-15 1.572656762357623712e-16 5.398748835065637914e-18 1.404911991423816527e-19 2.771417371421235764e-21 4.144303662964968195e-23
9.343979356548667176e-08 2.045213994002918893e-07 3.393457859445294978e-07 4.268182537188451734e-07 4.069493210162044282e-07 2.941267276969409188e-07 1.611482054908822586e-07 6.692883654550383329e-08 2.107161859624428821e-08 5.028973388487662233e-09 9.098244374793954846e-10 1.247764648610050443e-10 1.297192939188131811e-11 1.022288074212977813e-12 6.107153448389205057e-14 2.765675289484585961e-15 9.494243502244493021e-17 2.470679217222515842e-18 4.873816540551042514e-20 7.288175339417288410e-22
1.245649713297727427e-06 2.726483148185417978e-06 4.523832564702151099e-06 5.689931613584970004e-06 5.425058058323628476e-06 3.921015448007372945e-06 2.148273324549646502e-06 8.922310599480089291e-07 2.809066101450135528e-07 6.704145012008439274e-08 1.212890682280023834e-08 1.663400161211658663e-09 1.729293217732848389e-10 1.362816416817762105e-11 8.141471263760496596e-13 3.686933050645763649e-14 1.265681488076181853e-15 3.293672579046269027e-17 6.497304782836712933e-19 9.715896381605421055e-21
1.258800230939216802e-05 2.755267054573124508e-05 4.571591368251958182e-05 5.750001106047039883e-05 5.482331239492047216e-05 3.962410217557044595e-05 2.170952979954888883e-05 9.016504819322747289e-06 2.838721848911782771e-06 6.774921712962450626e-07 1.225695357739140183e-07 1.680960935265028340e-08 1.747549635026034017e-09 1.377203881560176969e-10 8.227422041365814517e-12 3.725856575941764192e-13 1.279043484277654325e-14 3.328444392416950206e-16 6.565897839341027221e-18 9.818468609901445945e-20
9.643052136811638725e-05 2.110675165531569958e-04 3.502072277136435174e-04 4.404794270729174717e-04 4.199745493710972666e-04 3.035408429090345468e-04 1.663060766731178227e-04 6.907102805317260827e-05 2.174605796706792160e-05 5.189935757492620881e-06 9.389451914628114431e-07 1.287701856124547069e-07 1.338712198173715427e-08 1.055008452214484904e-09 6.302625130378984945e-11 2.854196268242009082e-12 9.798125787549367007e-14 2.549758255653277961e-15 5.029812803776180462e-17 7.521447993243964443e-19
5.599755116097973780e-04 1.225676672584520175e-03 2.033665987968377720e-03 2.557879901811892839e-03 2.438807338284620235e-03 1.762672610195551706e-03 9.657453786165964664e-04 4.010979482713694665e-04 1.262801420425734131e-04 3.013814391741767817e-05 5.452488553450786886e-06 7.477731069518459911e-07 7.773949963506725593e-08 6.126472089953884520e-09 3.659957119173748246e-10 1.657442055552388778e-11 5.689806943752791350e-13 1.480653804867667217e-14 2.920830415656481958e-16 4.367731946594917952e-18
2.465019589618956675e-03 5.395444882534683462e-03 8.952224508304967507e-03 1.125982107276959736e-02 1.073566207725014897e-02 7.759308084251578287e-03 4.251223897327720096e-03 1.765638459800815841e-03 5.558868512302309528e-04 1.326685071238571873e-04 2.400192654459317829e-05 3.291707081846401834e-06 3.422103029768698917e-07 2.696881096385048748e-08 1.611117952282038368e-09 7.296081794451588436e-11 2.504660522954059887e-12 6.517857582647153770e-14 1.285753402296123451e-15 1.922681365049289500e-17
8.225617948683629221e-03 1.800426595139998850e-02 2.987301963289539647e-02 3.757332668072502907e-02 3.582424052349281185e-02 2.589233128855251975e-02 1.418607127545674917e-02 5.891826363971722734e-03 1.854960049880755024e-03 4.427066048557257399e-04 8.009294474560763705e-05 1.098422299290135082e-05 1.141934620822276542e-06 8.999325459851455137e-08 5.376200984993440715e-09 2.434657380259675216e-10 8.357897292067729117e-12 2.174968772847510520e-13 4.290479600262692582e-15 6.415868828204229322e-17
2.080719382569675563e-02 4.554287029585702556e-02 7.556559440740516498e-02 9.504398281069958987e-02 9.061956449727698315e-02 6.549620455035626287e-02 3.588451791647034178e-02 1.490372807335752989e-02 4.692232673287445935e-03 1.119852902555894996e-03 2.025999062671488124e-04 2.778525069652050138e-05 2.888592096053414626e-06 2.276433336824537699e-07 1.359942275930313969e-08 6.158611830292125015e-10 2.114180235652083197e-11 5.501713926394837381e-13 1.085302541460128722e-14 1.622932490926774569e-16
3.989838445461173222e-02 8.732974582985469914e-02 1.448991710494122176e-01 1.822495334087568253e-01 1.737655857733505504e-01 1.255908303329556497e-01 6.880958113782517649e-02 2.857832139495130111e-02 8.997489268260038323e-03 2.147349710541361211e-03 3.884910679657359897e-04 5.327900646979335202e-05 5.538957292672425905e-06 4.365125505090953040e-07 2.607727895250209025e-08 1.180931290255268695e-09 4.054000580521041052e-11 1.054969253583344261e-12 2.081098412956865681e-14 3.112019093459307809e-16
5.799545075821149059e-02 1.269406780057493467e-01 2.106223811909385957e-01 2.649140807327316494e-01 2.525819932547491153e-01 1.825561840616311826e-01 1.000201569342147462e-01 4.154084567255366539e-02 1.307856077226697208e-02 3.121342282418314903e-03 5.647024286871238190e-04 7.744524091396331339e-05 8.051311583416502705e-06 6.345054436274397303e-07 3.790538308934383812e-08 1.716576834601984000e-09 5.892809803084449003e-11 1.533481072829448648e-12 3.025040792539683688e-14 4.523565366378450918e-16
6.390419451349572955e-02 1.398737603191378964e-01 2.320811967241353246e-01 2.919042911673796481e-01 2.783157750571076949e-01 2.011555345013716078e-01 1.102104989345123048e-01 4.577314681424578952e-02 1.441104225626158204e-02 3.439353634657568281e-03 6.222359404622081723e-04 8.533558537450823382e-05 8.871602423791143073e-06 6.991506878442307118e-07 4.176729282006703778e-08 1.891466632324334885e-09 6.493186257958771395e-11 1.689716546378979529e-12 3.333240671301180054e-14 4.984439249773925807e-16
5.337791692047705316e-02 1.168338012005284421e-01 1.938528594540003258e-01 2.438219137457804386e-01 2.324716934741912211e-01 1.680212619915082417e-01 9.205666233142724419e-02 3.823340934723186424e-02 1.203726018531949341e-02 2.872824451799037369e-03 5.197414440129176838e-04 7.127913623132853846e-05 7.410275033333214689e-06 5.839868198755314555e-07 3.488739828606941117e-08 1.579904879901755674e-09 5.423630784569405753e-11 1.411387000781692739e-12 2.784190380352810385e-14 4.163404080046897409e-16
3.379797630021585259e-02 7.397714770178223653e-02 1.227442869176848111e-01 1.543838301994853168e-01 1.471970664988164479e-01 1.063881649630811915e-01 5.828869074058922600e-02 2.420873532624632021e-02 7.621785523572737094e-03 1.819022890706629763e-03 3.290913175416506861e-04 4.513271959704585131e-05 4.692058334307119099e-06 3.697703813956785380e-07 2.209009883629282698e-08 1.000368518821504153e-09 3.434149462802972384e-11 8.936659044585673414e-13 1.762901325479680983e-14 2.636195650633662004e-16
1.622245552545544672e-02 3.550777649620834309e-02 5.891517639513725590e-02 7.410162067143118148e-02 7.065209595816268617e-02 5.106451520108851866e-02 2.797758317767080199e-02 1.161978245884044171e-02 3.658327811772838032e-03 8.731001431019189043e-04 1.579582521512943997e-04 2.166294010926481242e-05 2.252108439127275399e-06 1.774835130227539882e-07 1.060287286852696708e-08 4.801599261889527076e-10 1.648333510658512702e-11 4.289444806079249802e-13 8.461627434237230539e-15 1.265329211398093437e-16
5.902544999657122725e-03 1.291951445191298099e-02 2.143630348003506408e-02 2.696189549567992380e-02 2.570678495982130912e-02 1.857983819941081208e-02 1.017965149780959352e-02 4.227861111525938950e-03 1.331083601900034854e-03 3.176777323124429868e-04 5.747315441408955739e-05 7.882066843652081955e-06 8.194302881704522635e-07 6.457742606661430391e-08 3.857858271450975401e-09 1.747063240158125988e-10 5.997466108529522627e-12 1.560715697552662090e-13 3.078765518730947383e-15 4.603903889851016411e-17
1.628016644354337173e-03 3.563409438795051964e-03 5.912476543754453633e-03 7.436523505175977010e-03 7.090343875372052442e-03 5.124617574251179308e-03 2.807711262366195237e-03 1.166111950011814715e-03 3.671342207549892927e-04 8.762061717029546494e-05 1.585201840818156816e-05 2.174000539449414726e-06 2.260120250005823191e-07 1.781149055062125219e-08 1.064059228323896567e-09 4.818680812907442882e-11 1.654197409626577591e-12 4.304704382378141654e-14 8.491729430015924873e-16 1.269830583607662349e-17
3.403887468755084958e-04 7.450442706971548406e-04 1.236191588481933955e-03 1.554842160745240542e-03 1.482462280114772019e-03 1.071464570319163694e-03 5.870414909450216755e-04 2.438128545906225136e-04 7.676110546613538327e-05 1.831988154573444279e-05 3.314369481491617203e-06 4.545440747771640589e-07 4.725501439775212668e-08 3.724059560162192091e-09 2.224754817995958315e-10 1.007498743447504836e-11 3.458626699549577224e-13 9.000355957468281991e-15 1.775466577391998642e-16 2.654985393406902633e-18
5.394961711668863689e-05 1.180851409103563323e-04 1.959291060402268793e-04 2.464333501593970869e-04 2.349615642005224042e-04 1.698208411806205714e-04 9.304262834422365180e-05 3.864290542513639632e-05 1.216618436233541605e-05 2.903593623724981729e-06 5.253080959668358134e-07 7.204256610121185364e-08 7.489642231136192962e-09 5.902415671337517465e-10 3.526105716217677148e-11 1.596826333228252190e-12 5.481720177385856864e-14 1.426503555938378010e-15 2.814010243670246632e-17 4.207995908780419162e-19
6.481840783053775323e-06 1.418747941379976414e-05 2.354013499988227688e-05 2.960802735472304513e-05 2.822973601445517315e-05 2.040332652956941615e-05 1.117871701776260622e-05 4.642797738834314632e-06 1.461720660655859624e-06 3.488557022929001698e-07 6.311376469533619820e-08 8.655639613913618771e-09 8.998519555617609695e-10 7.091527366035077221e-11 4.236481565254450685e-12 1.918525951312333391e-13 6.586077771454141553e-15 1.713889628920526037e-16 3.380926007667727876e-18 5.055746630687200521e-20
