1.452699849146995561e-03 3.560676652830313711e-03 6.615855360080056397e-03 9.318291371127945463e-03 9.949090695759544439e-03 8.052436580226132387e-03 4.940467601665280567e-03 2.297765040993923757e-03 8.101025496887839013e-04 2.165066298811687791e-04 4.386308971761132070e-05 6.736340943470993690e-06 7.842340937835619624e-07 6.920925867591800226e-08 4.629984054299842629e-09 2.347964966700456606e-10 9.026108493008387684e-12 2.630306181305255245e-13 5.810438130118595126e-15 9.729897745546792437e-17
4.976406726507945875e-03 1.219754738493924150e-02 2.266344774169149964e-02 3.192098346129161601e-02 3.408186618184575606e-02 2.758463806969194132e-02 1.692419546918662310e-02 7.871284224784088138e-03 2.775108553772951629e-03 7.416707931145327540e-04 1.502585512377617731e-04 2.307618631806429652e-05 2.686492892356926210e-06 2.370850527820326829e-07 1.586059488129733100e-08 8.043250407683371381e-10 3.092007412623629079e-11 9.010445881927252801e-13 1.990438934213349415e-14 3.333099305930632120e-16
1.292268222257832860e-02 3.167446662082223224e-02 5.885220990355118781e-02 8.289208422317072278e-02 8.850344242852721532e-02 7.163150674575320676e-02 4.394857814899096743e-02 2.044007057916996661e-02 7.206373583280606399e-03 1.925963149702659277e-03 3.901898730518683629e-04 5.992400522828901098e-05 6.976257337692604603e-06 6.156600465362960551e-07 4.118663099225488457e-08 2.088663060867877574e-09 8.029293307227425470e-11 2.339823394973853460e-12 5.168751519700675671e-14 8.655358276364786764e-16
2.543819433007502712e-02 6.235092864809219093e-02 1.158500941596474071e-01 1.631723902650645541e-01 1.742183030272093924e-01 1.410060355404290366e-01 8.651241686739115366e-02 4.023611186576349363e-02 1.418568749654170423e-02 3.791242718102263640e-03 7.680855758395608787e-04 1.179599144959480434e-04 1.373270554798404025e-05 1.211921769436547732e-06 8.107554646445774336e-08 4.111516163384036563e-09 1.580559824689938446e-10 4.605923228182974509e-12 1.017464511912939073e-13 1.703800202143026201e-15
3.795917071808825594e-02 9.304078403812125753e-02 1.728728637281263525e-01 2.434877467394455930e-01 2.599705867883417287e-01 2.104108532983354762e-01 1.290948389847461630e-01 6.004079611652642090e-02 2.116804858267975001e-02 5.657336668743354752e-03 1.146146268130542522e-03 1.760211622783675837e-04 2.049210362784527746e-05 1.808443820582834318e-06 1.209818774624310679e-07 6.135252444846545091e-09 2.358529832623549506e-10 6.873012442015201529e-12 1.518272429487555887e-13 2.542430563406644618e-15
4.293821345561615183e-02 1.052447924844427674e-01 1.955483163362365107e-01 2.754256387994100108e-01 2.940705061920748653e-01 2.380101029972468696e-01 1.460279992287617512e-01 6.791624977381430228e-02 2.394462711612504319e-02 6.399400326125471647e-03 1.296484411575828848e-03 1.991095720911692990e-04 2.318001956000953823e-05 2.045654457716418374e-06 1.368508737275356847e-07 6.940003537942912735e-09 2.667894358039042483e-10 7.774534315043038413e-12 1.717421756794290367e-13 2.875917048831008855e-15
3.681866561659803694e-02 9.024532020593692416e-02 1.676787991776803322e-01 2.361720174425891161e-01 2.521596210886031808e-01 2.040889382760636972e-01 1.252161103494021654e-01 5.823683588839103503e-02 2.053204239654790250e-02 5.487358736942149137e-03 1.111709644749991031e-03 1.707325052884757109e-04 1.987640659638492202e-05 1.754108086579289612e-06 1.173469074189992125e-07 5.950915258867297685e-09 2.287666448222941499e-10 6.666508832888955356e-12 1.472655061707245716e-13 2.466041775851590147e-15
2.393254797936947634e-02 5.866047613546586381e-02 1.089931109462538433e-01 1.535144754480512186e-01 1.639065981642228442e-01 1.326601120804489775e-01 8.139188421255939832e-02 3.785460026115863852e-02 1.334605916701968147e-02 3.566845078510331828e-03 7.226238095959895691e-04 1.109780543652396257e-04 1.291988850109205074e-05 1.140190043284293577e-06 7.627681354018931830e-08 3.868162046855928514e-09 1.487008997094343439e-10 4.333305942138254048e-12 9.572424022200768725e-14 1.602954972194638685e-15
1.179252080645856217e-02 2.890435593989236496e-02 5.370525234932413405e-02 7.564270412721055270e-02 8.076331742168155192e-02 6.536692763530124739e-02 4.010502721569222939e-02 1.865247116958441628e-02 6.576135585186156790e-03 1.757526814027746175e-03 3.560655688332423638e-04 5.468331313032457833e-05 6.366144302628778712e-06 5.618171044862217545e-07 3.758462790917349344e-08 1.905997700688767576e-09 7.327086339800623321e-11 2.135192647580440797e-12 4.716715058812564712e-14 7.898398397745311887e-16
4.404749181410755679e-03 1.079637172195761254e-02 2.006001687048834803e-02 2.825410652670172496e-02 3.016676096143371122e-02 2.441589255752999940e-02 1.498005292490362308e-02 6.967081802435094902e-03 2.456321961274858350e-03 6.564724304880003485e-04 1.329978168864290116e-04 2.042534269820469526e-05 2.377885896151155791e-06 2.098502492980899984e-07 1.403863192048727454e-08 7.119293618105453159e-10 2.736817520787139403e-11 7.975383907258612384e-13 1.761790132511257986e-14 2.950214330584071213e-16
1.247189756696559038e-03 3.056955950622665310e-03 5.679925582509608856e-03 8.000054212719020716e-03 8.541615813812039257e-03 6.913276975421836501e-03 4.241551060741291859e-03 1.972705527646194043e-03 6.954992130266146079e-04 1.858779370034639505e-04 3.765787972304765929e-05 5.783366348696120348e-06 6.732903078315768900e-07 5.941838469925597250e-08 3.974990903717555247e-09 2.015803785806598926e-10 7.749205771530841912e-12 2.258202840886791390e-13 4.988448867849883320e-15 8.353431584009916945e-17
2.676952754942844262e-04 6.561412655788246163e-04 1.219132241451594554e-03 1.717121797179797923e-03 1.833361913187254695e-03 1.483857267562617996e-03 9.104013031149897324e-04 4.234190882797867666e-04 1.492810957094122340e-04 3.989661179245700535e-05 8.082840989404097676e-06 1.241334640287022152e-06 1.445142036124478753e-07 1.275348901487380639e-08 8.531871588461383549e-10 4.326696454060179708e-11 1.663279996274497223e-12 4.846978804687549178e-14 1.070714529844496357e-15 1.792970281544940348e-17
4.355577012602965129e-05 1.067584703577020974e-04 1.983607800468286080e-04 2.793869340363276232e-04 2.982999602856531039e-04 2.414332711941185846e-04 1.481282394980518451e-04 6.889305178074094235e-05 2.428900949736715397e-05 6.491439375727060485e-06 1.315131032662740001e-06 2.019732553814669027e-07 2.351340501197756889e-08 2.075075978875645358e-09 1.388191244562184163e-10 7.039817785733633473e-12 2.706265212906316228e-13 7.886351159276115039e-15 1.742122487832339597e-16 2.917279779464811982e-18
5.372142289176313481e-06 1.316752503002216694e-05 2.446569838898873383e-05 3.445941511393227921e-05 3.679213630876621802e-05 2.977823334183177990e-05 1.827004728251051754e-05 8.497227252114441674e-06 2.995791710385383867e-06 8.006501982874361734e-07 1.622074644974169552e-07 2.491125890732337937e-08 2.900129123233782163e-09 2.559386135778551324e-10 1.712186667529509721e-11 8.682868590178823738e-13 3.337891111536642596e-14 9.726977722458607834e-16 2.148723317881627985e-17 3.598155199018267435e-19
5.022802902196481518e-07 1.231126790308467101e-06 2.287474423752055763e-06 3.221859007550418603e-06 3.439961919884551980e-06 2.784181594612408949e-06 1.708198360619576215e-06 7.944670004093909448e-07 2.800981524189485771e-07 7.485855591920523252e-08 1.516594460048224678e-08 2.329133086984123592e-09 2.711539678737118592e-10 2.392954508396125949e-11 1.600846682727746342e-12 8.118239466964631315e-14 3.120834903427834703e-15 9.094452325360273388e-17 2.008996250679696269e-18 3.364174551481099370e-20
3.559931040841032879e-08 8.725658882839156471e-08 1.621256371155603200e-07 2.283505069485475025e-07 2.438086354643325916e-07 1.973299505275169637e-07 1.210692214345924531e-07 5.630815683499066044e-08 1.985206520531377413e-08 5.305629189088335213e-09 1.074892206567022943e-09 1.650782110319074531e-10 1.921814265613951692e-11 1.696015790313929775e-12 1.134606296213168174e-13 5.753833713600421895e-15 2.211903843806897389e-16 6.445728363806774159e-18 1.423883885748402746e-19 2.384371763301291857e-21
1.912642728214679629e-09 4.688031262313819616e-09 8.710517628818747016e-09 1.226857856482784547e-08 1.309909681808421939e-08 1.060193836918404616e-08 6.504681223622240421e-09 3.025266092912105468e-09 1.066591114248570767e-09 2.850553274963426886e-10 5.775069064313528357e-11 8.869150449674840355e-12 1.032532382772612927e-12 9.112177261486649111e-14 6.095894715213431523e-15 3.091359940802212294e-16 1.188388694565240532e-17 3.463093903125026062e-19 7.650095264922211330e-21 1.281050464775636576e-22
7.789739622570400411e-11 1.909323802986574221e-10 3.547586975098227818e-10 4.996700698423928254e-10 5.334951060042585568e-10 4.317917725678492844e-10 2.649202190894095437e-10 1.232119036406420271e-10 4.343972317035386870e-11 1.160962654690733982e-11 2.352048485048499798e-12 3.612194355861714706e-13 4.205259191913266488e-14 3.711173404974784941e-15 2.482713153775455250e-16 1.259037491072456082e-17 4.840024937490842119e-19 1.410435906084551334e-20 3.115702128919184924e-22 5.217414322480267669e-24
2.404965487616630669e-12 5.894751395236570280e-12 1.095264367336356389e-11 1.542656534608818686e-11 1.647086269783752642e-11 1.333092453891069686e-11 8.179015150080625519e-12 3.803983063319802897e-12 1.341136418907015512e-12 3.584298387654825110e-13 7.261597570415455751e-14 1.115210928904510815e-14 1.298310818211507019e-15 1.145769228494443697e-16 7.665005173191625605e-18 3.887089762116543646e-19 1.494285239026826995e-20 4.354509702481384667e-22 9.619263868632028711e-24 1.610798561713850519e-25
5.628485802489924317e-14 1.379584227222208326e-13 2.563313267183352816e-13 3.610372143747016131e-13 3.854775352365365573e-13 3.119916684363006086e-13 1.914184252855989303e-13 8.902691026151082448e-14 3.138742460916185175e-14 8.388549727919680956e-15 1.699475482659987877e-15 2.609995408433574232e-16 3.038515124291647610e-17 2.681512840295194240e-18 1.793887397364525013e-19 9.097190646489813557e-21 3.497165882853382492e-22 1.019112172853266958e-23 2.251254348296514701e-25 3.769849040229890835e-27
