2.599152560304245678e-16 3.515564602713530286e-15 3.604584524295268611e-14 2.801638933179618251e-13 1.650691570838714254e-12 7.372529561592557462e-12 2.496111212075529206e-11 6.406313077947137481e-11 1.246376368723722304e-10 1.838175921316165048e-10 2.055047000594064703e-10 1.741619443428201262e-10 1.118875049798736246e-10 5.448873604191851293e-11 2.011540113734596260e-11 5.629210392847678457e-12 1.194161549734225939e-12 1.920328402866771868e-13 2.340910161835109670e-14 2.163170779474117574e-15
6.905479596074415556e-15 9.340221118023988412e-14 9.576730994941286390e-13 7.443449370426712866e-12 4.385589801817755389e-11 1.958748141089249442e-10 6.631717317317663565e-10 1.702041847079973667e-09 3.311397227965541660e-09 4.883701908270544040e-09 5.459889253255355260e-09 4.627168760464054646e-09 2.972649218419687887e-09 1.447667446305305398e-09 5.344299301328251292e-10 1.495579678680715569e-10 3.172671870842802613e-11 5.101966235566569693e-12 6.219376117307830274e-13 5.747154633637384258e-14
1.390761758593411589e-13 1.881118055165762768e-12 1.928751081629732542e-11 1.499108728422071385e-10 8.832566225686470023e-10 3.944913559503483509e-09 1.335626108282212333e-08 3.427907764422585039e-08 6.669145231831159005e-08 9.835762686567712801e-08 1.099620247071519642e-07 9.319105607479858954e-08 5.986907639320104800e-08 2.915598396129564145e-08 1.076340461419954627e-08 3.012093505020250920e-09 6.389752730630811602e-10 1.027534646267649640e-10 1.252580699996272901e-11 1.157475418467609720e-12
2.123285793755600966e-12 2.871916212989792280e-11 2.944637890717557661e-10 2.288699877377176592e-09 1.348474120281613627e-08 6.022727377087995870e-08 2.039109807241812595e-07 5.233410980371100345e-07 1.018183110064920398e-06 1.501632832086381303e-06 1.678797993046885970e-06 1.422754431131497773e-06 9.140254152481021214e-07 4.451264651581729781e-07 1.643256579968603288e-07 4.598584415451089523e-08 9.755280596930617740e-09 1.568744397472042018e-09 1.912323796222571414e-10 1.767125891597144090e-11
2.457315878697197966e-11 3.323718989324197083e-10 3.407881062056695867e-09 2.648752498034486794e-08 1.560612743477745211e-07 6.970207995695857342e-07 2.359897533567384067e-06 6.056718289942310311e-06 1.178361166048391721e-05 1.737866006126377624e-05 1.942902353310785562e-05 1.646578649651467342e-05 1.057817639541226515e-05 5.151526629520888490e-06 1.901769652773980985e-06 5.322022375344057152e-07 1.128995728341581467e-07 1.815535397477936549e-08 2.213165859955422289e-09 2.045125779039827116e-10
2.155809291332278357e-10 2.915906880787933656e-09 2.989742475123773206e-08 2.323757110432910065e-07 1.369129415443560900e-06 6.114980694954944479e-06 2.070343936471827115e-05 5.313573919264416606e-05 1.033779162188567613e-04 1.524634140680378939e-04 1.704513034620268677e-04 1.444547517313867705e-04 9.280260285735755072e-05 4.519447039244588242e-05 1.668427214818442856e-05 4.669023378275557176e-06 9.904707417280095078e-07 1.592773689600146642e-07 1.941615876702353593e-08 1.794193898561664423e-09
1.433694143354894302e-09 1.939187586936487402e-08 1.988291030175198339e-07 1.545385750586533720e-06 9.105224809580786963e-06 4.066691819324695970e-05 1.376856472594391821e-04 3.533726215469084686e-04 6.875019679668117152e-04 1.013938963451415905e-03 1.133565183540392743e-03 9.606783511406311862e-04 6.171721623968843846e-04 3.005602015641785515e-04 1.109566758115635029e-04 3.105075898658885832e-05 6.587002418485049055e-06 1.059254322564996248e-06 1.291247478274269092e-07 1.193206326159426313e-08
7.227689754054169978e-09 9.776036484666322412e-08 1.002358192888131293e-06 7.790761235474131036e-06 4.590221726830088670e-05 2.050143465512725683e-04 6.941153708340339762e-04 1.781459237980317738e-03 3.465907252810599554e-03 5.111575778795686073e-03 5.714648065350528064e-03 4.843072776479923243e-03 3.111353237591638933e-03 1.515215709982939939e-03 5.593664678231384611e-04 1.565363530451556169e-04 3.320708960881164527e-05 5.340024334775762835e-06 6.509572639274585913e-07 6.015317268350112483e-08
2.762099460102575813e-08 3.735963498031124372e-07 3.830564284877784313e-06 2.977280173131500248e-05 1.754177252325581212e-04 7.834730532047526948e-04 2.652598210865616569e-03 6.807939696996714515e-03 1.324514592838458606e-02 1.953415431392236529e-02 2.183882661417100440e-02 1.850805604052000591e-02 1.189019920635052234e-02 5.790476122934393698e-03 2.137648226955422143e-03 5.982118642958154410e-04 1.269026305793328894e-04 2.040718242470954745e-05 2.487667246972437343e-06 2.298784970665886664e-07
8.001583525307720905e-08 1.082279056521979651e-06 1.109684155738981650e-05 8.624945020144069590e-05 5.081712662930922561e-04 2.269659425954512807e-03 7.684367072913018612e-03 1.972206247734262230e-02 3.837013944708668467e-02 5.658889898674945157e-02 6.326535223373634664e-02 5.361637350082864434e-02 3.444496603269600610e-02 1.677455103200333961e-02 6.192597726033565939e-03 1.732972424467021152e-03 3.676268768844736905e-04 5.911799232654752883e-05 7.206575124229250032e-06 6.659398119147403626e-07
1.757152248097381138e-07 2.376690902771240305e-06 2.436872654978388558e-05 1.894042783397632433e-04 1.115946962449612017e-03 4.984184880552145966e-03 1.687491336517083981e-02 4.330976026129388506e-02 8.426104229995591555e-02 1.242695408445398386e-01 1.389310697721015952e-01 1.177418581382449342e-01 7.564133937808534269e-02 3.683700852897787981e-02 1.359897947880779265e-02 3.805617203034684839e-03 8.073106918592469700e-04 1.298234440608451903e-04 1.582567955526666080e-05 1.462407577078353118e-06
2.925092884306200375e-07 3.956425321379523898e-06 4.056608566933128630e-05 3.152971561961593326e-04 1.857692480921308183e-03 8.297063469574575759e-03 2.809129889637727168e-02 7.209680988001516966e-02 1.402675126886132606e-01 2.068687844516344798e-01 2.312755107244984509e-01 1.960022939378690265e-01 1.259184819151570600e-01 6.132176175622338493e-02 2.263792346414946963e-02 6.335127655013018076e-03 1.343912437148659994e-03 2.161142455639147679e-04 2.634466234018394053e-05 2.434437882260441376e-06
3.691192966627660116e-07 4.992637805663244674e-06 5.119059668485255156e-05 3.978754492184312873e-04 2.344233735798188258e-03 1.047011617541203539e-02 3.544858539913937207e-02 9.097941435405916544e-02 1.770044496913031895e-01 2.610490101970908139e-01 2.918480104066758507e-01 2.473365179984539364e-01 1.588973182039322973e-01 7.738231387803495842e-02 2.856693690591764409e-02 7.994337126295710666e-03 1.695891491986990796e-03 2.727159152769179301e-04 3.324449382787123658e-05 3.072032357298306304e-06
3.530942598026796932e-07 4.775886187451558622e-06 4.896819540109077778e-05 3.806019856062755734e-04 2.242460589922411641e-03 1.001556395027151242e-02 3.390961170474016823e-02 8.702961145371151952e-02 1.693199345322543847e-01 2.497157636057606711e-01 2.791776483676444154e-01 2.365985889505670958e-01 1.519989105503403160e-01 7.402281887621382783e-02 2.732672480908073312e-02 7.647268987948313036e-03 1.622265637377098921e-03 2.608761587695859123e-04 3.180120911259591451e-05 2.938662381233196785e-06
2.560421023395201438e-07 3.463177058309380624e-06 3.550870440452441471e-05 2.759890024937955650e-04 1.626093622077335937e-03 7.262667060564792325e-03 2.458915156324097823e-02 6.310848750374044303e-02 1.227803364174070988e-01 1.810784155388651395e-01 2.024423508164676089e-01 1.715666523701654123e-01 1.102202019154163576e-01 5.367676658565571912e-02 1.981564943616072674e-02 5.545326140176585344e-03 1.176366629634011682e-03 1.891712433358463952e-04 2.306026850359453739e-05 2.130936069528530007e-06
1.407436893263230590e-07 1.903672526990931302e-06 1.951876670057805437e-05 1.517082935561920958e-04 8.938468067165319074e-04 3.992212792789886014e-03 1.351640170422271046e-02 3.469008134960004791e-02 6.749107809308005357e-02 9.953692782333915801e-02 1.112804615704233863e-01 9.430841021577066052e-02 6.058690236536748430e-02 2.950556213741498471e-02 1.089245707076768807e-02 3.048208292131666681e-03 6.466365411869516100e-04 1.039854713668512872e-04 1.267599053591486539e-05 1.171353466494667761e-06
5.864666181704427197e-08 7.932436575680599517e-07 8.133299015066340512e-06 6.321551630213553612e-05 3.724581303834359177e-04 1.663520081654114606e-03 5.632166127839411882e-03 1.445505286278756484e-02 2.812294072678050288e-02 4.147616544872778643e-02 4.636959303684121125e-02 3.929748798614841193e-02 2.524603121157088445e-02 1.229470914594767671e-02 4.538791396215802708e-03 1.270161679804150375e-03 2.694477793715307698e-04 4.332983455477104514e-05 5.281974159652892533e-06 4.880927233508805425e-07
1.852484071402360250e-08 2.505634924234873599e-07 2.569081752745914977e-06 1.996801410121326202e-05 1.176491095012494287e-04 5.254594819626372650e-04 1.779043805061412400e-03 4.565947037723935842e-03 8.883250661372306400e-03 1.310116099639404424e-02 1.464685795180139562e-02 1.241297770153877711e-02 7.974515383579761432e-03 3.883554860538331998e-03 1.433677297974404220e-03 4.012085610743196663e-04 8.511101977426336837e-05 1.368668323861614970e-05 1.668427953638810071e-06 1.541748442896242608e-07
4.435703282433552155e-09 5.999648380023641027e-08 6.151569419362660998e-07 4.781265710175878544e-06 2.817063580984114003e-05 1.258192923172108248e-04 4.259853332898101740e-04 1.093298807547523352e-03 2.127060886817779863e-03 3.137023617774111449e-03 3.507134927479338849e-03 2.972240721822161629e-03 1.909467649888292248e-03 9.299025728928446291e-04 3.432886249737838492e-04 9.606787765524937969e-05 2.037951287204174049e-05 3.277224711638115768e-06 3.994987846161162348e-07 3.691658532677506959e-08
8.051324140876591732e-10 1.089006878123595771e-08 1.116582336932604464e-07 8.678560666746114105e-07 5.113302349547188126e-06 2.283768415334127752e-05 7.732135761105166582e-05 1.984466165096971518e-04 3.860866152831289198e-04 5.694067518968017137e-04 6.365863158329695525e-04 5.394967145542315257e-04 3.465908787599069371e-04 1.687882745323726218e-04 6.231093059099722397e-05 1.743745181494956483e-05 3.699121729259466757e-06 5.948549024995455194e-07 7.251373692123810760e-08 6.700795245193369262e-09
