2.734094938770080211e-20 3.103165147250412838e-20 2.669887771888795277e-20 1.741317413526669759e-20 8.609138592688269755e-21 3.226549074350053782e-21 9.166713753438668641e-22 1.974176075128014006e-22 3.222960020549886946e-23 3.988602632969699405e-24 3.741824759077157023e-25 2.660988124963248850e-26 1.434495690914929909e-27 5.862088611687943385e-29 1.815943488709328563e-30 4.264313243678853781e-32 7.590889830387500896e-34 1.024313972788502379e-35 1.047780532429827881e-37 8.124644600388868513e-40
3.286031671717291376e-18 3.729606756457852600e-18 3.208862886928109739e-18 2.092840336384039074e-18 1.034708110556810832e-18 3.877898422003550395e-19 1.101721498117261809e-19 2.372706600793982922e-20 3.873584839365432395e-21 4.793789122673767736e-22 4.497193749195354715e-23 3.198166652042571808e-24 1.724079952910822599e-25 7.045479133612384576e-27 2.182531313500029632e-28 5.125157937330275334e-30 9.123276608086961689e-32 1.231094103074481448e-33 1.259297899919326290e-35 9.764781427207718306e-38
2.993827121626600522e-16 3.397958077090002018e-16 2.923520434435091819e-16 1.906738213824411694e-16 9.426985232717209145e-17 3.533063168755134263e-17 1.003752863957884982e-17 2.161717866038456686e-18 3.529133163818016158e-19 4.367509910006139576e-20 4.097288755136809333e-21 2.913775343304281752e-22 1.570769194741103720e-23 6.418972372241255286e-25 1.988453579554503447e-26 4.669412339346258547e-28 8.312005384025451742e-30 1.121621239010381443e-31 1.147317063141884073e-33 8.896465522577373213e-36
2.067657072559061830e-14 2.346766117389263708e-14 2.019100454854049145e-14 1.316869876972278147e-14 6.510654054983443641e-15 2.440075111853955355e-15 6.932319816570798016e-16 1.492969050318186754e-16 2.437360892838209609e-17 3.016377495434520854e-18 2.829751929120229336e-19 2.012370104108744688e-20 1.084836198925123525e-21 4.433199742279975334e-23 1.373305785601762030e-24 3.224883420422167537e-26 5.740604257099412581e-28 7.746366083798000159e-30 7.923831750125018677e-32 6.144255867566872286e-34
1.082498052181445889e-12 1.228622378785071882e-12 1.057076794089970770e-12 6.894320609145365997e-13 3.408577963184217648e-13 1.277473228425256368e-13 3.629336217368511140e-14 7.816267554156760494e-15 1.276052230312585631e-15 1.579189705481751520e-16 1.481484039148772839e-17 1.053553196454271884e-18 5.679535005381417372e-20 2.320950678736047816e-21 7.189784310429690278e-23 1.688350581655510719e-24 3.005427258284922230e-26 4.055520767192497602e-28 4.148430873359337150e-30 3.216754411075363974e-32
4.296081931239882094e-11 4.876001754625585770e-11 4.195193243878192875e-11 2.736131130900136388e-11 1.352753491735950417e-11 5.069874854020074005e-12 1.440365247254771053e-12 3.102021822716491670e-13 5.064235375682105930e-14 6.267289207632689430e-15 5.879527264904958047e-16 4.181209233371062426e-17 2.254022320436827880e-18 9.211096735115077655e-20 2.853391043365279166e-21 6.700513144417978216e-23 1.192756117570312772e-24 1.609504003687901512e-26 1.646376996440943519e-28 1.276624976350588475e-30
1.292453141156633774e-09 1.466918900737139933e-09 1.262101322226082927e-09 8.231503335709719132e-10 4.069686117695014610e-10 1.525244579881220307e-10 4.333261371693642004e-11 9.332265801432855521e-12 1.523547973156993883e-12 1.885480247487783820e-13 1.768824152720332182e-14 1.257894307882506059e-15 6.781104911202089852e-17 2.771108907916289711e-18 8.584273475160016241e-20 2.015813338635496925e-21 3.588342623490505112e-23 4.842106222751285098e-25 4.953036638116468566e-27 3.840657573974920280e-29
2.947500428598753787e-08 3.345377833019892500e-08 2.878281672066910262e-08 1.877233211588913298e-08 9.281111395213606703e-09 3.478392298922803560e-09 9.882207210133233690e-10 2.128267290596281890e-10 3.474523107160569382e-11 4.299926752169341314e-12 4.033887018598799811e-13 2.868687377166802585e-14 1.546463000914237074e-15 6.319644738893624366e-17 1.957684107959204911e-18 4.597157521924518066e-20 8.183384823709912240e-22 1.104265192477906746e-23 1.129563397605948117e-25 8.758800984662020150e-28
5.095534740349579586e-07 5.783371158270597973e-07 4.975871796395561260e-07 3.245294539257028620e-07 1.604485790214046461e-07 6.013321873595689447e-08 1.708401113770345601e-08 3.679273397472785903e-09 6.006632951399034018e-10 7.433561649066041827e-11 6.973641544706124703e-12 4.959285517900650506e-13 2.673470670051769935e-14 1.092517884009567224e-15 3.384375210245079911e-17 7.947403716226809950e-19 1.414714693788420234e-20 1.909014701485560184e-22 1.952749345880392735e-24 1.514190609375782754e-26
6.677631916204438571e-06 7.579032583943191427e-06 6.520815186567243699e-06 4.252916229031534058e-06 2.102657732266735534e-06 7.880380001643954420e-07 2.238837410459778037e-07 4.821639870856935239e-08 7.871614256217547312e-09 9.741585731092733988e-10 9.138866424037797349e-11 6.499079084608858850e-12 3.503548495510671997e-13 1.431730458732170059e-14 4.435179637062618817e-16 1.041496906815259190e-17 1.853965181859758604e-19 2.501738904495994627e-21 2.559052586403058697e-23 1.984327073725549231e-25
6.633641617009916538e-05 7.529104119008843041e-05 6.477857950431902510e-05 4.224899252397895828e-05 2.088806033954099844e-05 7.828466347464002628e-06 2.224088599987757577e-06 4.789876308086646926e-07 7.819758348221978027e-08 9.677410994252242757e-09 9.078662226900658020e-10 6.456265039598826408e-11 3.480468135812193846e-12 1.422298634391462658e-13 4.405961962044880457e-15 1.034635827750715622e-16 1.841751797823378274e-18 2.485258175354822413e-20 2.542194291375273133e-22 1.971254903416025937e-24
4.995492982534902211e-04 5.669824956301541602e-04 4.878179407561466304e-04 3.181578955539637334e-04 1.572984566687767656e-04 5.895260998497289963e-05 1.674859697769245153e-05 3.607037411080765667e-06 5.888703401385947808e-07 7.287616893100104138e-08 6.836726501623925887e-09 4.861918771131761128e-10 2.620981830523292643e-11 1.071068239344245817e-12 3.317929025028004913e-14 7.791370585584322411e-16 1.386939288068568315e-17 1.871534594654300694e-19 1.914410587126301642e-21 1.484462171057245703e-23
2.851684800562230820e-03 3.236628237945995013e-03 2.784716167071807792e-03 1.816209207183618187e-03 8.979406429005296454e-04 3.365318747026106836e-04 9.560962171103295538e-05 2.059082816490873544e-05 3.361575332697219940e-06 4.160147236525296295e-07 3.902755767737823493e-08 2.775433757924971524e-09 1.496191481958676016e-10 6.114209406722155659e-12 1.894044852649442486e-13 4.447715801451087141e-15 7.917364113843189304e-17 1.068368382452185493e-18 1.092844208255343911e-20 8.474074981215279335e-23
1.234018037818042542e-02 1.400595755375602311e-02 1.205038502043641324e-02 7.859336072745182894e-03 3.885685227240814540e-03 1.456284381786745411e-03 4.137343571670776179e-04 8.910330259536226383e-05 1.454664482980272261e-05 1.800232875961240167e-06 1.688851100807969858e-07 1.201021697549911311e-08 6.474513860727868108e-10 2.645820005564546701e-11 8.196156574334610066e-13 1.924673275600747848e-14 3.426104500234200749e-16 4.623182249035929525e-18 4.729097217357937251e-20 3.667011648194982420e-22
4.047979592132474463e-02 4.594408558737610865e-02 3.952917311185859955e-02 2.578117260460512095e-02 1.274630841631241296e-02 4.777085323839675053e-03 1.357182944698032438e-03 2.922877457572581003e-04 4.771771530111411401e-05 5.905347993018216239e-06 5.539979628101003287e-07 3.939740889028399441e-08 2.123850638645990350e-09 8.679148163764796940e-11 2.688605314513328441e-12 6.313552883660018623e-14 1.123873450179362346e-15 1.516553795915092559e-17 1.551297342373046493e-19 1.202898811937305856e-21
1.006588443966129620e-01 1.142465878798583356e-01 9.829498382666584932e-02 6.410859992014109054e-02 3.169553221074739718e-02 1.187891088226574604e-02 3.374830918456501062e-03 7.268155891002766027e-04 1.186569736861343754e-04 1.468449855558506230e-05 1.377595747837394644e-06 9.796733310672886117e-08 5.281260591644730322e-09 2.158195229564679402e-10 6.685604456195751467e-12 1.569955882537764261e-13 2.794673247932396669e-15 3.771129500227839814e-17 3.857524333924501492e-19 2.991181194959580581e-21
1.897415244389653588e-01 2.153543672810529497e-01 1.852856565935560862e-01 1.208444578458185703e-01 5.974595313130678237e-02 2.239170013312371393e-02 6.361542962569885322e-03 1.370044517086981472e-03 2.236679271203603943e-04 2.768022182512007326e-05 2.596762548012112940e-06 1.846680362795437371e-07 9.955155372833015050e-09 4.068189490443667930e-10 1.260233801528927146e-11 2.959360642775869511e-13 5.267948043215652145e-15 7.108564225222358011e-17 7.271418145784625066e-19 5.638364747846207537e-21
2.711250531852670287e-01 3.077237017853560186e-01 2.647579840360902992e-01 1.726768041812143661e-01 8.537205953323452612e-02 3.199590025142112076e-02 9.090122360758907949e-03 1.957681080405136286e-03 3.196030959256525219e-04 3.955276335375790020e-05 3.710560384823756447e-06 2.638754553382733359e-07 1.422509931817887905e-08 5.813108623563761106e-10 1.800770587649151555e-11 4.228683278683626597e-13 7.527465048134483711e-15 1.015755438527771420e-16 1.039025926105242388e-18 8.056760093278755477e-21
2.936795691413806031e-01 3.333228083985300683e-01 2.867828323682360403e-01 1.870415472744857144e-01 9.247404238700218659e-02 3.465759467719509157e-02 9.846316992793386486e-03 2.120537845747316828e-03 3.461904328094655308e-04 4.284310270709363314e-05 4.019236740706086099e-06 2.858268873359169047e-07 1.540846553896823304e-08 6.296693042135350409e-10 1.950574187409733665e-11 4.580461557237789909e-13 8.153664392468849110e-15 1.100254720230556698e-16 1.125461047293189710e-18 8.726990756006442998e-21
2.411429879648855357e-01 2.736944153420952097e-01 2.354800141409122971e-01 1.535815300846870846e-01 7.593128441174597232e-02 2.845766888234357861e-02 8.084901197020535543e-03 1.741193075538593213e-03 2.842601397727554280e-04 3.517886460634727264e-05 3.300232153791823585e-06 2.346950789065764418e-07 1.265203238646822860e-08 5.170272412607810706e-10 1.601634356705022889e-11 3.761058998417680389e-13 6.695048621228016663e-15 9.034292427442824226e-17 9.241263890976172832e-19 7.165812157100429032e-21
