1.408851208538263670e-04 8.959914216864397346e-04 4.319558837233155452e-03 1.578598753836491300e-02 4.373216084216014626e-02 9.183895580771965494e-02 1.462008027276937294e-01 1.764287659861646373e-01 1.613934313996775727e-01 1.119177919914827457e-01 5.883140646164845833e-02 2.344315980659602075e-02 7.081412356980924458e-03 1.621513020449018338e-03 2.814607338032976721e-04 3.703497111584754523e-05 3.694052168428131583e-06 2.793128124941194895e-07 1.600941677572355114e-08 6.955958514217843799e-10
2.110659873772994415e-04 1.342322829790172515e-03 6.471314681703617747e-03 2.364965885906213094e-02 6.551700883921064700e-02 1.375878429871116859e-01 2.190296363168883209e-01 2.643154328075871251e-01 2.417903590395948377e-01 1.676688008542667474e-01 8.813783044205565631e-02 3.512119407525512299e-02 1.060896482250058871e-02 2.429257572638295927e-03 4.216682878085404977e-04 5.548366426974481159e-05 5.534216556207480523e-06 4.184503956054255292e-07 2.398438769562244214e-08 1.042101708868319849e-09
2.397000905285932740e-04 1.524428013330902335e-03 7.349240558927705273e-03 2.685807144925726406e-02 7.440532292798246461e-02 1.562535907819679049e-01 2.487441217127606963e-01 3.001735805913040012e-01 2.745926601955449575e-01 1.904154584212792989e-01 1.000949807142007958e-01 3.988588357565175935e-02 1.204822179057332167e-02 2.758820913375155826e-03 4.788735883819374042e-04 6.301081246473864256e-05 6.285011744485583874e-06 4.752191433338155301e-07 2.723821101330085899e-08 1.183477627350789397e-09
2.063549835802811698e-04 1.312362114534513461e-03 6.326874602010868799e-03 2.312179724541394907e-02 6.405466580021088041e-02 1.345168751879410873e-01 2.141408834620578128e-01 2.584158986238004330e-01 2.363935856718340778e-01 1.639264245136678733e-01 8.617058949038473858e-02 3.433728719996793910e-02 1.037217217683432217e-02 2.375036417487528997e-03 4.122566297312150411e-04 5.424526600247682006e-05 5.410692555330876397e-06 4.091105610491497341e-07 2.344905491696277415e-08 1.018841944619416939e-09
1.346661812432876589e-04 8.564406408143421072e-04 4.128885220387603673e-03 1.508916375315010744e-02 4.180173933513715856e-02 8.778500804800043467e-02 1.397472187177885572e-01 1.686408616668134963e-01 1.542692156036490625e-01 1.069775258688309416e-01 5.623447527565295090e-02 2.240833374239657033e-02 6.768825225433662204e-03 1.549936323841451941e-03 2.690365168551026660e-04 3.540017641608315100e-05 3.530989616368645440e-06 2.669834089146394116e-07 1.530273039518327588e-08 6.648909156051656551e-10
6.661912856875447256e-05 4.236797140541249040e-04 2.042552427069301360e-03 7.464583392693487432e-03 2.067924865363231571e-02 4.342709270855173859e-02 6.913270908058992414e-02 8.342634462196843459e-02 7.631671599815754992e-02 5.292159831092061589e-02 2.781909833484564123e-02 1.108536421552894051e-02 3.348526213407196535e-03 7.667508373526626475e-04 1.330919028117410596e-04 1.751240647240957178e-05 1.746774498660735861e-06 1.320762338398545506e-07 7.570234443701617271e-09 3.289203939842556975e-10
2.498251572521745058e-05 1.588820710539460667e-04 7.659676616180320554e-04 2.799257150259787993e-03 7.754824564267187234e-03 1.628538303938000670e-02 2.592512134034076834e-02 3.128530815687167316e-02 2.861916086988785385e-02 1.984587145479880729e-02 1.043230490315382418e-02 4.157068574507058988e-03 1.255714545956754854e-03 2.875355061379586971e-04 4.991014782581392861e-05 6.567242464479922383e-06 6.550494177683980964e-07 4.952926673945164179e-08 2.838876837576366604e-09 1.233468388373729927e-10
7.101828997125439195e-06 4.516571956743713483e-05 2.177431372393126932e-04 7.957503487152380170e-04 2.204479267175726061e-03 4.629477942512418703e-03 7.369785353641567643e-03 8.893536227346557008e-03 8.135625281884948171e-03 5.641625003707968766e-03 2.965611881644352518e-03 1.181738079150802118e-03 3.569644495644672838e-04 8.173828519329082675e-05 1.418805611807925264e-05 1.866882962403943339e-06 1.862121893897958512e-07 1.407978230076893496e-08 8.070131153371714406e-10 3.506404904910320947e-11
1.530386308501726078e-06 9.732844717552597218e-06 4.692187268042303583e-05 1.714777192117969548e-04 4.750473278400817764e-04 9.976147921330472731e-04 1.588128720978042741e-03 1.916484624172775514e-03 1.753160988181605472e-03 1.215724240455570010e-03 6.390652072635923239e-04 2.546549314689971403e-04 7.692293160767943395e-05 1.761393474707061542e-05 3.057410539756920449e-06 4.022980736926456221e-07 4.012721022058150112e-08 3.034078413955525247e-09 1.739047536899623210e-10 7.556016993242243612e-12
2.499935201517662160e-07 1.589891453232869297e-06 7.664838647815641886e-06 2.801143633813743227e-05 7.760050718285563893e-05 1.629635813227947431e-04 2.594259287382893759e-04 3.130639204311373215e-04 2.863844797836374487e-04 1.985924604244962302e-04 1.043933547254178099e-04 4.159870118301538814e-05 1.256560800770889156e-05 2.877292829060046692e-06 4.994378341839958405e-07 6.571668279701257128e-08 6.554908705850962450e-09 4.956264564754321333e-10 2.840790021745703438e-11 1.234299650992379144e-12
3.095659971255901407e-08 1.968756361135668410e-07 9.491339685034016568e-07 3.468645193551926305e-06 9.609240419083122330e-06 2.017971646493965738e-05 3.212461117446028359e-05 3.876658268321389524e-05 3.546287799447540927e-05 2.459162661320653885e-05 1.292698823923141223e-05 5.151150879043561341e-06 1.555994319386453325e-06 3.562940443854509468e-07 6.184519144638379588e-08 8.137671098632107160e-09 8.116917783957325070e-10 6.137323003712128802e-11 3.517739160488086557e-12 1.528428424781810142e-13
2.905859222349444374e-09 1.848048197051903035e-08 8.909407755470645022e-08 3.255976017499025511e-07 9.020079773243762786e-07 1.894246000482151277e-06 3.015499070068207313e-06 3.638973041450913066e-06 3.328858208852063928e-06 2.308386762437903586e-06 1.213441021978062105e-06 4.835324107482479911e-07 1.460593374238744271e-07 3.344489848236173840e-08 5.805334616564234348e-09 7.638735142094157329e-10 7.619254252267109624e-11 5.761032160014327688e-12 3.302059940768312306e-13 1.434717596600699011e-14
2.067724668650596320e-10 1.315017195777951464e-09 6.339674701845631581e-09 2.316857568369785429e-08 6.418425681768795708e-08 1.347890205267023680e-07 2.145741186467957920e-07 2.589387079900900715e-07 2.368718410012402522e-07 1.642580692405386690e-07 8.634492393158672266e-08 3.440675605020789115e-08 1.039315644595899960e-08 2.379841428676677578e-09 4.130906791395002391e-10 5.435501131340389252e-11 5.421639098330378135e-12 4.099382455465183163e-13 2.349649544057805590e-14 1.020903195936589605e-15
1.115340999416470347e-11 7.093268342859197505e-11 3.419652154436166458e-10 1.249724528119868738e-09 3.462130825791314651e-09 7.270586995643353958e-09 1.157423498248483310e-08 1.396728305929399490e-08 1.277698524767108651e-08 8.860162181482403951e-09 4.657488262943796747e-09 1.855917582332734436e-09 5.606120424675593623e-10 1.283698336512666892e-10 2.228231726914381689e-11 2.931936420778357407e-12 2.924459171033390647e-13 2.211227342880585634e-14 1.267412683361826525e-15 5.506802758253488468e-17
4.560573341331190942e-13 2.900401807543777195e-12 1.398278594645648803e-11 5.110060842319119652e-11 1.415647910062082813e-10 2.972906514286493452e-10 4.732646565941681528e-10 5.711151908193927750e-10 5.224445109934705277e-10 3.622875825947403371e-10 1.904423563794146996e-10 7.588753801862182239e-11 2.292314491303031407e-11 5.248978038890168900e-12 9.111127643824360049e-13 1.198854080149074020e-13 1.195796670274317262e-14 9.041597571361413861e-16 5.182386820917578196e-17 2.251703996212746296e-18
1.413604897066132261e-14 8.990146395511281948e-14 4.334133717224427785e-13 1.583925197637471956e-12 4.387972012310788779e-12 9.214883508240027134e-12 1.466941075383648006e-11 1.770240647627649627e-11 1.619379985609705039e-11 1.122954204597199090e-11 5.902991300391500400e-12 2.352226076428001838e-12 7.105306170946859383e-13 1.626984263825455339e-13 2.824104271798708550e-14 3.715993301122474184e-15 3.706516489222256085e-16 2.802552584418478148e-17 1.606343509959161335e-18 6.979429026922791656e-20
3.321493884423030734e-16 2.112380647147794218e-15 1.018374983413708546e-14 3.721689043561851142e-14 1.031025163690265807e-13 2.165186275303205625e-13 3.446815882435208246e-13 4.159467399452018754e-13 3.804995815961762020e-13 2.638562961120126535e-13 1.387003507468428713e-13 5.526936518012415871e-14 1.669506878671285167e-14 3.822863300462903735e-15 6.635690840644798141e-16 8.731328711333563157e-17 8.709061405358795328e-18 6.585051657107020794e-19 3.774364502899946665e-20 1.639930002916799018e-21
5.916102539706056404e-18 3.762481866977074127e-17 1.813885870451779635e-16 6.628913003835643593e-16 1.836417829343193588e-15 3.856536988471092012e-15 6.139320710962630798e-15 7.408665047112413161e-15 6.777295456105441763e-15 4.699695251183230115e-15 2.470471197191601800e-15 9.844342428071991304e-16 2.973654093203182589e-16 6.809120253655452602e-17 1.181920810366394366e-17 1.555186845484783549e-18 1.551220688387594800e-19 1.172901176046383111e-20 6.722736274211617729e-22 2.920973029845417808e-23
7.987939146823030741e-20 5.080114144865964557e-19 2.449114067108604855e-18 8.950377943728793364e-18 2.479536784645236326e-17 5.207107648088523787e-17 8.289328981853103022e-17 1.000320145878829309e-16 9.150724369645645824e-17 6.345542428162542896e-17 3.335637517216899176e-17 1.329186026242104548e-17 4.015036551646457407e-18 9.193694305423986657e-19 1.595832973855048733e-19 2.099817878459125304e-20 2.094462761416028883e-21 1.583654636919322502e-22 9.077058400886122567e-24 3.943906424089117368e-25
8.175806835158451836e-22 5.199592934492900876e-21 2.506714580808116923e-20 9.160881151516178663e-20 2.537852807753550577e-19 5.329573187544861098e-19 8.484285033100928097e-19 1.023846593683122876e-18 9.365939508659773702e-19 6.494782722223540432e-19 3.414088103527846068e-19 1.360447043824738706e-19 4.109465868354514013e-20 9.409920050847880607e-21 1.633365239218740798e-21 2.149203323628471049e-22 2.143722260025046716e-23 1.620900480971355717e-24 9.290540995998001087e-26 4.036662837137096699e-27
