2.437497486824867369e-11 6.388310520783101893e-10 1.269184263999503449e-08 1.911437751066167636e-07 2.182189485076720346e-06 1.888519953821546555e-05 1.238932131332811531e-04 6.161270473748870586e-04 2.322682520628544574e-03 6.637526200874340095e-03 1.437869476885198818e-02 2.361182197853578871e-02 2.939248838224975749e-02 2.773575737932682320e-02 1.983994772334862072e-02 1.075815598071047478e-02 4.422134722496479618e-03 1.377916566205530024e-03 3.254697970101530220e-04 5.827674464844500646e-05
6.563936879584298096e-11 1.720308113229139284e-09 3.417786251056337525e-08 5.147310639321429721e-07 5.876417972432275373e-06 5.085595304086866248e-05 3.336320284272650382e-04 1.659168499919760897e-03 6.254751661951121755e-03 1.787419402671017871e-02 3.872038653729883290e-02 6.358427441128507163e-02 7.915103072631969605e-02 7.468961987834296656e-02 5.342699438839228210e-02 2.897063778723788299e-02 1.190836640791599794e-02 3.710591463086285527e-03 8.764576026573171448e-04 1.569334432087268229e-04
1.339927915314702995e-10 3.511747456054262300e-09 6.976890988414251454e-08 1.050745206870414057e-06 1.199581383515328151e-05 1.038146959507464331e-04 6.810590603379973202e-04 3.386940231201768844e-03 1.276812454013133945e-02 3.648744949792549763e-02 7.904178203552145177e-02 1.297976288036866155e-01 1.615747950380110876e-01 1.524675031085517274e-01 1.090630859584112294e-01 5.913915232233222380e-02 2.430911946364276363e-02 7.574608310420892152e-03 1.789154938468446665e-03 3.203557640169522208e-04
2.073458242119100307e-10 5.434218978329387863e-09 1.079632117440912562e-07 1.625965311007721372e-06 1.856280385171551082e-05 1.606470277332846446e-04 1.053898128315390809e-03 5.241087268713775366e-03 1.975790843787338102e-02 5.646214399347685570e-02 1.223124263329055939e-01 2.008540610091775758e-01 2.500273236053777159e-01 2.359343344985068147e-01 1.687685971064343537e-01 9.151429820452455788e-02 3.761690724885729392e-02 1.172125295141515817e-02 2.768610170140535249e-03 4.957313686201561152e-04
2.432237450180434440e-10 6.374524764031776465e-09 1.266445407539851926e-07 1.907312933433118170e-06 2.177480394413590833e-05 1.884444592015208162e-04 1.236258557946169579e-03 6.147974661694348246e-03 2.317670250774758398e-02 6.623202645164552593e-02 1.434766603475395308e-01 2.356086847006231833e-01 2.932906039235542717e-01 2.767590455856905884e-01 1.979713379118558658e-01 1.073494024613394493e-01 4.412591906221720317e-02 1.374943069137166650e-02 3.247674442618184165e-03 5.815098541627093318e-04
2.162785595296685135e-10 5.668332397187273189e-09 1.126144112472915076e-07 1.696014070437980142e-06 1.936251425916204065e-05 1.675679164648533916e-04 1.099301468690845260e-03 5.466880315314249020e-03 2.060910554868498196e-02 5.889460864370019838e-02 1.275818091847542857e-01 2.095071224890085737e-01 2.607988349799775230e-01 2.460987010607806336e-01 1.760393739047191597e-01 9.545685652108831798e-02 3.923749390500954476e-02 1.222622019927484260e-02 2.887885597759678319e-03 5.170881387476717380e-04
1.457866595673421780e-10 3.820846815793217065e-09 7.590987692255931130e-08 1.143230408257116955e-06 1.305166948035383377e-05 1.129523279847778313e-04 7.410049767597374050e-04 3.685054224317565498e-03 1.389195795065116534e-02 3.969902647475861968e-02 8.599893499869515345e-02 1.412222441727918887e-01 1.757963944899023356e-01 1.658874907875068361e-01 1.186626743293747732e-01 6.434450217937354166e-02 2.644877596117239590e-02 8.241315301263306761e-03 1.946633986399687105e-03 3.485530540514644032e-04
7.449359286786493380e-11 1.952363871638760331e-09 3.878818187412264026e-08 5.841641535625543261e-07 6.669099596635625421e-06 5.771601296954653965e-05 3.786363115501896297e-04 1.882977015160394729e-03 7.098467464612434261e-03 2.028527935435138832e-02 4.394345593674522932e-02 7.216128274367020201e-02 8.982786955702322385e-02 8.476465019001273860e-02 6.063386716135901050e-02 3.287854432539207006e-02 1.351470946760282600e-02 4.211120472682401521e-03 9.946846993817220432e-04 1.781025052526627299e-04
2.885472080593521852e-11 7.562383858657049039e-10 1.502440834788163648e-08 2.262730646618371057e-07 2.583242390110422527e-06 2.235600910298438538e-05 1.466628824864056873e-04 7.293617338718068419e-04 2.749555887373016962e-03 7.857401552351610599e-03 1.702127798496452793e-02 2.795131213848287347e-02 3.479437622585111051e-02 3.283316351493466290e-02 2.348622533790968581e-02 1.273533978549723500e-02 5.234855152613149612e-03 1.631156463817520557e-03 3.852861459039169157e-04 6.898711508006884197e-05
8.472501440745744560e-12 2.220513882940255863e-10 4.411559627622388257e-09 6.643969557851468531e-08 7.585075946222334086e-07 6.564309549493183028e-06 4.306406190956460560e-05 2.141596996420291877e-04 8.073415914801400882e-04 2.307138801326525344e-03 4.997892830807853376e-03 8.207237004882699319e-03 1.021653977129232185e-02 9.640676375122130340e-03 6.896170624953293186e-03 3.739429170245779557e-03 1.537090520504612355e-03 4.789502412004971433e-04 1.131300991690365582e-04 2.025642305949983037e-05
1.885833062970674254e-12 4.942481894538982561e-11 9.819372782903441332e-10 1.478833323215595989e-08 1.688307414825370660e-07 1.461102375795971379e-06 9.585319323088237379e-06 4.766826481710922529e-05 1.797003490613276438e-04 5.135294060240525775e-04 1.112444962262756432e-03 1.826789763057495332e-03 2.274025991568561899e-03 2.145848706519115027e-03 1.534968941979828827e-03 8.323326015587881061e-04 3.421299063351070525e-04 1.066060840107897008e-04 2.518081382720212391e-05 4.508731289134369943e-06
3.181937605617359708e-13 8.339374950051491859e-12 1.656807918738988570e-10 2.495213100234508046e-09 2.848655566899991223e-08 2.465295940818047290e-07 1.617316432449221442e-06 8.042994228617236015e-06 3.032056811646303038e-05 8.664704001128710204e-05 1.877011560094010332e-04 3.082314738650790767e-04 3.836929662970829701e-04 3.620658068473329885e-04 2.589929880774533423e-04 1.404382210326337102e-04 5.772706165513605920e-05 1.798748332300346850e-05 4.248720633342195663e-06 7.607514113641035868e-07
4.069835844603243671e-14 1.066642131303543794e-12 2.119128999702092989e-11 3.191485495293895306e-10 3.643553699680021142e-09 3.153220154217782406e-08 2.068617680380498534e-07 1.028733754922650371e-06 3.878131825440777220e-06 1.108253124272961451e-05 2.400778982755413104e-05 3.942413888180543678e-05 4.907599020173219415e-05 4.630978295146578649e-05 3.312632354945276085e-05 1.796265598991937920e-05 7.383540906425485465e-06 2.300676928828681137e-06 5.434297484889395800e-07 9.730339643795163726e-08
3.946016937093548424e-15 1.034191077146912619e-13 2.054657544922624693e-12 3.094389135035449627e-11 3.532703813892731015e-10 3.057287961977036428e-09 2.005682959910237088e-08 9.974360086457902420e-08 3.760145237249180461e-07 1.074536115447251688e-06 2.327738731952379877e-06 3.822471610598798473e-06 4.758292371852443157e-06 4.490087434900586132e-06 3.211850275561295961e-06 1.741616799247510051e-06 7.158907283966501045e-07 2.230682139176892604e-07 5.268966792607558735e-08 9.434308041933253668e-09
2.900265903786689367e-16 7.601156221237254702e-15 1.510143853028247857e-13 2.274331672788392703e-12 2.596486680859734207e-11 2.247062842236676657e-10 1.474148234832004392e-09 7.331011734620667662e-09 2.763652867874442442e-08 7.897686471448578006e-08 1.710854612341749946e-07 2.809461859172320362e-07 3.497276708725083241e-07 3.300149923343956687e-07 2.360663927899782210e-07 1.280063390716237300e-07 5.261694269196693857e-08 1.639519407437183985e-08 3.872615090202739547e-09 6.934081220643022045e-10
1.615896381107246386e-17 4.235018869853075881e-16 8.413835379278928584e-15 1.267154268406225169e-13 1.446644401024196918e-12 1.251961315047008618e-11 8.213284150155156514e-11 4.084506636567873489e-10 1.539781804835302868e-09 4.400232051713271421e-09 9.532104532464242505e-09 1.565304493345952926e-08 1.948523675012363767e-08 1.838693587122566433e-08 1.315254678242842874e-08 7.131931585809369479e-09 2.931576969196747519e-09 9.134657183583800557e-10 2.157645166779205587e-10 3.863354989661938781e-11
6.824738558408499467e-19 1.788660270212932242e-17 3.553583472828868634e-16 5.351826203805294541e-15 6.109902800333294159e-14 5.287658763479900854e-13 3.468880658815524331e-12 1.725091426689083553e-11 6.503268636442292993e-11 1.858438059542847661e-10 4.025884463019397392e-10 6.611063714412283857e-10 8.229589973904498028e-10 7.765722584597464526e-10 5.554978290489390051e-10 3.012171390361842445e-10 1.238151567918608928e-10 3.858022570477580020e-11 9.112814619333263571e-12 1.631688025979672407e-12
2.185019661859033435e-20 5.726604507049041820e-19 1.137721202319443668e-17 1.713449589619725302e-16 1.956156655162632777e-15 1.692905635069348257e-14 1.110602608332291052e-13 5.523081439033319772e-13 2.082097316309689613e-12 5.950006239352875139e-12 1.288933873845201397e-11 2.116609167979943731e-11 2.634799230494271356e-11 2.486286674671555740e-11 1.778491099994586184e-11 9.643818084021525492e-12 3.964086678354219428e-12 1.235190930794461017e-12 2.917573903777926705e-13 5.224039555907829948e-14
5.302998434829425071e-22 1.389835307565639562e-20 2.761226299464513376e-19 4.158507426968285898e-18 4.747552556018076139e-17 4.108647665645514468e-16 2.695410021479055573e-15 1.340440671445029591e-14 5.053207988141740449e-14 1.444054455220240653e-13 3.128216388581268755e-13 5.136967552682551241e-13 6.394604332078693924e-13 6.034167369049117093e-13 4.316361854430679714e-13 2.340535103553005626e-13 9.620758026934774104e-14 2.997783355022786325e-14 7.080892733052072148e-15 1.267863812488365249e-15
9.756284765611626195e-24 2.556973984539363135e-22 5.080014714493935870e-21 7.650687277398472575e-20 8.734393427689096330e-19 7.558956903386714066e-18 4.958928057929718522e-17 2.466099332809990584e-16 9.296728392068599773e-16 2.656724616331496495e-15 5.755191194287734458e-15 9.450826526085881645e-15 1.176458594017668874e-14 1.110146568951384643e-14 7.941102740416629688e-15 4.306040677703470431e-15 1.769995901853175390e-15 5.515224723643252772e-16 1.302719711261391593e-16 2.332574778338267531e-17
