4.162250128178183842e-07 3.624556986440655256e-07 2.392646333531144411e-07 1.197288756973206112e-07 4.541675694179654224e-08 1.305960838479426807e-08 2.846695455529279602e-09 4.703798198634921491e-10 5.891870249793593798e-11 5.594412511850630933e-12 4.026731000329114911e-13 2.197088592900958502e-14 9.087393617139949363e-16 2.849232763509259816e-17 6.771943702506552142e-19 1.220100395104628859e-20 1.666382192404314669e-22 1.725243832387083558e-24 1.354014048940351361e-26 8.055503244950190949e-29
5.693861451148495730e-06 4.958309728401292189e-06 3.273084582902692570e-06 1.637863196416579621e-06 6.212906808180313383e-07 1.786524078547459213e-07 3.894213230402929575e-08 6.434686626801048468e-09 8.059941583845239644e-10 7.653026310792990231e-11 5.508474433504052010e-12 3.005566138177392035e-13 1.243134329139740711e-14 3.897684208756449818e-16 9.263861615622572491e-18 1.669068987273479249e-19 2.279572115086759562e-21 2.360093470730507221e-23 1.852259753776357203e-25 1.101974124176417534e-27
5.904490586549390984e-05 5.141729100316699711e-05 3.394163569756462179e-05 1.698451553180438853e-05 6.442736634662900549e-06 1.852611745988231428e-06 4.038269205916891292e-07 6.672720602936084073e-08 8.358097508739501432e-09 7.936129496367969065e-10 5.712245673331624876e-11 3.116748997561296920e-12 1.289120749986190156e-13 4.041868583806626015e-15 9.606553333591694318e-17 1.730811718586859941e-18 2.363898772453507896e-20 2.447398799718626119e-22 1.920779136241681162e-24 1.142738701783522759e-26
4.641461936652412036e-04 4.041862639609169897e-04 2.668118576001240441e-04 1.335136049381393023e-04 5.064571857525776866e-05 1.456319859665446271e-05 3.174443677142447211e-06 5.245359991427110250e-07 6.570218189189290709e-08 6.238513287775952220e-09 4.490340102493171745e-10 2.450045711180399167e-11 1.013365133723828792e-12 3.177273112675613343e-14 7.551617025499349123e-16 1.360574056910757972e-17 1.858237558958381105e-19 1.923876108563889828e-21 1.509905574223621921e-23 8.982956463594705039e-26
2.765820373687252580e-03 2.408522613963117072e-03 1.589916456848084348e-03 7.955998643148858539e-04 3.017949132994667927e-04 8.678125972897942080e-05 1.891632661690135109e-05 3.125679738327568363e-06 3.915155090194846321e-07 3.717494054318152417e-08 2.675767745112195820e-09 1.459968095598600849e-10 6.038584332028669559e-12 1.893318705990502844e-13 4.499964991304811975e-15 8.107582261523807391e-17 1.107313034096494141e-18 1.146426666886324578e-20 8.997440152538723358e-23 5.352891899588682393e-25
1.249366822785964032e-02 1.087969513292588210e-02 7.181915684348131636e-03 3.593856217650490386e-03 1.363257554789259985e-03 3.920053079962541637e-04 8.544817700013075136e-05 1.411921251601263386e-05 1.768540329764791509e-06 1.679253569593658322e-07 1.208688560554369753e-08 6.594917436865878194e-10 2.727728450048955647e-11 8.552433841070762135e-13 2.032708637668846072e-14 3.662329045993634373e-16 5.001916177926959551e-18 5.178598928517520052e-20 4.064292577900897275e-22 2.417989833660134575e-24
4.278118263467027560e-02 3.725456895464348411e-02 2.459252486581654448e-02 1.230618713463232233e-02 4.668106225158243604e-03 1.342315993132543609e-03 2.925941364354992078e-04 4.834741873153932035e-05 6.055887307438874582e-06 5.750148982707192919e-07 4.138826573144219397e-08 2.258250836995900616e-09 9.340367206094953230e-11 2.928549305558636426e-12 6.960460121493137582e-14 1.254065378777496070e-15 1.712770706156837480e-17 1.773270928217765186e-19 1.391706902126532222e-21 8.279751214452674984e-24
1.110484298631078254e-01 9.670282897432870561e-02 6.383557219629472368e-02 3.194354795126691515e-02 1.211714671762994383e-02 3.484290854940176943e-03 7.594955874824796610e-04 1.254968798763557815e-04 1.571945270101095496e-05 1.492583834022151103e-06 1.074327926715380237e-07 5.861811063685102670e-09 2.424507806245454911e-10 7.601725387914517174e-12 1.806748013997592288e-13 3.255216024487960243e-15 4.445891532696975851e-17 4.602933817469877186e-19 3.612496354543394394e-21 2.149200455428731899e-23
2.185087729156485747e-01 1.902810919767202458e-01 1.256085526483848303e-01 6.285496763896496197e-02 2.384277619928609065e-02 6.856000756901531150e-03 1.494451106244590105e-03 2.469388289445339319e-04 3.093099402519867053e-05 2.936940778432963964e-06 2.113943234181454648e-07 1.153422109766119008e-08 4.770677319077583979e-10 1.495783135882737692e-11 3.555118176754659862e-13 6.405252734892765405e-15 8.748131824315221193e-17 9.057142199193078208e-19 7.108269307063582115e-21 4.228958075718831835e-23
3.259283615153898417e-01 2.838238653203759010e-01 1.873581056299811198e-01 9.375466413689047263e-02 3.556395872311874512e-02 1.022643193418967811e-02 2.229127892321243823e-03 3.683347210205175975e-04 4.613676635567861672e-05 4.380749948890665063e-06 3.153164266403524606e-07 1.720447986391909191e-08 7.115957044552292910e-10 2.231114751849387964e-11 5.302825268212573151e-13 9.554094790425034047e-15 1.304874048659081909e-16 1.350966131750901710e-18 1.060271648386276392e-20 6.307926945653572454e-23
3.685294916007608723e-01 3.209216415053895433e-01 2.118471282893812091e-01 1.060090583983648443e-01 4.021241835661033825e-02 1.156309854126871817e-02 2.520490592014446377e-03 4.164786606647911233e-04 5.216716633712921425e-05 4.953344790212448279e-06 3.565305021718729888e-07 1.945322643303092486e-08 8.046062698222368245e-10 2.522737148062487523e-11 5.995941841501186164e-13 1.080288220224298136e-14 1.475430267926076443e-16 1.527546910582368653e-18 1.198856612912606174e-20 7.132417380089483971e-23
3.158778418116383602e-01 2.750717047611216381e-01 1.815806202846232398e-01 9.086358986877426935e-02 3.446728746005888605e-02 9.911083631342479383e-03 2.160389186368221175e-03 3.569765337367216546e-04 4.471406574389636936e-05 4.245662552771395831e-06 3.055931428361115041e-07 1.667395234842102618e-08 6.896525184879824431e-10 2.162314777920962951e-11 5.139304212248237736e-13 9.259479073350830767e-15 1.264636180816014852e-16 1.309306941175601496e-18 1.027576484811401603e-20 6.113411979964924085e-23
2.052404204082648731e-01 1.787267888238137648e-01 1.179813140151588918e-01 5.903827022976793071e-02 2.239498829061064775e-02 6.439688708558400157e-03 1.403704616672945757e-03 2.319441384042991033e-04 2.905279331657746790e-05 2.758603016421908038e-06 1.985579765578085075e-07 1.083383680928778627e-08 4.480990879838195968e-10 1.404955762424585686e-11 3.339243269101419671e-13 6.016311137484914147e-15 8.216925249506963023e-17 8.507171807593349563e-19 6.676638935316700219e-21 3.972166068062251820e-23
1.010888948067041604e-01 8.802989936685481909e-02 5.811038886935962489e-02 2.907864579966749213e-02 1.103040332408004517e-02 3.171797315326321982e-03 6.913791545167881402e-04 1.142415152022345048e-04 1.430963141460292652e-05 1.358719347708476562e-06 9.779753113620136865e-08 5.336086270864950151e-09 2.207062404085404531e-10 6.919953924928355635e-12 1.644707270101631099e-13 2.963267384133298843e-15 4.047155480044571949e-17 4.190113206013160350e-19 3.288504523874948256e-21 1.956446381323700963e-23
3.774338271402705863e-02 3.286756857351793432e-02 2.169657360436115165e-02 1.085704279704617636e-02 4.118402273037996900e-03 1.184248380522858390e-03 2.581390179339162366e-04 4.265415343943712914e-05 5.342761892992860839e-06 5.073026511920400289e-07 3.651449205393655331e-08 1.992325138200681315e-09 8.240470048705233931e-11 2.583691016223107271e-12 6.140814583707522533e-14 1.106389927174463168e-15 1.511079317649874677e-17 1.564455192155940266e-19 1.227823145546846630e-21 7.304749415944419808e-24
1.068255192611380737e-02 9.302544783332955189e-03 6.140805552683034803e-03 3.072880995385242602e-03 1.165636012746760954e-03 3.351791468773156592e-04 7.306137566228923703e-05 1.207245287031128330e-05 1.512167888691836483e-06 1.435824381369010339e-07 1.033473762479908351e-08 5.638900175903146079e-10 2.332309476812315366e-11 7.312649650657746059e-13 1.738041636493622925e-14 3.131427815339411036e-16 4.276824734438072448e-18 4.427895070484254491e-20 3.475121614765584296e-22 2.067471417024708312e-24
2.291954668530705747e-03 1.995872436927369382e-03 1.317517392132282845e-03 6.592904010132545969e-04 2.500886417122568815e-04 7.191309864843048959e-05 1.567540810441696769e-05 2.590159627409620446e-06 3.244374823601069885e-07 3.080578888668306570e-08 2.217330681940824173e-09 1.209832975578287256e-10 5.003998698823121655e-12 1.568937986173838108e-13 3.728989730557246536e-15 6.718516933195957172e-17 9.175980125704754593e-19 9.500103391729926704e-21 7.455916211559626867e-23 4.435785380757240377e-25
3.727639063556046316e-04 3.246090406550111046e-04 2.142812580571329579e-04 1.072271056137433454e-04 4.067446023249269758e-05 1.169595888539526893e-05 2.549451103440305599e-06 4.212640127898984540e-07 5.276656862077502166e-08 5.010258868308066739e-09 3.606270481834039604e-10 1.967674457992208557e-11 8.138512196523742861e-13 2.551723472483765542e-14 6.064835390542669051e-16 1.092700763815673160e-17 1.492383005328741132e-19 1.545098469750092373e-21 1.212631510841694482e-23 7.214369066671661741e-26
4.595772310959033401e-05 4.002075349822411502e-05 2.641854148821434775e-05 1.321993236367187927e-05 5.014717222148874122e-06 1.441984137389557094e-06 3.143195086639524272e-07 5.193725713713269160e-08 6.505542271582950552e-09 6.177102607069749846e-10 4.446138089998191818e-11 2.425927949793296503e-12 1.003389769435056374e-13 3.145996669773544116e-15 7.477280413461190098e-17 1.347180837223339758e-18 1.839945439002007793e-20 1.904937855814990595e-22 1.495042364859810960e-24 8.894530031568941499e-27
4.295166202620004381e-06 3.740302525846582487e-06 2.469052399574025775e-06 1.235522624869045829e-06 4.686708233327515943e-07 1.347665008743075052e-07 2.937600993021793611e-08 4.854007910275369116e-09 6.080019505750465223e-10 5.773062839674360787e-11 4.155319446701797642e-12 2.267249775428718340e-13 9.377587778783580234e-15 2.940219326650392567e-16 6.988196965899966113e-18 1.259062723159911963e-19 1.719595952441144111e-21 1.780337262765863797e-23 1.397252736328656122e-25 8.312745322191902161e-28
