4.213313925355908864e-14 2.549434771636758353e-13 1.169393863136757755e-12 4.066067044274124709e-12 1.071729239898773494e-11 2.141373596663007532e-11 3.243370981012900818e-11 3.723896734764822746e-11 3.241122541828358423e-11 2.138405647920719049e-11 1.069501883328783955e-11 4.054803698601861771e-12 1.165346117703001045e-12 2.538848889844773597e-13 4.192910491282319078e-14 5.249176178885826790e-15 4.981538907816174943e-16 3.583708885379341898e-17 1.954333784343764556e-18 8.079073800290667167e-20
1.282261447318548702e-12 7.758837765327535985e-12 3.558881901505841596e-11 1.237448978512744776e-10 3.261653678393129650e-10 6.516962315061510264e-10 9.870732734336371375e-10 1.133314369966154990e-09 9.863889933315470427e-10 6.507929790266831694e-10 3.254875039275019997e-10 1.234021141380446317e-10 3.546563170905137537e-11 7.726621157810956569e-12 1.276051955842486642e-12 1.597511214120989373e-13 1.516059663005160736e-14 1.090650215850385788e-15 5.947733568522280619e-17 2.458749822036815959e-18
2.958190721080571107e-11 1.789972078764331684e-10 8.210378188061295993e-10 2.854807881576772568e-09 7.524669533641443863e-09 1.503470098891418096e-08 2.277188481806249456e-08 2.614568238257486733e-08 2.275609840373290763e-08 1.501386285867839990e-08 7.509031141500216720e-09 2.846899825057296431e-09 8.181958746273769051e-10 1.782539673335655975e-10 2.943865358569260797e-11 3.685475267401439186e-12 3.497565677487189766e-13 2.516141583465724477e-14 1.372148425007676710e-15 5.672361844940397467e-17
5.173358507026153960e-10 3.130348295336475571e-09 1.435851635339916001e-08 4.992559991089991414e-08 1.315933177229522730e-07 2.629306410412314282e-07 3.982404623374331302e-07 4.572422846573242588e-07 3.979643855439896748e-07 2.625662185665154280e-07 1.313198295788528953e-07 4.978730182491938636e-08 1.430881571716605087e-08 3.117350317356870883e-09 5.148305951933611538e-10 6.445252055986811326e-11 6.116631028070290209e-12 4.400291831403550623e-13 2.399647756593255767e-14 9.919969390862617288e-16
6.858289286041203589e-09 4.149883319767190976e-08 1.903499607387001276e-07 6.618605814831357498e-07 1.744524451240352646e-06 3.485655200535495974e-06 5.279449109137700413e-06 6.061632608162256183e-06 5.275789176210134551e-06 3.480824074390768557e-06 1.740898835876583638e-06 6.600271723349523233e-07 1.896910824867408465e-07 4.132651980976984266e-08 6.825077269138491607e-09 8.544430675232550084e-10 8.108779816729911090e-11 5.833439588960065461e-12 3.181198147579517014e-13 1.315084189483677381e-14
6.892167820954170704e-08 4.170382887672493963e-07 1.912902502951192489e-06 6.651300362818585767e-06 1.753142042313412391e-05 3.502873618493776935e-05 5.305528499129185657e-05 6.091575823354871051e-05 5.301850486887624471e-05 3.498018627582054070e-05 1.749498517157338105e-05 6.632875704705293432e-06 1.906281173204541371e-06 4.153066429621719087e-07 6.858791743536182753e-08 8.586638400930452397e-09 8.148835517016828599e-10 5.862255577690573341e-11 3.196912610474395279e-12 1.321580434213043506e-13
5.250403817591620677e-07 3.176967654165899885e-06 1.457235352517152448e-05 5.066912722397503329e-05 1.335530983989940718e-04 2.668463899437455871e-04 4.041713407134156413e-04 4.640518598640775024e-04 4.038911523892781976e-04 2.664765402320227734e-04 1.332755372761963253e-04 5.052876950517156611e-05 1.452191271194342348e-05 3.163776101113384799e-06 5.224978162145623316e-07 6.541239304048571309e-08 6.207724219569006977e-09 4.465824086759296211e-10 2.435385006660761505e-11 1.006770458483398581e-12
3.031980401385013209e-06 1.834621487777977458e-05 8.415179446262250739e-05 2.926018760378805558e-04 7.712366342818499296e-04 1.540972947221616943e-03 2.333991110814585476e-03 2.679786533028121615e-03 2.332373091445034703e-03 1.538837155163786264e-03 7.696337863605356424e-04 2.917913443771175466e-04 8.386051104433536252e-05 1.827003686993772922e-05 3.017297704266294912e-06 3.777406473801864080e-07 3.584809630808527397e-08 2.578904704761984184e-09 1.406375560158232701e-10 5.813854333618218687e-12
1.327262706699994475e-05 8.031135954987856924e-05 3.683781677516811330e-04 1.280877534030662067e-03 3.376122161790768347e-03 6.745676601163199011e-03 1.021714836196962670e-02 1.173088297530008005e-02 1.021006541127858838e-02 6.736327077840656083e-03 3.369105624779178756e-03 1.277329396168560421e-03 3.671030618242290301e-04 7.997788698246585204e-05 1.320835291697396117e-05 1.653576236322012617e-06 1.569266124351489971e-07 1.128926835147136709e-08 6.156470641299848672e-10 2.545040210574149888e-11
4.404374234040431475e-05 2.665043483228033078e-04 1.222422134094709864e-03 4.250450177924762832e-03 1.120328732609013681e-02 2.238478039302597977e-02 3.390447479889822924e-02 3.892763539436487619e-02 3.388097081180727055e-02 2.235375503578923562e-02 1.118000372543592746e-02 4.238676075556197832e-03 1.218190836353733302e-03 2.653977565559603562e-04 4.383045569499472447e-05 5.487209527182486575e-06 5.207435762005817873e-07 3.746218619523643031e-08 2.042956569810140096e-09 8.445433953252252258e-11
1.107919877512968419e-04 6.703914092232051260e-04 3.075001598655980641e-03 1.069200297310192969e-02 2.818185754092404280e-02 5.630889164576019512e-02 8.528667086465402392e-02 9.792242608419171601e-02 8.522754660973122509e-02 5.623084739210921362e-02 2.812328766785218009e-02 1.066238523091920382e-02 3.064357773617972392e-03 6.676077787921173498e-04 1.102554654180424513e-04 1.380306982149193613e-05 1.309929920806358483e-06 9.423609015784957247e-08 5.139055112744062254e-09 2.124448026853393113e-10
2.112658564493003182e-04 1.278348895984457098e-03 5.863626598895634728e-03 2.038825379991799150e-02 5.373912311313143453e-02 1.073737050909905344e-01 1.626305469342913812e-01 1.867252825060711219e-01 1.625178046989843861e-01 1.072248848881656308e-01 5.362743801163808582e-02 2.033177663225154905e-02 5.843330214128182078e-03 1.273040876162823088e-03 2.102427784042199303e-04 2.632065212164095376e-05 2.497865344098225657e-06 1.796959211556213411e-07 9.799507182515742918e-09 4.051045034797244792e-10
3.053845731246756091e-04 1.847851983589687743e-03 8.475866076807166832e-03 2.947119940765100671e-02 7.767984589566831466e-02 1.552085776903377179e-01 2.350822844129558664e-01 2.699111993204894033e-01 2.349193156304889840e-01 1.549934582437984543e-01 7.751840519901644078e-02 2.938956172123552077e-02 8.446527673989245172e-03 1.840179246524595389e-03 3.039057148873764943e-04 3.804647493741776418e-05 3.610661725707751903e-06 2.597502648873316892e-07 1.416517731762745052e-08 5.855781333777805561e-10
3.346275498685324272e-04 2.024798356581954031e-03 9.287496972343352655e-03 3.229329873661630768e-02 8.511830260535289960e-02 1.700710207450254474e-01 2.575932636207176052e-01 2.957573212901579707e-01 2.574146892945033960e-01 1.698353019181444989e-01 8.494140269119897224e-02 3.220384359910680866e-02 9.255349186515255885e-03 2.016390894546112381e-03 3.330070793140218945e-04 4.168972439955222491e-05 3.956411007652320980e-06 2.846233974021485897e-07 1.552160454849111714e-08 6.416518490893022929e-10
2.779541176631720816e-04 1.681872998414773871e-03 7.714541218322549382e-03 2.682401780814490724e-02 7.070243531040053264e-02 1.412673299907035718e-01 2.139665677073005756e-01 2.456670567439124542e-01 2.138182372147883481e-01 1.410715331456200150e-01 7.055549564696678155e-02 2.674971303608815812e-02 7.687838068960867188e-03 1.674889447021958230e-03 2.766080944102896092e-04 3.462903925767902690e-05 3.286342475916612267e-06 2.364188044955952432e-07 1.289282337538411082e-08 5.329799463033736195e-10
1.750174493012944608e-04 1.059013353376470155e-03 4.857561880758592618e-03 1.689009400638949790e-02 4.451871406492788341e-02 8.895082387136397928e-02 1.347268507144918082e-01 1.546874786750919994e-01 1.346334524778643182e-01 8.882753782438665424e-02 4.442619158203908042e-02 1.684330703382862920e-02 4.840747893151987544e-03 1.054616068809827167e-03 1.741699081373056766e-04 2.180462794934301960e-05 2.069288566404405354e-06 1.488641955641834947e-07 8.118135037618841162e-09 3.355978012306181877e-10
8.353844896741784804e-05 5.054829294452530984e-04 2.318587014619604564e-03 8.061894753012058962e-03 2.124944877128055742e-02 4.245756003331697254e-02 6.430714301851192527e-02 7.383464960086207063e-02 6.426256264178206723e-02 4.239871375721748076e-02 2.120528640492221409e-02 8.039562630499591869e-03 2.310561446590698922e-03 5.033840396840766123e-04 8.313390488019508468e-05 1.040767538592080811e-05 9.877024147794911277e-07 7.105510938401201667e-08 3.874907400708614415e-09 1.601858552024640449e-10
3.022652939662338290e-05 1.828977532528457931e-04 8.389291328997840365e-04 2.917017274757461621e-03 7.688640331324156536e-03 1.536232360450568747e-02 2.326810915079401132e-02 2.671542546259493903e-02 2.325197873319117398e-02 1.534103138856932405e-02 7.672661161475368558e-03 2.908936893017607331e-03 8.360252596420349831e-04 1.821383166838089879e-04 3.008015411798445717e-05 3.765785813497042433e-06 3.573781467632027707e-07 2.570971066764481912e-08 1.402049043338043931e-09 5.795968827586178124e-11
8.290619445838758281e-06 5.016572196633506853e-05 2.301038962043907036e-04 8.000878904957373691e-04 2.108862390601053214e-03 4.213622316262689849e-03 6.382043921159575271e-03 7.327583757227115573e-03 6.377619623811612778e-03 4.207782226017109731e-03 2.104479577922217706e-03 7.978715801445488472e-04 2.293074134926958584e-04 4.995742151925020534e-05 8.250471213286147748e-06 1.032890567242229478e-06 9.802270628541997657e-08 7.051733409786546973e-09 3.845580453578809234e-10 1.589735005264254957e-11
1.723782615110003379e-06 1.043043887913753381e-05 4.784311938781507983e-05 1.663539865997378311e-04 4.384739102217518540e-04 8.760948374079337991e-04 1.326952278057474781e-03 1.523548580897701255e-03 1.326032379743203021e-03 8.748805679432973981e-04 4.375626373849729901e-04 1.658931721481730144e-04 4.767751498869574208e-05 1.038712912505340344e-05 1.715435009028970817e-06 2.147582354677883466e-07 2.038084585653613006e-08 1.466193875812457496e-09 7.995717056115984038e-11 3.305371308632158417e-12
