6.947047095532355116e-06 2.169984029359311333e-05 5.138183988258390592e-05 9.222731913757008606e-05 1.254891961941093299e-04 1.294344580523001042e-04 1.012022810050131202e-04 5.998290737215546239e-05 2.695017208259017620e-05 9.178937070684696874e-06 2.369845653699608626e-06 4.638147442045018368e-07 6.881226582620898913e-08 7.738984660961142269e-09 6.597796751848704935e-10 4.263936212275391403e-11 2.088907863890522730e-12 7.757551903449567706e-14 2.183870664648102565e-15 4.660429671043559554e-17
4.782454226069489194e-05 1.493850430118249845e-04 3.537205001067558882e-04 6.349070707354000521e-04 8.638869557261754078e-04 8.910467460474317787e-04 6.966920906460449814e-04 4.129315735291078397e-04 1.855291357569336134e-04 6.318921662810178996e-05 1.631438250786696384e-05 3.192972140581378762e-06 4.737142371146569096e-07 5.327636244340787408e-08 4.542024909967652017e-09 2.935359366024929045e-10 1.438036348991740133e-11 5.340418220061425148e-13 1.503410203747172911e-14 3.208311570237580821e-16
2.495733567734194597e-04 7.795689174184495997e-04 1.845897700180790940e-03 3.313275598517151279e-03 4.508211834795704601e-03 4.649945758829704748e-03 3.635701994850591961e-03 2.154891903860160687e-03 9.681876083147395286e-04 3.297542257653588013e-04 8.513694044323826438e-05 1.666259074399609329e-05 2.472087483108648100e-06 2.780237924536583414e-07 2.370265034947861228e-08 1.531823318499844983e-09 7.504422244622776529e-11 2.786908224838476094e-12 7.845577049358678997e-14 1.674263987294372741e-15
9.872847711986793007e-04 3.083888962417669338e-03 7.302168437128845647e-03 1.310695413761634592e-02 1.783399056443467010e-02 1.839467439130663962e-02 1.438243752674059350e-02 8.524515548316137156e-03 3.830043774344980487e-03 1.304471477025961673e-03 3.367923798146793654e-04 6.591537775884682201e-05 9.779306399920896482e-06 1.099831568037125658e-06 9.376507985318562408e-08 6.059724700080617940e-09 2.968666966116541389e-10 1.102470265529728563e-11 3.103624057567134145e-13 6.623204331553747570e-15
2.960625499096709422e-03 9.247828554502535506e-03 2.189741673763978547e-02 3.930454896838378454e-02 5.347977478839292809e-02 5.516112841927376526e-02 4.312941161761797010e-02 2.556293668862060636e-02 1.148536429587086564e-02 3.911790833194385072e-03 1.009957954046215205e-03 1.976640923352824966e-04 2.932574748006421499e-05 3.298125809323318561e-06 2.811785357543169459e-07 1.817163192214830252e-08 8.902305975549154456e-10 3.306038617571653315e-11 9.307009276854450811e-13 1.986136948706131763e-14
6.730097126854460085e-03 2.102217399778841256e-02 4.977723170880197362e-02 8.934714375902551298e-02 1.215702826169673956e-01 1.253923375320081246e-01 9.804182572203561097e-02 5.810969567563951249e-02 2.610854269548815165e-02 8.892287205987212118e-03 2.295837527186081906e-03 4.493302311669802613e-04 6.666332128756440587e-05 7.497303201672650309e-06 6.391753554073750118e-07 4.130777358596021284e-08 2.023673169291503427e-09 7.515290606048422593e-11 2.115670368065016119e-12 4.514888686902448401e-14
1.159727639989301465e-02 3.622532599212938825e-02 8.577592621138099838e-02 1.539626400902613101e-01 2.094894238444724166e-01 2.160755735581859627e-01 1.689452812072582133e-01 1.001343947288671765e-01 4.499013614971440755e-02 1.532315367984379319e-02 3.956178026879118154e-03 7.742840537736544494e-04 1.148739681069205123e-04 1.291932283364219354e-05 1.101424411110059529e-06 7.118138991323652842e-08 3.487185495982594741e-09 1.295031865678268518e-10 3.645714700254417522e-12 7.780038093035670367e-14
1.514912340365044165e-02 4.731989778197374930e-02 1.120461431143101871e-01 2.011161029412650569e-01 2.736488313418847240e-01 2.822520922565667223e-01 2.206874118734284129e-01 1.308021168411099278e-01 5.876906792402962487e-02 2.001610878492086215e-02 5.167819328386009069e-03 1.011420636676729204e-03 1.500559147434648254e-04 1.687606720317969276e-05 1.438752837162113646e-06 9.298180216252552025e-08 4.555190510984776987e-09 1.691655598119637441e-10 4.762271759700943461e-12 1.016279625426415188e-13
1.500084826632525070e-02 4.685674462420452019e-02 1.109494686193998464e-01 1.991476380349234132e-01 2.709704375520288755e-01 2.794894922945397320e-01 2.185273887863110609e-01 1.295218644251603379e-01 5.819385367666206343e-02 1.982019703480038947e-02 5.117238241931621953e-03 1.001521150759237784e-03 1.485872118507493918e-04 1.671088925093871424e-05 1.424670750111727754e-06 9.207172379580817307e-08 4.510605654121318067e-09 1.675098173677662479e-10 4.715660052849355039e-12 1.006332581164793167e-13
1.126006642390642645e-02 3.517201477605583909e-02 8.328184941088030702e-02 1.494859219042440901e-01 2.033981726620231745e-01 2.097928191891069161e-01 1.640329179717426034e-01 9.722282172865269467e-02 4.368197359433902832e-02 1.487760766487887867e-02 3.841145613108683417e-03 7.517704653950741701e-04 1.115338176533901897e-04 1.254367217289432208e-05 1.069398676237956696e-06 6.911167337327755528e-08 3.385789815064622505e-09 1.257376674125597693e-10 3.539709520750539537e-12 7.553820628860070463e-14
6.407120709642864093e-03 2.001332281602576785e-02 4.738842934042744592e-02 8.505938686109987268e-02 1.157361418045923379e-01 1.193747768403091436e-01 9.333681225614720578e-02 5.532101953013693341e-02 2.485559739329367898e-02 8.465547590128410030e-03 2.185660606251053992e-03 4.277669363925109994e-04 6.346415784860433263e-05 7.137508672532313587e-06 6.085014197466700664e-07 3.932541932504671734e-08 1.926557377720378664e-09 7.154632863894851782e-11 2.014139643827494196e-12 4.298219812037859537e-14
2.763641332239661404e-03 8.632527563681074989e-03 2.044047988638940730e-02 3.668943475194834380e-02 4.992151695280777624e-02 5.149100231657000037e-02 4.025981152225866638e-02 2.386211576832395972e-02 1.072118965859841441e-02 3.651521218401520413e-03 9.427607600076112673e-04 1.845125821026984115e-04 2.737456927917962909e-05 3.078686179104132753e-06 2.624704216681054285e-07 1.696258884131640340e-08 8.309994206892485823e-10 3.086072511463924771e-11 8.687770717674519658e-13 1.853990031703542731e-14
9.036437970249916679e-04 2.822627485906768242e-03 6.683541978503057535e-03 1.199655676848741803e-02 1.632312724745813015e-02 1.683631095799986710e-02 1.316398351952619700e-02 7.802334060644404608e-03 3.505569416227271012e-03 1.193959020738631811e-03 3.082599405795711156e-04 6.033114657286102835e-05 8.950821308391260323e-06 1.006655833475849148e-06 8.582147244508984982e-08 5.546355820174034102e-09 2.717166888036969234e-10 1.009070985305363925e-11 2.840690659608779257e-13 6.062098479824715022e-15
2.239802286740123500e-04 6.996260604414525830e-04 1.656605473999700614e-03 2.973507412049738313e-03 4.045905904071138079e-03 4.173105366090721843e-03 3.262869781955535751e-03 1.933913089258816912e-03 8.689023728865286848e-04 2.959387486229187402e-04 7.640635857774867037e-05 1.495388343287776089e-05 2.218581049384715163e-06 2.495131428116395477e-07 2.127200240479276481e-08 1.374738640380066632e-09 6.734862375325361234e-11 2.501117705683273680e-12 7.041032601850615101e-14 1.502572372239682651e-15
4.208418441774658912e-05 1.314544249078883125e-04 3.112635909338229163e-04 5.586994666317923004e-04 7.601950011917957620e-04 7.840948143545966057e-04 6.130684589788597261e-04 3.633675864074386859e-04 1.632601588008693511e-04 5.560464397744002951e-05 1.435617466823100271e-05 2.809721160998752286e-06 4.168545347987546764e-07 4.688162512781175157e-08 3.996847746061412200e-09 2.583029529457281317e-10 1.265429506475989973e-11 4.699410273826486199e-13 1.322956567469686532e-14 2.823219405958352857e-16
5.994113550732469357e-06 1.872325103945329382e-05 4.433374043193541344e-05 7.957640358387032815e-05 1.082757149957100205e-04 1.116798012556948356e-04 8.732026076623264691e-05 5.175499071008032452e-05 2.325338945502666499e-05 7.919852898664647483e-06 2.044771505165202942e-06 4.001928020689010864e-07 5.937321704796597169e-08 6.677420231541301637e-09 5.692770233365509608e-10 3.679047727471926407e-11 1.802370238893317139e-12 6.693440586415678943e-14 1.884306895289763414e-15 4.021153773580001397e-17
6.471840955660878225e-07 2.021548338627093483e-06 4.786711406392635695e-06 8.591859721365429240e-06 1.169052272503363937e-05 1.205806172287728607e-05 9.427963536273603561e-06 5.587983372393993077e-06 2.510667122990758673e-06 8.551060622821186638e-07 2.207738618912115794e-07 4.320879383864375776e-08 6.410522832244528845e-09 7.209606786205564802e-10 6.146480749094239801e-11 3.972265716850547491e-12 1.946018111036394170e-13 7.226903954155869161e-15 2.034485071855237360e-16 4.341637418210911614e-18
5.296970150850969631e-08 1.654564950154374849e-07 3.917751937062318362e-07 7.032129620639608405e-07 9.568274366845075366e-07 9.869091879850950857e-07 7.716450663280087971e-07 4.573564358242167374e-07 2.054891166256556109e-07 6.998737018959329912e-08 1.806955029546804246e-08 3.536485101930280290e-09 5.246783461828813676e-10 5.900805073477522950e-11 5.030674468638519202e-12 3.251157294741857919e-13 1.592746162613718714e-14 5.914962186261196871e-16 1.665153203207642266e-17 3.553474809971212454e-19
3.286427338512660120e-09 1.026550524295218397e-08 2.430711653038874259e-08 4.362981548899592367e-08 5.936495310727359018e-08 6.123133118850003273e-08 4.787558489830977195e-08 2.837600838464132545e-08 1.274927045863904940e-08 4.342263599592572774e-09 1.121098711045511242e-09 2.194160244486037329e-10 3.255289744353223975e-11 3.661067848304817170e-12 3.121208093316369846e-13 2.017132796855195737e-14 9.881959654395885004e-16 3.669851421019317626e-17 1.033119850402469989e-18 2.204701259328277529e-20
1.545672083255101046e-10 4.828071105847435492e-10 1.143211992097592720e-09 2.051996921052643864e-09 2.792051711180936041e-09 2.879831181097854225e-09 2.251683893316112051e-09 1.334580061465850708e-09 5.996235242707596711e-10 2.042252857798636205e-10 5.272750016194063783e-11 1.031957164044626866e-11 1.531027453973947251e-12 1.721872959646382848e-13 1.467966189099546953e-14 9.486976376384473024e-16 4.647681993956887752e-17 1.726004048436006882e-18 4.858967951947750941e-20 1.036914812789791833e-21
