1.868738501062950574e-24 6.118792304168170787e-23 1.518726985113977631e-21 2.857528212928753391e-20 4.075662032462082186e-19 4.406589748833194709e-18 3.611635351584610194e-17 2.243892207250274898e-16 1.056809977106676234e-15 3.773015927128561161e-15 1.021120962135719238e-14 2.094896467113620609e-14 3.257952562093111333e-14 3.840818350133261268e-14 3.432413478995060568e-14 2.325263899374482852e-14 1.194102805747544025e-14 4.648448330282821954e-15 1.371737832039227998e-15 3.068534740062516657e-16
9.382663846212122477e-23 3.072156500342030563e-21 7.625307001161653610e-20 1.434723297974935882e-18 2.046330547565104161e-17 2.212484534243209972e-16 1.813349509294077821e-15 1.126625596667955282e-14 5.306088978674631076e-14 1.894376345888703859e-13 5.126899632340484646e-13 1.051817005555575155e-12 1.635770531812650747e-12 1.928418954988368196e-12 1.723364817297851309e-12 1.167481138166385506e-12 5.995416275618609711e-13 2.333918205501804523e-13 6.887295871431451999e-14 1.540666602098370469e-14
3.571088393881053518e-21 1.169278000616716485e-19 2.902229662914079361e-18 5.460628028251765196e-17 7.788435553304160677e-16 8.420825867130434800e-15 6.901698166778392057e-14 4.287992896744874295e-13 2.019523781222840590e-12 7.210090325443178788e-12 1.951323427305297445e-11 4.003267688783956657e-11 6.225823771323816032e-11 7.339658184044783715e-11 6.559211966183622150e-11 4.443491113948585101e-11 2.281885169209242600e-11 8.883008442533051158e-12 2.621338966718184939e-12 5.863853498081791485e-13
1.030319365777460665e-19 3.373564681504996185e-18 8.373423157930783693e-17 1.575483490258959248e-15 2.247095309494093390e-14 2.429550604686941591e-13 1.991256584453899506e-12 1.237158433099138484e-11 5.826667480444660238e-11 2.080232935157143643e-10 5.629897931097959891e-10 1.155010397729924041e-09 1.796255396675075088e-09 2.117615452523079302e-09 1.892443526342830136e-09 1.282022297237418579e-09 6.583624433226396621e-10 2.562898090226120555e-10 7.563006018850100431e-11 1.691820854254886007e-11
2.253408586642922031e-18 7.378313825211179772e-17 1.831349023459151763e-15 3.445735509770580826e-14 4.914615830401404307e-13 5.313663293277917242e-12 4.355071674530525503e-11 2.705785728951789825e-10 1.274348805628783618e-09 4.549671600866535136e-09 1.231313392841687887e-08 2.526119991875060908e-08 3.928585125270346606e-08 4.631430799441973958e-08 4.138957913093164994e-08 2.803907360008278501e-08 1.439902647842582163e-08 5.605307203799280971e-09 1.654102918938049902e-09 3.700176631313517646e-10
3.735982612238304284e-17 1.223269154205734224e-15 3.036239477003084668e-14 5.712771322156536210e-13 8.148064845871730476e-12 8.809655642854301807e-11 7.220382556248702286e-10 4.485990022282737478e-09 2.112774846060437510e-08 7.543014654769840703e-08 2.041425355854308293e-07 4.188117690690349728e-07 6.513299809766715813e-07 7.678565280643433225e-07 6.862082130936902393e-07 4.648668335343425879e-07 2.387250713227266283e-07 9.293179396660643590e-08 2.742378714910080379e-08 6.134615639053806371e-09
4.695334823234337240e-16 1.537388915867960973e-14 3.815906664380909997e-13 7.179737410508297296e-12 1.024038294168397400e-10 1.107186173326817107e-09 9.074483789718903768e-09 5.637934475205298752e-08 2.655308211517000900e-07 9.479963655261395060e-07 2.565637091290844035e-06 5.263572365804087859e-06 8.185831301993336270e-06 9.650321935808682059e-06 8.624176430515688690e-06 5.842386483572972420e-06 3.000265945801992307e-06 1.167954815870035790e-06 3.446586243852833142e-07 7.709905914136492515e-08
4.473269949207675425e-15 1.464678430080498616e-13 3.635434160369062350e-12 6.840173238062220460e-11 9.756066181848893984e-10 1.054822035866970596e-08 8.645307985333419277e-08 5.371289548668518343e-07 2.529725967504373779e-06 9.031610765821954884e-06 2.444295824070391205e-05 5.014632816582083595e-05 7.798684130318729395e-05 9.193911987281162997e-05 8.216297818079109077e-05 5.566072042253561821e-05 2.858368998218179942e-05 1.112716638227929744e-05 3.283580671539693472e-06 7.345267533693870193e-07
3.230579754467106564e-14 1.057785587892100732e-12 2.625497707614677404e-11 4.939948948049845774e-10 7.045796530992878805e-09 7.617887479026800490e-08 6.243610885477161634e-07 3.879126336737791616e-06 1.826959156895250917e-05 6.522597388842915644e-05 1.765261809108780854e-04 3.621550104796566029e-04 5.632182128278230603e-04 6.639810757614520277e-04 5.933781258262771146e-04 4.019797565491140543e-04 2.064303992669984107e-04 8.036000252018212517e-05 2.371390360985147896e-05 5.304726263993743592e-06
1.768612320984394113e-13 5.790950126270093168e-12 1.437354266825570737e-10 2.704423118628756535e-09 3.857289868368735958e-08 4.170486624467181975e-07 3.418125531251186678e-06 2.123665457979449995e-05 1.000186567241456763e-04 3.570859407131747707e-04 9.664097538641278030e-04 1.982652843517889330e-03 3.083392908757986300e-03 3.635029006383053932e-03 3.248506287107879534e-03 2.200677290928988207e-03 1.130123307014795336e-03 4.399386530389970797e-04 1.298240727381080807e-04 2.904124009622679017e-05
7.339756372930978896e-13 2.403249292697391829e-11 5.965032593587595626e-10 1.122337924741422507e-08 1.600778619355292401e-07 1.730755543030425423e-06 1.418525041005883729e-05 8.813229951096570051e-05 4.150782873063126781e-04 1.481909731113258914e-03 4.010608806478789708e-03 8.228026385918511820e-03 1.279610714218604693e-02 1.508540170100083899e-02 1.348132908518668432e-02 9.132829721479173574e-03 4.690021462839782072e-03 1.825749201240664532e-03 5.387710206095486362e-04 1.205213966594209196e-04
2.309018766437439374e-12 7.560397696211058270e-11 1.876543511961916011e-09 3.530770231107179627e-08 5.035899947081169528e-07 5.444795202891740310e-06 4.462547220809266274e-05 2.772559784826232284e-04 1.305797503668723299e-03 4.661949532720477407e-03 1.261700052218594874e-02 2.588460211826014781e-02 4.025535729989491301e-02 4.745726405214260868e-02 4.241100150001893970e-02 2.873102885995658384e-02 1.475436924940731927e-02 5.743636374662676632e-03 1.694923283813738876e-03 3.791490514183452334e-04
5.506429712499929550e-12 1.802964926827524522e-10 4.475084872094313570e-09 8.420000041219072949e-08 1.200935631223503605e-06 1.298446877932402682e-05 1.064205409123248876e-04 6.611858595850537501e-04 3.113999018640939160e-03 1.111757851355806188e-02 3.008837674592985609e-02 6.172827361647522521e-02 9.599891466687576758e-02 1.131736530898192067e-01 1.011395845677336980e-01 6.851628634844378340e-02 3.518546423487157321e-02 1.369712990251474756e-02 4.041966252530585120e-03 9.041752421169451000e-04
9.954273217360083119e-12 3.259318000957601512e-10 8.089854917530152566e-09 1.522129315665513299e-07 2.170996818959518654e-06 2.347273216223310532e-05 1.923822141551651205e-04 1.195261728089255316e-03 5.629345810004000514e-03 2.009785284068676958e-02 5.439239914675524784e-02 1.115895658160298148e-01 1.735424721748189403e-01 2.045901832371387619e-01 1.828355414384175148e-01 1.238606265332030804e-01 6.360668210809691803e-02 2.476104853091883051e-02 7.306882774096417829e-03 1.634526883358426849e-03
1.364098819060187215e-11 4.466455500029946331e-10 1.108605449981586461e-08 2.085872827295036624e-07 2.975058180803569174e-06 3.216621196088669167e-05 2.636338639767029399e-04 1.637944906827456344e-03 7.714258795022666503e-03 2.754139526511500610e-02 7.453744318825955562e-02 1.529184417839943022e-01 2.378165398731512947e-01 2.803632382305672466e-01 2.505514372695895609e-01 1.697342746101613009e-01 8.716437458906951818e-02 3.393167569563254604e-02 1.001309683340147368e-02 2.239898526617567845e-03
1.417029620649128627e-11 4.639766309023096696e-10 1.151622403220958484e-08 2.166810453820796327e-07 3.090498654824483958e-06 3.341434982258694310e-05 2.738635860109845332e-04 1.701501692938184708e-03 8.013593341742994425e-03 2.861007746606058361e-02 7.742970184373082487e-02 1.588520996599945556e-01 2.470444784291479789e-01 2.912421061895910657e-01 2.602735250161931080e-01 1.763204332422929899e-01 9.054659305633355748e-02 3.524831842615212818e-02 1.040163264501137858e-02 2.326812775669880474e-03
1.115857774342668952e-11 3.653642260974706358e-10 9.068595271513279486e-09 1.706282109554845627e-07 2.433651986047899914e-06 2.631254949142060112e-05 2.156573208538362964e-04 1.339868880971265257e-03 6.310404737134778057e-03 2.252936487694957163e-02 6.097299132517956799e-02 1.250900812468983825e-01 1.945382777089118553e-01 2.293422548631801339e-01 2.049556566163008020e-01 1.388457399491417332e-01 7.130205207416016877e-02 2.775673110510566699e-02 8.190896283082269025e-03 1.832277947712691087e-03
6.660940864127085452e-12 2.180985390666324405e-10 5.413358065263821783e-09 1.018538786088398321e-07 1.452731014262077432e-06 1.570687055077569797e-05 1.287333111936856908e-04 7.998140611684269145e-04 3.766898770546553508e-03 1.344855685036602105e-02 3.639688667000618577e-02 7.467059449984789210e-02 1.161266241471973909e-01 1.369023214619896622e-01 1.223451177990607652e-01 8.288182278265775194e-02 4.256266015950537634e-02 1.656895248872540180e-02 4.889429192528507717e-03 1.093750058205036164e-03
3.014110236018360088e-12 9.869071839411051124e-11 2.449572558678248595e-09 4.608940754097330556e-08 6.573683072087287862e-07 7.107440265364469566e-06 5.825248998607867912e-05 3.619200046741594470e-04 1.704541201303290832e-03 6.085541620804536117e-03 1.646977970666050825e-02 3.378883070763651769e-02 5.254789881131828599e-02 6.194900943732307985e-02 5.536179939248685178e-02 3.750445402907913450e-02 1.925982414133747475e-02 7.497536806748682572e-03 2.212492030496128990e-03 4.949275655389731143e-04
1.033902308765475817e-12 3.385296276893462057e-11 8.402541797049814617e-10 1.580962245401931382e-08 2.254909599557918991e-07 2.437999384349087353e-06 1.998181193515503206e-05 1.241460660428036860e-04 5.846929758419814856e-04 2.087466960116813371e-03 5.649475941553250453e-03 1.159026954676333800e-02 1.802501887706860900e-02 2.124979475455141334e-02 1.899024512285777191e-02 1.286480538975795507e-02 6.606519034436737249e-03 2.571810586726128948e-03 7.589306426552453171e-04 1.697704173415985585e-04
