2.469501434710439478e-11 2.777458768349718474e-11 2.368005886486548182e-11 1.530434524370774451e-11 7.497967439591429186e-12 2.784640693998038198e-12 7.839558411041006943e-13 1.673057451347370119e-13 2.706617765886730182e-14 3.319248909061726321e-15 3.085670394245243360e-16 2.174483244377238164e-17 1.161607525166104477e-18 4.703916322777350332e-20 1.443964704404015681e-21 3.360085954380063891e-23 5.927083099042214651e-25 7.925532743838290498e-27 8.033646769548203468e-29 6.172965071319239038e-31
7.732867810422296341e-10 8.697189320347596287e-10 7.415049951833476780e-10 4.792322734914057934e-10 2.347874362098095713e-10 8.719678427210272802e-11 2.454838374765820746e-11 5.238924719243272027e-12 8.475361505265461410e-13 1.039372266923678725e-13 9.662307107762365617e-15 6.809063258033281464e-16 3.637397133464131129e-17 1.472959788727151665e-18 4.521555656994783649e-20 1.052159766002501398e-21 1.855975844438247963e-23 2.481759928293421727e-25 2.515614189623941054e-27 1.932970040993842224e-29
1.835560523599516366e-08 2.064462728974224825e-08 1.760119700191891990e-08 1.137559653703213405e-08 5.573178798724748482e-09 2.069800996455339930e-09 5.827080616151460282e-10 1.243570126440254588e-10 2.011807182496064911e-11 2.467170976229402875e-12 2.293553947734567392e-13 1.616275879214240835e-14 8.634135162432265641e-16 3.496383110794960659e-17 1.073287333070870672e-18 2.497524823055806557e-20 4.405553122495530893e-22 5.890984645162079608e-24 5.971344929570584397e-26 4.588315211811514899e-28
3.302886509881693899e-07 3.714770507436681215e-07 3.167139159291049828e-07 2.046911766785074238e-07 1.002831387731606328e-07 3.724376124588943514e-08 1.048518188947434773e-08 2.237665793038997722e-09 3.620022722279416734e-10 4.439399099180901656e-11 4.126994613505426932e-12 2.908308241035488731e-13 1.553616357828939511e-14 6.291351585278706603e-16 1.931260891727536492e-17 4.494017462300523245e-19 7.927301655149544982e-21 1.060017006482057101e-22 1.074476943699633386e-24 8.256161658161496992e-27
4.505213873621978312e-06 5.067033207878811728e-06 4.320051336138877845e-06 2.792035167484609463e-06 1.367885292877909068e-06 5.080135492662015613e-07 1.430203150322650441e-07 3.052228087512972845e-08 4.937795029422381057e-09 6.055443428751378006e-10 5.629316458043778421e-11 3.966999955064007314e-12 2.119168778169041357e-13 8.581549611538591208e-15 2.634284689153939605e-16 6.129944143972700513e-18 1.081302348425086716e-19 1.445887804376688938e-21 1.465611494418532703e-23 1.126159616260846541e-25
4.658370146324459767e-05 5.239288719281316812e-05 4.466912945617691375e-05 2.886951349379966012e-05 1.414387017062046880e-05 5.252836420676821996e-06 1.478823391193626195e-06 3.155989615918612378e-07 5.105657045142208700e-08 6.261300280639916729e-09 5.820686979124850642e-10 4.101859463174341208e-11 2.191210639087601403e-12 8.873282299349485806e-14 2.723838090068003804e-15 6.338333672927597784e-17 1.118061588273583023e-18 1.495041250378632292e-20 1.515435453948919356e-22 1.164443794134053758e-24
3.651315782531521057e-04 4.106650392529544559e-04 3.501248124389007114e-04 2.262845307324694104e-04 1.108622431405784548e-04 4.117269328846032334e-05 1.159128840824832271e-05 2.473722424827385757e-06 4.001907440487565774e-07 4.907721760132792916e-08 4.562360989889022157e-09 3.215112523300031710e-10 1.717511004501077485e-11 6.955041073332475004e-13 2.134994149224714731e-14 4.968101942945007336e-16 8.763571366965519503e-18 1.171840695688451760e-19 1.187826045720609791e-21 9.127123585804523673e-24
2.169509789978612060e-03 2.440056889419544867e-03 2.080343781643495711e-03 1.344519438974518376e-03 6.587124646494405510e-04 2.446366364597777916e-04 6.887219615588881445e-05 1.469816728541557889e-05 2.377821554701720176e-06 2.916031107481252236e-07 2.710827390042446929e-08 1.910330004474769966e-09 1.020497037393375234e-10 4.132491024327860499e-12 1.268553854051673602e-13 2.951907324585920172e-15 5.207069179490729715e-17 6.962749904443517081e-19 7.057730386703961492e-21 5.423081747265084634e-23
9.771711886050363921e-03 1.099028592501308070e-02 9.370098329151629879e-03 6.055864160439022523e-03 2.966913747076440483e-03 1.101870449859070804e-03 3.102079838051918868e-04 6.620217001531386689e-05 1.070997109868520638e-05 1.313412641173103893e-06 1.220986618759155017e-07 8.604337485468920366e-09 4.596431450108511895e-10 1.861319633031893632e-11 5.713706769608058974e-13 1.329571685890376615e-14 2.345321511234929838e-16 3.136099514974629622e-18 3.178879773986819475e-20 2.442615959308277913e-22
3.336387706233485961e-02 3.752449445480465079e-02 3.199263469506196528e-02 2.067673604289542791e-02 1.013003112108942956e-02 3.762152492461256614e-03 1.059153314805155429e-03 2.260362449699164381e-04 3.656740633008170714e-05 4.484427949085576857e-06 4.168854742963757324e-07 2.937807227798412309e-08 1.569374697240017772e-09 6.355164799612899929e-11 1.950849681759138886e-12 4.539600306567934839e-14 8.007708320196776243e-16 1.070768764910374714e-17 1.085375369352062770e-19 8.339903952059489057e-22
8.635335002047332675e-02 9.712198009670675036e-02 8.280426092981439667e-02 5.351612528295692645e-02 2.621883906008212056e-02 9.737311716049336374e-03 2.741331193249322857e-03 5.850335362024221926e-04 9.464481697563942601e-05 1.160672590914648339e-05 1.078995022464174805e-06 7.603717498442295233e-08 4.061900908304026549e-09 1.644862104465384240e-10 5.049245478621449562e-12 1.174952459792681188e-13 2.072578190310050120e-15 2.771394636616756395e-17 2.809199872009726932e-19 2.158558022989321366e-21
1.694254656566176465e-01 1.905535419236894512e-01 1.624621449319538224e-01 1.049987573620849296e-01 5.144142080969821285e-02 1.910462734038878910e-02 5.378497925386358132e-03 1.147837105014837180e-03 1.856933423460849783e-04 2.277242216358303385e-05 2.116990644587891012e-06 1.491851071891857483e-07 7.969458656523308320e-09 3.227223123641410760e-10 9.906630909248911488e-12 2.305259350998741166e-13 4.066403039601563134e-15 5.437482468436066324e-17 5.511656424735311978e-19 4.235095663400291378e-21
2.519851832149019866e-01 2.834088074528712253e-01 2.416286902178883533e-01 1.561638388224702301e-01 7.650842686092018674e-02 2.841416431681656127e-02 7.999398318882621275e-03 1.707169238621059678e-03 2.761802702534764463e-04 3.386924715773051078e-05 3.148583793901917071e-06 2.218818547867651511e-07 1.185291415257308948e-08 4.799823963502173047e-10 1.473405544458652024e-11 3.428594383187954059e-13 6.047929754765348284e-15 8.087125573044954320e-17 8.197443923922153857e-19 6.298824987959405178e-21
2.840979770596480658e-01 3.195262032910133332e-01 2.724216607288790226e-01 1.760652357940266088e-01 8.625860069187607504e-02 3.203524310143102127e-02 9.018835358072367983e-03 1.924729545614093859e-03 3.113764669880771498e-04 3.818551741527731171e-05 3.549836839761568802e-06 2.501583040991863406e-07 1.336344022313352195e-08 5.411509759724430803e-10 1.661175189860996949e-11 3.865531758631460246e-13 6.818673172788674026e-15 9.117742504605853604e-17 9.242119739476998720e-19 7.101542297452795319e-21
2.428052635176995988e-01 2.730841127200128726e-01 2.328260616488557477e-01 1.504747285275425672e-01 7.372119466821008826e-02 2.737902509409076771e-02 7.707977080314593922e-03 1.644976389342655589e-03 2.661189139843010329e-04 3.263537711368312403e-05 3.033879643367472362e-06 2.137986112276719073e-07 1.142110781098489545e-08 4.624964481752085607e-10 1.419728798838227742e-11 3.303689336349941222e-13 5.827601286342190858e-15 7.792508395976890121e-17 7.898807805782792813e-19 6.069356307148546699e-21
1.573058494811162833e-01 1.769225580568481448e-01 1.508406402662114398e-01 9.748781658820977747e-02 4.776162997471495447e-02 1.773800426726248117e-02 4.993754520941323487e-03 1.065728166486238152e-03 1.724100261287827966e-04 2.114342846455745419e-05 1.965554649059725561e-06 1.385133570409614171e-07 7.399374462454468913e-09 2.996368184452348474e-10 9.197973779418162687e-12 2.140355814149590836e-13 3.775518526675104849e-15 5.048519686347411724e-17 5.117387711350667090e-19 3.932143957126272227e-21
7.725533266866635440e-02 8.688940128010966268e-02 7.408016855164502312e-02 4.787777267347066018e-02 2.345647428029875095e-02 8.711407904192973103e-03 2.452509986459790441e-03 5.233955654404692532e-04 8.467322714271679292e-05 1.038386433291294949e-05 9.653142511383956756e-07 6.802604933351715391e-08 3.633947100648517205e-09 1.471562701903610302e-10 4.517267009145287124e-12 1.051161803562115847e-13 1.854215470925719605e-15 2.479406005177837150e-17 2.513228156098544500e-19 1.931136639297977394e-21
2.876132443283399912e-02 3.234798393413060996e-02 2.757924518804184474e-02 1.782437671829049247e-02 8.732591570338583270e-03 3.243162903379337870e-03 9.130429312609037633e-04 1.948545057582209766e-04 3.152292628227139234e-05 3.865800335444962876e-06 3.593760507860726718e-07 2.532536211003583636e-08 1.352879185463646908e-09 5.478468712862529437e-11 1.681729629681084486e-12 3.913361656640035520e-14 6.903043568059660918e-16 9.230560280087867298e-18 9.356476488334460252e-20 7.189412754869785948e-22
8.116823727250602194e-03 9.129026173270736455e-03 7.783225429855576000e-03 5.030273352269878234e-03 2.464452102129032016e-03 9.152631919633230943e-04 2.576727141256579903e-04 5.499050224176942753e-05 8.896184061267184835e-06 1.090979657798088650e-06 1.014206443391724907e-07 7.147150005417780800e-09 3.818002852517723677e-10 1.546095867087334055e-11 4.746062022593285930e-13 1.104402087675301832e-14 1.948129612539907374e-16 2.604985416168884200e-18 2.640520624887388599e-20 2.028946760431759570e-22
1.736441542842677736e-03 1.952983189686067350e-03 1.665074470982596568e-03 1.076132230321901351e-03 5.272231052789371018e-04 1.958033194467620746e-04 5.512422350169434793e-05 1.176418211890089375e-05 1.903171005783537036e-06 2.333945474061171242e-07 2.169703643324842283e-08 1.528998115441340946e-09 8.167897919903841681e-11 3.307580875280642862e-12 1.015330569921159436e-13 2.362660234450069261e-15 4.167656344068645206e-17 5.572875606437686109e-19 5.648896491855258043e-21 4.340549408756408779e-23
