6.836618357983174073e-13 2.694200553703249843e-11 8.048506973256238356e-10 1.822625943098806893e-08 3.128791262542192962e-07 4.071481370734525663e-06 4.016290641481923865e-05 3.003271770821300734e-04 1.702397426464199700e-03 7.315164446702950539e-03 2.382780583771304181e-02 5.883568727588600611e-02 1.101271572348248712e-01 1.562589299324013137e-01 1.680707285066787293e-01 1.370364623345791955e-01 8.469875254414631349e-02 3.968393310685376651e-02 1.409448537062942160e-02 3.794727170531629525e-03
1.046595166481472762e-12 4.124462021117353887e-11 1.232119163967400025e-09 2.790197437485279857e-08 4.789762483205427973e-07 6.232895416861018694e-06 6.148405765039354257e-05 4.597608867988775246e-04 2.606143600055430259e-03 1.119854195604826422e-02 3.647719546680434910e-02 9.006959683167591046e-02 1.685900022863272285e-01 2.392115988101804203e-01 2.572938883983597602e-01 2.097845624856570779e-01 1.296625032699128544e-01 6.075081334342564976e-02 2.157677888472374003e-02 5.809221616351776737e-03
1.214543102507071512e-12 4.786317632386212333e-11 1.429838279393464322e-09 3.237942578813392375e-08 5.558379374311095024e-07 7.233092966257752488e-06 7.135045194645915178e-05 5.335390719807958648e-04 3.024353479704615464e-03 1.299558064708036809e-02 4.233071924261915669e-02 1.045231347143254913e-01 1.956437703767429925e-01 2.775980691286107360e-01 2.985820377157114569e-01 2.434488535199338388e-01 1.504695454783195885e-01 7.049954335830425911e-02 2.503922128444626208e-02 6.741431903220947673e-03
1.068424796095952825e-12 4.210489055412447384e-11 1.257818408385597239e-09 2.848394702829379736e-08 4.889666194113257980e-07 6.362899646512946510e-06 6.276647729906777054e-05 4.693504685124880258e-04 2.660501914839756912e-03 1.143211844383635115e-02 3.723802801401769613e-02 9.194824676369404981e-02 1.721064119015055793e-01 2.442010166564990981e-01 2.626604622806830713e-01 2.141601983041304114e-01 1.323669724972876827e-01 6.201793915915412847e-02 2.202682213584107943e-02 5.930388960034160654e-03
7.124785676532440240e-13 2.807762626140426120e-11 8.387756080250786382e-10 1.899450654270201679e-08 3.260671578396650489e-07 4.243096606175870987e-06 4.185579556566521720e-05 3.129861369326783190e-04 1.774154437869776037e-03 7.623502752715293623e-03 2.483216128884754501e-02 6.131564466849050155e-02 1.147690790063914668e-01 1.628453319341188754e-01 1.751550044782689830e-01 1.428126264886485086e-01 8.826885272044393549e-02 4.135663326270457019e-02 1.468857587603895030e-02 3.954677060389279707e-03
3.601608231132168493e-13 1.419335464178377750e-11 4.240044923577649381e-10 9.601800561639379831e-09 1.648282787572578587e-07 2.144902647756491441e-06 2.115827544489063715e-05 1.582157693135851013e-04 8.968423075206511047e-04 3.853711748084616071e-03 1.255275885551158759e-02 3.099530856943450222e-02 5.801623773615763313e-02 8.231897975923641031e-02 8.854156945812118040e-02 7.219236541602898349e-02 4.462026521831695403e-02 2.090594686398531202e-02 7.425135039921407568e-03 1.999105390507629858e-03
1.380123513486214858e-13 5.438843210944357725e-12 1.624770192017209774e-10 3.679375955545832124e-09 6.316161242469251480e-08 8.219190951196347647e-07 8.107776185621461313e-06 6.062772223433896538e-05 3.436667946833848650e-04 1.476728687966638804e-03 4.810172718360305848e-03 1.187729242583120300e-02 2.223161674597451745e-02 3.154434138335047988e-02 3.392881570900704163e-02 2.766385864615005657e-02 1.709832753975917483e-02 8.011084767431710107e-03 2.845285439661664195e-03 7.660501027090695471e-04
4.009001875760515004e-14 1.579882700466797924e-12 4.719654932204606057e-11 1.068790217924122564e-09 1.834727256019470539e-08 2.387521958621364037e-07 2.355158043376643228e-06 1.761122463210467340e-05 9.982880597708610382e-05 4.289621923108232621e-04 1.397265626025519366e-03 3.450132335897565256e-03 6.457870789453156596e-03 9.163043926122155583e-03 9.855689327120569290e-03 8.035835932035023665e-03 4.966745839009066056e-03 2.327070986449870232e-03 8.265024509193427812e-04 2.225232936528673191e-04
8.827777596889827215e-15 3.478884156483179601e-13 1.039262773297222762e-11 2.353464187336086561e-10 4.040049036898805777e-09 5.257296831372000657e-08 5.186031849513935548e-07 3.877972100763729782e-06 2.198219218247686940e-05 9.445699823914065880e-05 3.076763387144181667e-04 7.597153078249408841e-04 1.422015974186318201e-03 2.017692093870461067e-03 2.170211841753158077e-03 1.769482145718470449e-03 1.093671916497478873e-03 5.124184462163018086e-04 1.819949215817263976e-04 4.899938207492774973e-05
1.473544739564885242e-15 5.807001130326924791e-14 1.734751669726329000e-12 3.928434688052445025e-11 6.743705242420044436e-10 8.775551949710050611e-09 8.656595464932831146e-08 6.473164198510219254e-07 3.669297657204824040e-06 1.576689164885767503e-05 5.135775628975352978e-05 1.268127207698080600e-04 2.373648560287389142e-04 3.367959306124754032e-04 3.622547360372395170e-04 2.953643857652312279e-04 1.825572157518430886e-04 8.553358958024350877e-05 3.037884182976694641e-05 8.179044035259545005e-06
1.864541649653540840e-16 7.347856618372470365e-15 2.195058387549113311e-13 4.970823007369565469e-12 8.533109962573639912e-11 1.110409590533663563e-09 1.095357497820886002e-08 8.190782355703985011e-08 4.642925405071021475e-07 1.995054875195069216e-06 6.498525159356722857e-06 1.604617716941604847e-05 3.003483018508729151e-05 4.261628596673723530e-05 4.583770176704172322e-05 3.737376845756500631e-05 2.309977587206545790e-05 1.082294523774204559e-05 3.843969873392744023e-06 1.034930792979853568e-06
1.788453574313912237e-17 7.048005838387268618e-16 2.105482610039529003e-14 4.767974036119729632e-13 8.184891453303962024e-12 1.065096079517124874e-10 1.050658231471163202e-09 7.856533525656636905e-09 4.453457254502778092e-08 1.913640825968153103e-07 6.233333833642189794e-07 1.539136597889833198e-06 2.880917109489726855e-06 4.087720377571477422e-06 4.396716028243932668e-06 3.584862252657799908e-06 2.215712195644562957e-06 1.038128330286438931e-06 3.687105440042962956e-07 9.926974150544095932e-08
1.300409316948624121e-18 5.124702474685760490e-17 1.530925511342422578e-15 3.466859832756799591e-14 5.951347721269613529e-13 7.744460829970716893e-12 7.639481240982143194e-11 5.712594132952215270e-10 3.238170333054085877e-09 1.391434698178783987e-08 4.532343198245421575e-08 1.119127496904896056e-07 2.094754655274917075e-07 2.972237993996519297e-07 3.196913003066971605e-07 2.606602900006495676e-07 1.611074966817752449e-07 7.548374597370725814e-08 2.680945334934505507e-08 7.218040132480306428e-09
7.167691308010627116e-20 2.824671040510286996e-18 8.438267350013343764e-17 1.910889192000754311e-15 3.280307421419236342e-14 4.268648636451036142e-13 4.210785217779324898e-12 3.148709470109989088e-11 1.784838438758013219e-10 7.669411670475173369e-10 2.498170116407144716e-09 6.168488896206383165e-09 1.154602211729769000e-08 1.638259904573524595e-08 1.762097921469639494e-08 1.436726475757011020e-08 8.880040988409261310e-09 4.160568390738459597e-09 1.477703083483891019e-09 3.978492221191534073e-10
2.994851781121958540e-21 1.180222575615337508e-19 3.525732194204257690e-18 7.984202519707164074e-17 1.370599555910797213e-15 1.783554762964178587e-14 1.759377889962252751e-13 1.315614437002281449e-12 7.457528997315302381e-12 3.204483872765327943e-11 1.043801818628284782e-10 2.577358477615879495e-10 4.824234668730448280e-10 6.845084954578613879e-10 7.362513076877145771e-10 6.003024767678249158e-10 3.710316952524405948e-10 1.738395966014502259e-10 6.174235916933564225e-11 1.662319706974431857e-11
9.485673962016595349e-23 3.738150457217125021e-21 1.116714566057018421e-19 2.528857769391205906e-18 4.341136546992648746e-17 5.649100593733555526e-16 5.572524538730427816e-15 4.166980712631623009e-14 2.362043059250042564e-13 1.014964727977445753e-12 3.306061353312993378e-12 8.163336281284931320e-12 1.527992719782971183e-11 2.168062023327016296e-11 2.331948413225870563e-11 1.901354053347304213e-11 1.175178589112163300e-11 5.506067931121744597e-12 1.955582217516739847e-12 5.265109565818710735e-13
2.277497307740339618e-24 8.975247975348138141e-23 2.681216356258308209e-21 6.071752818523275261e-20 1.042300930634872738e-18 1.356341304255322452e-17 1.337955498480713183e-16 1.000486353676739551e-15 5.671232987503009812e-15 2.436916390628920959e-14 7.937807963403726894e-14 1.960005844313543369e-13 3.668689562267755655e-13 5.205487180893555287e-13 5.598976155176802869e-13 4.565125003135817971e-13 2.821587673721840020e-13 1.321999358145677490e-13 4.695326081513736781e-14 1.264145585134644996e-14
4.145189322268310660e-26 1.633551967138717302e-24 4.879983556020213643e-23 1.105097462256350695e-21 1.897053697308088701e-20 2.468627063857623728e-19 2.435163733069397080e-18 1.820948519342371241e-17 1.032200316724747026e-16 4.435342148315457166e-16 1.444731315391263047e-15 3.567334753731477210e-15 6.677247322552434275e-15 9.474316305933793160e-15 1.019049115676053189e-14 8.308816591574309011e-15 5.135468242796787345e-15 2.406122547239391194e-15 8.545790799186191787e-16 2.300825016777666069e-16
5.719099977993911753e-28 2.253804661979255133e-26 6.732892439415423439e-25 1.524698241915988805e-23 2.617356872035697154e-22 3.405954201111747188e-21 3.359784986753685875e-20 2.512354883515958670e-19 1.424122362024095968e-18 6.119422591039978579e-18 1.993289616393175038e-17 4.921836501402147885e-17 9.212569570784449949e-17 1.307167368344051714e-16 1.405977706187956228e-16 1.146363871265236748e-16 7.085383568993581975e-17 3.319716986879939682e-17 1.179059101330059318e-17 3.174438434483946954e-18
5.981468583676368033e-30 2.357199879569321072e-28 7.041769641831235189e-27 1.594645078543636736e-25 2.737430358376491928e-24 3.562205264776016507e-23 3.513917998199392789e-22 2.627611313776634062e-21 1.489455194092625604e-20 6.400156339177006049e-20 2.084733483327943599e-19 5.147629962827638711e-19 9.635204083616799371e-19 1.367134789991798566e-18 1.470478136642485025e-18 1.198954294874871755e-18 7.410431603627523455e-19 3.472011844542741211e-19 1.233149446598273659e-19 3.320068514231629258e-20
