1.104155050067407860e-07 5.068415692911882003e-07 1.763645157004873141e-06 4.652078267314345723e-06 9.302070673867869190e-06 1.409967415793992878e-05 1.620075808920191473e-05 1.411102032649166569e-05 9.317047662177685704e-06 4.663318048510624631e-06 1.769328914546617684e-06 5.088841599865969119e-07 1.109496943635381890e-07 1.833707693051797874e-08 2.297369881806461316e-09 2.181868432243252734e-10 1.570807672639261064e-11 8.572634119226706196e-13 3.546519746557105815e-14 1.112211280599338797e-15
9.900691949600617768e-07 4.544726073116136589e-06 1.581418063237066519e-05 4.171406347985203838e-05 8.340942354948880353e-05 1.264283765391332234e-04 1.452682892510396163e-04 1.265301148952019644e-04 8.354371859037026872e-05 4.181484788617112789e-05 1.586514551500519145e-05 4.563041491094016453e-06 9.948591420459185168e-07 1.644241449007573983e-07 2.059996147521818018e-08 1.956428784243632149e-09 1.408505343332075002e-10 7.686874194518036531e-12 3.180078694717184233e-13 9.972930225164112338e-15
6.729733284610849832e-06 3.089157250763895876e-05 1.074927068858114485e-04 2.835403049259145277e-04 5.669534783716227277e-04 8.593634243402961150e-04 9.874227441352063147e-04 8.600549638858579187e-04 5.678663133645492486e-04 2.842253602505602690e-04 1.078391271852792579e-04 3.101606671331133043e-05 6.762291682043391525e-06 1.117629602420809272e-06 1.400227853842773516e-07 1.329830680049210419e-08 9.573942244467549733e-10 5.224949264637094869e-11 2.161574317074203484e-12 6.778835340301214284e-14
3.467583886976137713e-05 1.591729040968049218e-04 5.538703580081666585e-04 1.460978839856438881e-03 2.921302617983613254e-03 4.427983453836630522e-03 5.087825999028422301e-03 4.431546702607395624e-03 2.926006120751216411e-03 1.464508677823213572e-03 5.556553343181535156e-04 1.598143769209935062e-04 3.484360030925410709e-05 5.758734019703496727e-06 7.214858804558324953e-07 6.852128076293907141e-08 4.933100088479293835e-09 2.692224062096851491e-10 1.113779693101371483e-11 3.492884369168896454e-13
1.354418631780196817e-04 6.217203505674228324e-04 2.163386256622637852e-03 5.706500623590516665e-03 1.141044261315803804e-02 1.729545264533069795e-02 1.987276026463785650e-02 1.730937049326775751e-02 1.142881422864223950e-02 5.720287970819009499e-03 2.170358273018875139e-03 6.242259070966379910e-04 1.360971298615356500e-04 2.249328900462317378e-05 2.818082996422816727e-06 2.676402427850055293e-07 1.926840961906590672e-08 1.051567474496121628e-09 4.350360415794919893e-11 1.364300856865969295e-12
4.010289101791417415e-04 1.840847643217520535e-03 6.405555951704497604e-03 1.689633967163621520e-02 3.378510350084296815e-02 5.120999049086866900e-02 5.884112344721804944e-02 5.125119975408519435e-02 3.383949989471252140e-02 1.693716253617430501e-02 6.426199348594706547e-03 1.848266328849325693e-03 4.029690849360536165e-04 6.660022953178337021e-05 8.344043166066073818e-06 7.924542114654691232e-07 5.705170564778008206e-08 3.113579128210411254e-09 1.288095316689237066e-10 4.039549316198566953e-12
9.001093314840812433e-04 4.131782271658156550e-03 1.437726941655415036e-02 3.792383197403573908e-02 7.583065997082313880e-02 1.149408163253150400e-01 1.320688931533358090e-01 1.150333105107048115e-01 7.595275266907573763e-02 3.801545888764710363e-02 1.442360351791883641e-02 4.148433510496651877e-03 9.044640534482063701e-04 1.494842056493160109e-04 1.872820369166665352e-05 1.778663364183135823e-06 1.280525451586779965e-07 6.988427907515061785e-09 2.891129753899797950e-10 9.066767861888652666e-12
1.531481184575646118e-03 7.029975789024022273e-03 2.446204791669461323e-02 6.452508943495069427e-02 1.290212476386521090e-01 1.955647957251494540e-01 2.247071748479503306e-01 1.957221689459931746e-01 1.292289809257180511e-01 6.468098704570558743e-02 2.454088256706673729e-02 7.058306857361003675e-03 1.538890478667864900e-03 2.543382679587437929e-04 3.186489748683922588e-05 3.026287341615753425e-06 2.178736034479238853e-07 1.189038428529162625e-08 4.919081122027745964e-10 1.542655308606052610e-11
1.975262807430233549e-03 9.067071703555931728e-03 3.155048454402765989e-02 8.322270661280337101e-02 1.664080985098692067e-01 2.522341582313434305e-01 2.898212067573427975e-01 2.524371339343091658e-01 1.666760272575020241e-01 8.342377911398246582e-02 3.165216333341479282e-02 9.103612345481161550e-03 1.984819113571681219e-03 3.280385853021992371e-04 4.109847871606136491e-05 3.903223161143084841e-06 2.810074520966015878e-07 1.533589448002086208e-08 6.344497134495256166e-10 1.989674888900885153e-11
1.931234124412476404e-03 8.864966330826059421e-03 3.084722304493991984e-02 8.136766932077743597e-02 1.626988556722487045e-01 2.466118492620034963e-01 2.833610810484281650e-01 2.468103006288390189e-01 1.629608122779181711e-01 8.156425990826650374e-02 3.094663541024884196e-02 8.900692480454599695e-03 1.940577420126987640e-03 3.207265927736434492e-04 4.018239206415117340e-05 3.816220168597949657e-06 2.747437853139089835e-07 1.499405680945131939e-08 6.203078052340222627e-10 1.945324960039633251e-11
1.431336632461497520e-03 6.570281093551681890e-03 2.286245867127334463e-02 6.030575181156418163e-02 1.205844642239334297e-01 1.827766863611961501e-01 2.100134263327054773e-01 1.829237688446315457e-01 1.207786136960612711e-01 6.045145517601557827e-02 2.293613827251257328e-02 6.596759574878064206e-03 1.438261427987347525e-03 2.377069229662329185e-04 2.978123108654519180e-05 2.828396441324475454e-06 2.036267066172366076e-07 1.111286431266095524e-08 4.597419203657438827e-10 1.441780073243841018e-11
8.041655523861823912e-04 3.691370433132965499e-03 1.284477829277198314e-02 3.388148330572058470e-02 6.774777510938868874e-02 1.026891309965275445e-01 1.179915046992957711e-01 1.027717661110461866e-01 6.785685379427550123e-02 3.396334359204404574e-02 1.288617358433819145e-02 3.706246795603728578e-03 8.080560990912087930e-04 1.335504972610294927e-04 1.673194104329360594e-05 1.589073412236579760e-06 1.144032642592439364e-07 6.243522638846517872e-09 2.582960618496907271e-10 8.100329738823429131e-12
3.424884768387379875e-04 1.572128815192190554e-03 5.470501117299975298e-03 1.442988645308298720e-02 2.885330295183455643e-02 4.373458171459305988e-02 5.025175550539655311e-02 4.376977543113676206e-02 2.889975879980217696e-02 1.446475017572482376e-02 5.488131082068717533e-03 1.578464553782825278e-03 3.441454334332112166e-04 5.687822147101950207e-05 7.126016509248888458e-06 6.767752372965164659e-07 4.872354903199329989e-08 2.659072565769186309e-09 1.100064837816659127e-10 3.449873705618375345e-12
1.105715205719432951e-04 5.075577293440382406e-04 1.766137162959744746e-03 4.658651588879982736e-03 9.315214369707032829e-03 1.411959680044189147e-02 1.622364953393009776e-02 1.413095900097118343e-02 9.330212520291987499e-03 4.669907251729978927e-03 1.771828951571447538e-03 5.096032061915489351e-04 1.111064647308350218e-04 1.836298696390778175e-05 2.300616033337153073e-06 2.184951381840170042e-07 1.573027201924177276e-08 8.584747131410098501e-10 3.551530929386235263e-11 1.113782819592492680e-12
2.706059985374160100e-05 1.242165843917842228e-04 4.322336421391597371e-04 1.140129988740220049e-03 2.279748775331828532e-03 3.455544041870394368e-03 3.970477080663592159e-03 3.458324757559123972e-03 2.283419331270882327e-03 1.142884631046818360e-03 4.336266157844227459e-04 1.247171819253468223e-04 2.719151882594156059e-05 4.494045480965112198e-06 5.630387424647207956e-07 5.347316807982779201e-08 3.849730875558018907e-09 2.100978676670127193e-10 8.691800280143243389e-12 2.725804171731022653e-13
5.020285041427924725e-06 2.304467247177887938e-05 8.018802612511565994e-05 2.115170232253554101e-04 4.229392081798042844e-04 6.410728571118012560e-04 7.366032831172349051e-04 6.415887357490836305e-04 4.236201700643948986e-04 2.120280647263215080e-04 8.044645072738656143e-05 2.313754337349960256e-05 5.044573141519078551e-06 8.337357422055214397e-07 1.044550006953818009e-07 9.920347194070136070e-09 7.142024357385000943e-10 3.897737625867040370e-11 1.612503609133736102e-12 5.056914474610582629e-14
7.060186158443018718e-07 3.240845415519067776e-06 1.127709656821359231e-05 2.974631016620464649e-05 5.947928292542907437e-05 9.015611016076680224e-05 1.035908571089579343e-04 9.022865981052428236e-05 5.957504875610084596e-05 2.981817955413259408e-05 1.131343964006905158e-05 3.253906145127838067e-06 7.094343284316041001e-07 1.172509030531936569e-07 1.468983820647625764e-08 1.395129905345010840e-09 1.004405548592723261e-10 5.481512107041993468e-12 2.267714993809847196e-13 7.111699292660232344e-15
7.526633134407029228e-08 3.454959110216469927e-07 1.202214315393386505e-06 3.171156662144994190e-06 6.340891467032239978e-06 9.611247505050532546e-06 1.104348185784737934e-05 9.618981785500081510e-06 6.351100748460551951e-06 3.178818422109795454e-06 1.206088731204734082e-06 3.468882726113678240e-07 7.563046927131822229e-08 1.249973459841367524e-08 1.566035519498613365e-09 1.487302280240103541e-10 1.070763845706783153e-11 5.843660453935410335e-13 2.417536652541314031e-14 7.581549598952779238e-16
6.082500636826663434e-09 2.792057300100811335e-08 9.715458702981545004e-08 2.562707929631760590e-07 5.124266813266287894e-07 7.767140768815249101e-07 8.924572811457004359e-07 7.773391075548644311e-07 5.132517243396244516e-07 2.568899630360745948e-07 9.746769032871445186e-08 2.803309396629139789e-08 6.111927727729400000e-09 1.010141484210991587e-09 1.265560825742828069e-10 1.201934105883168962e-11 8.653167567885724682e-13 4.722439342762145101e-14 1.953684730748175170e-15 6.126880298304380335e-17
3.726150546119864771e-10 1.710419193477683069e-09 5.951707022065589804e-09 1.569919367328660349e-08 3.139134827066384420e-08 4.758164042315672275e-08 5.467208939355953222e-08 4.761992991170530851e-08 3.144189055018021479e-08 1.573712414042543034e-08 5.970887785009054529e-09 1.717312247523614839e-09 3.744177633560539678e-10 6.188144429056440949e-11 7.752847790000043909e-12 7.363069389456285478e-13 5.300945611666332944e-14 2.892974614669581772e-15 1.196830688738131428e-16 3.753337604490318483e-18
