1.425955956442363837e-19 1.019925545508634445e-18 5.530032029000065713e-18 2.272917347525881735e-17 7.081682624755819398e-17 1.672576901508788699e-16 2.994556762981669872e-16 4.064207042151330745e-16 4.181344185167906239e-16 3.261015258373882116e-16 1.927909145156980569e-16 8.640067102635271822e-17 2.935245877798677552e-17 7.559075404712194448e-18 1.475671493612653168e-18 2.183773127647152488e-19 2.449752257499153084e-20 2.083212798439808069e-21 1.342894585982202097e-22 6.562163248635693220e-24
9.631682032697454514e-18 6.889131818540609252e-17 3.735284381913789597e-16 1.535251988609095722e-15 4.783353580450003396e-15 1.129749401991303889e-14 2.022686496002515734e-14 2.745186467239496858e-14 2.824307264109625510e-14 2.202667055074740482e-14 1.302214685536964146e-14 5.835971209193202594e-15 1.982624698540982233e-15 5.105810626929731384e-16 9.967487808426710284e-17 1.475039134415001878e-17 1.654695903931190622e-18 1.407115219117856128e-19 9.070640363873096429e-21 4.432441939876017820e-22
4.931681052728799351e-16 3.527421352149121955e-15 1.912566377326630635e-14 7.860904375460677965e-14 2.449206082709646808e-13 5.784621731923856782e-13 1.035670055768273115e-12 1.405609533281178585e-12 1.446121515869118920e-12 1.127824957687044731e-12 6.667690512878445358e-13 2.988174707070197005e-13 1.015157334645570545e-13 2.614312790037018526e-14 5.103622669565710972e-15 7.552598317233561840e-16 8.472489446539576139e-17 7.204809545801001811e-18 4.644412582015255768e-19 2.269529855532952714e-20
1.914188248806122729e-14 1.369137304030549784e-13 7.423456718707752275e-13 3.051140294680961316e-12 9.506376126722922618e-12 2.245249606502904661e-11 4.019861441151127383e-11 5.455748703635094345e-11 5.612992369996618467e-11 4.377552517351578172e-11 2.588004919613737160e-11 1.159833502713744115e-11 3.940243133916136572e-12 1.014722316363795643e-12 1.980925861987297317e-13 2.931474033342449596e-14 3.288521614293412302e-15 2.796482907147334017e-16 1.802687540424307708e-17 8.808978791059514333e-19
5.632110012254956960e-13 4.028408346457888272e-12 2.184201315468935752e-11 8.977360410181697999e-11 2.797058032143437934e-10 6.606190794809992518e-10 1.182762556645385349e-09 1.605243210392433260e-09 1.651508964464989773e-09 1.288005888528719150e-09 7.614678665284125954e-10 3.412574435799085362e-10 1.159336487364233701e-10 2.985614252524803412e-11 5.828471879812174080e-12 8.625266749051920562e-13 9.675806713853990070e-14 8.228082786668245643e-15 5.304041831686816310e-16 2.591863035300290537e-17
1.256187397987600185e-11 8.984973283116694358e-11 4.871648744768552091e-10 2.002312985706036130e-09 6.238566085842178771e-09 1.473446649139488435e-08 2.638036926190415941e-08 3.580338962151757318e-08 3.683530229896668006e-08 2.872771949026270029e-08 1.698380066838434577e-08 7.611415600223919042e-09 2.585787355512045815e-09 6.659122409031630244e-10 1.299984004043587613e-10 1.923781916699899701e-11 2.158094645321181713e-12 1.835193894245879484e-13 1.183014978909551101e-14 5.780898588929676462e-16
2.123902394982247562e-10 1.519136898319005661e-09 8.236753889667919115e-09 3.385416342066405273e-08 1.054787324900868129e-07 2.491234088161755083e-07 4.460268391932019676e-07 6.053468223566300574e-07 6.227939151276431477e-07 4.857147295498455366e-07 2.871540900129191985e-07 1.286902244714321099e-07 4.371927282573374457e-08 1.125893004155248100e-08 2.197951630505086271e-09 3.252639715099886630e-10 3.648804623529002388e-11 3.102859265655597452e-12 2.000185920533068942e-13 9.774070634561794637e-15
2.722146513515405642e-09 1.947035429255796563e-08 1.055681792930569722e-07 4.338993785272857466e-07 1.351891520892196399e-06 3.192945308344506498e-06 5.716601705014863073e-06 7.758561532011916414e-06 7.982176058130426735e-06 6.225270336013896739e-06 3.680373951350470476e-06 1.649386745342178149e-06 5.603377366924350809e-07 1.443025688512489873e-07 2.817053355177797242e-08 4.168817682535206098e-09 4.676571205863418158e-10 3.976848254368076023e-11 2.563582555782741837e-12 1.252715396130432341e-13
2.644753847776543124e-08 1.891679752619747229e-07 1.025667968281077335e-06 4.215632939705093179e-06 1.313456231655508662e-05 3.102167479985797277e-05 5.554074433715623546e-05 7.537979812299142762e-05 7.755236809831915165e-05 6.048281234267509604e-05 3.575738161323493915e-05 1.602493443889597564e-05 5.444069148423264478e-06 1.401999386581589316e-06 2.736962416793942134e-07 4.050295071122182132e-08 4.543612781200254129e-09 3.863783477686757532e-10 2.490697982212359742e-11 1.217099758457261787e-12
1.947851473737612131e-07 1.393215174666530909e-06 7.554006832285595177e-06 3.104798142649370591e-05 9.673556798758066238e-05 2.284734930152852869e-04 4.090555376280690368e-04 5.551694384993600831e-04 5.711703363969008627e-04 4.454536865747254094e-04 2.633517993778248861e-04 1.180230522760900914e-04 4.009536888584460827e-05 1.032567387557842469e-05 2.015762745405773354e-06 2.983027411034934050e-07 3.346354088640205267e-08 2.845662309005573835e-09 1.834389895818220342e-10 8.963894920465876622e-12
1.087484907356389702e-06 7.778316240111052125e-06 4.217399802262454235e-05 1.733407893796204706e-04 5.400743927830555175e-04 1.275566842416178161e-03 2.283755868652037179e-03 3.099509349319636009e-03 3.188842315422728627e-03 2.486966627628677505e-03 1.470292324696575396e-03 6.589223552250760702e-04 2.238523270697620590e-04 5.764820700845865454e-05 1.125399750440805008e-05 1.665423329996608800e-06 1.868268507702855099e-07 1.588732433761202593e-08 1.024139341631393830e-09 5.004539909005603643e-11
4.602432817814205452e-06 3.291924116707962088e-05 1.784879875065217185e-04 7.336095722431325208e-04 2.285692511768544401e-03 5.398429584759195654e-03 9.665267891681462997e-03 1.311768416456341423e-02 1.349575743447668091e-02 1.052529257774409595e-02 6.222543045138741354e-03 2.788678584470191592e-03 9.473835356064507851e-04 2.439776387047598832e-04 4.762895291282622081e-05 7.048372752283013593e-06 7.906850232287827453e-07 6.723803008580130015e-08 4.334342926558186433e-09 2.118011804987734861e-10
1.476551151601367892e-05 1.056114133094050679e-04 5.726246399071382217e-04 2.353564085778062868e-03 7.332952036573784152e-03 1.731922601751461829e-02 3.100808420442241128e-02 4.208411600177982409e-02 4.329704956143851785e-02 3.376721288892207962e-02 1.996314441272436721e-02 8.946630485094371477e-03 3.039393090309639583e-03 7.827283474951060452e-04 1.528030675446134508e-04 2.261256886578918415e-05 2.536673380833570412e-06 2.157128516256056006e-07 1.390542631034897543e-08 6.794999283107784671e-10
3.590925168710642969e-05 2.568435788658890678e-04 1.392604807111721835e-03 5.723792570699643041e-03 1.783350478615169932e-02 4.211980366642374685e-02 7.541066889717926158e-02 1.023472239277549434e-01 1.052970395454722319e-01 8.212078159875141337e-02 4.854972862979470977e-02 2.175791915453581526e-02 7.391706771391750447e-03 1.903570303158920755e-03 3.716121723971822018e-04 5.499304414974119545e-05 6.169108518966360117e-06 5.246067549211847143e-07 3.381755197937373686e-08 1.652522089777899525e-09
6.620046388498668059e-05 4.735037147239453477e-04 2.567335154810825634e-03 1.055209188605315401e-02 3.287693934213261476e-02 7.764992057640110468e-02 1.390232608122798363e-01 1.886821190370492896e-01 1.941202485745183171e-01 1.513936821575989355e-01 8.950380210614769516e-02 4.011178940048731184e-02 1.362697338924583057e-02 3.509325067669200743e-03 6.850852368732114660e-04 1.013823697826484165e-04 1.137305364285926641e-05 9.671382415760503141e-07 6.234431304768823564e-08 3.046505393003348872e-09
9.251508023374380694e-05 6.617209546260623089e-04 3.587848239959239363e-03 1.474653756457195569e-02 4.594548893738374662e-02 1.085156841914330789e-01 1.942848640872081312e-01 2.636830674134321151e-01 2.712828478523504061e-01 2.115725152020964672e-01 1.250814714449950404e-01 5.605618445744316169e-02 1.904368130470274895e-02 4.904278174934874508e-03 9.574059143511890954e-04 1.416817575632716634e-04 1.589383077586585796e-05 1.351574698509353754e-06 8.712611340224417593e-08 4.257488155308185678e-09
9.800784642974986994e-05 7.010083711377889390e-04 3.800864447468942260e-03 1.562206275287817900e-02 4.867334506480223977e-02 1.149584314749809988e-01 2.058198628264149010e-01 2.793383469147669995e-01 2.873893383020679204e-01 2.241339090480500562e-01 1.325077556395708456e-01 5.938432852095142794e-02 2.017433469281742359e-02 5.195452903498394732e-03 1.014248613173022919e-03 1.500936269208730581e-04 1.683747257123745030e-05 1.431819819592234847e-06 9.229892813986450394e-08 4.510261940514756618e-09
7.870566311680003593e-05 5.629480772274158325e-04 3.052302113071502041e-03 1.254537114126729261e-02 3.908735921652946310e-02 9.231791034803467355e-02 1.652846111456298117e-01 2.243239763832202138e-01 2.307893629718272277e-01 1.799917923023824362e-01 1.064109778517244725e-01 4.768886497610712316e-02 1.620109458355040166e-02 4.172232947236985574e-03 8.144971303118683564e-04 1.205333946897852690e-04 1.352141172574438940e-05 1.149829656195532675e-06 7.412108937037939465e-08 3.621987114196264055e-09
4.791240131002862254e-05 3.426969944056237351e-04 1.858101665999609652e-03 7.637047105640195482e-03 2.379459325757025262e-02 5.619891369359592687e-02 1.006176977103832165e-01 1.365581580068035150e-01 1.404939891095554338e-01 1.095707556965144769e-01 6.477812742722592609e-02 2.903079583186047447e-02 9.862484027316551286e-03 2.539864241157408463e-03 4.958285316198420304e-04 7.337520769079644036e-05 8.231215890025418510e-06 6.999636080069208823e-07 4.512152288431797950e-08 2.204899790979346485e-09
2.210989664886089080e-05 1.581426712294138799e-04 8.574488999725534246e-04 3.524230002908321311e-03 1.098037216549281950e-02 2.593383215137616896e-02 4.643154666842494449e-02 6.301681146290756541e-02 6.483305979381730200e-02 5.056306964269062509e-02 2.989283908470940707e-02 1.339669642778404564e-02 4.551191269542315988e-03 1.172058472101117658e-03 2.288075172591386586e-04 3.386009079642271908e-05 3.798418105686358265e-06 3.230087118960047539e-07 2.082200391410280643e-08 1.017484099454734896e-09
