4.206995501930010757e-23 6.220108211823264626e-21 6.971410435449015902e-19 5.922978873364305946e-17 3.814666139167360494e-15 1.862386026956686986e-13 6.892546333117703799e-12 1.933688450339462248e-10 4.112350583098298734e-09 6.629649669674764962e-08 8.101918066346474999e-07 7.505539823700168134e-06 5.270755125551867881e-05 2.805824901999763457e-04 1.132257250190525210e-03 3.463589980740948947e-03 8.031647850582116291e-03 1.411821078738430442e-02 1.881271534943683779e-02 1.900291065246133976e-02
1.287080662847325306e-22 1.902968756820117392e-20 2.132820812411639755e-18 1.812065539614465426e-16 1.167052120851646497e-14 5.697750427718139801e-13 2.108693270307800857e-11 5.915891783723918519e-10 1.258125166030372429e-08 2.028263136334694877e-07 2.478686290580537017e-06 2.296231400029599091e-05 1.612525375315715479e-04 8.584090410942049436e-04 3.464007535592440040e-03 1.059644510244490967e-02 2.457187946728513206e-02 4.319300101487744820e-02 5.755528412332008847e-02 5.813716422415431823e-02
2.984944789859511238e-22 4.413287247568133853e-20 4.946350726479089723e-18 4.202468227119790593e-16 2.706579508330205010e-14 1.321398956885313088e-12 4.890395118432252999e-11 1.371989407263292168e-09 2.917792386862221257e-08 4.703864843927465423e-07 5.748467786313296238e-06 5.325325872480491285e-05 3.739702845753866919e-04 1.990787111286434433e-03 8.033584486093170787e-03 2.457484174271007404e-02 5.698609707232412530e-02 1.001714399566340646e-01 1.334798590577286059e-01 1.348293315697821071e-01
5.247635476042375725e-22 7.758710581509265994e-20 8.695854488632371020e-18 7.388083501742978999e-16 4.758259749022492180e-14 2.323064757416542079e-12 8.597482607561859828e-11 2.412004507007334137e-09 5.129579244829229793e-08 8.269555977504022151e-07 1.010600383324480197e-05 9.362105813431178061e-05 6.574526064905278225e-04 3.499872126923418616e-03 1.412331748721899587e-02 4.320341595103394106e-02 1.001835161755190856e-01 1.761048324205087834e-01 2.346621773736184413e-01 2.370345964053718890e-01
6.993391405544053096e-22 1.033983784631165156e-19 1.158874588799129145e-17 9.845912487712957566e-16 6.341212720677838527e-14 3.095889793262002749e-12 1.145764816392751347e-10 3.214417553667452272e-09 6.836060844664583977e-08 1.102062861735927912e-06 1.346801634268834200e-05 1.247664221959673460e-04 8.761705017001235113e-04 4.664191284755290351e-03 1.882178889593476984e-02 5.757610245252239162e-02 1.335120444622522606e-01 2.346904671917463270e-01 3.127283634587717520e-01 3.158900264482761844e-01
7.064945743755162330e-22 1.044563204706473249e-19 1.170731855104209117e-17 9.946652988464034444e-16 6.406094157075648577e-14 3.127566033370013526e-12 1.157487947335706016e-10 3.247306535199992833e-09 6.906005422530324159e-08 1.113338847043430121e-06 1.360581715212868696e-05 1.260429957857310372e-04 8.851352223590486018e-04 4.711913927650126718e-03 1.901436794239422939e-02 5.816520431581836958e-02 1.348781007045973535e-01 2.370917515029667411e-01 3.159281087310568670e-01 3.191221209328021224e-01
5.410366008286730443e-22 7.999310201704517102e-20 8.965515183571081324e-18 7.617189880414518056e-16 4.905814613503892687e-14 2.395103595887379387e-12 8.864092765046562623e-11 2.486801390097440970e-09 5.288648822834711034e-08 8.525997045445466652e-07 1.041939362378103382e-05 9.652427134129432215e-05 6.778403817215022551e-04 3.608404066041823437e-03 1.456128521234848795e-02 4.454316504461769410e-02 1.032902329022777066e-01 1.815658887841653801e-01 2.419391121370876585e-01 2.443851004961135887e-01
3.140807217188241331e-22 4.643732267938937017e-20 5.204630287718323659e-18 4.421905082660954150e-16 2.847906762810657088e-14 1.390397368376703960e-12 5.145752891328061831e-11 1.443629459036390402e-09 3.070148371938593893e-08 4.949482717628679384e-07 6.048630839794082958e-06 5.603394069795576693e-05 3.934975858845274474e-04 2.094738418028850753e-03 8.453067614359627280e-03 2.585804620875264970e-02 5.996169362066137293e-02 1.054020103288887816e-01 1.404496679811338133e-01 1.418696047986098274e-01
1.382142221540028396e-22 2.043518748276476150e-20 2.290347280404375330e-18 1.945901576174917539e-16 1.253248578374641740e-14 6.118576450776167375e-13 2.264437719639226679e-11 6.352829351237422359e-10 1.351048121650559610e-08 2.178067154641049801e-07 2.661757786481631453e-06 2.465827092286414647e-05 1.731623719369725469e-04 9.218096528801078288e-04 3.719853159850537282e-03 1.137908026830288313e-02 2.638671612018146304e-02 4.638316160046692532e-02 6.180621817718163352e-02 6.243107493903974486e-02
4.610637806739854697e-23 6.816899630695750789e-21 7.640285925011366905e-19 6.491262068030901037e-17 4.180666205434890382e-15 2.041073593421055009e-13 7.553855166614631758e-12 2.119217163769531703e-10 4.506912133446125295e-09 7.265734750232051622e-08 8.879260680613655399e-07 8.225662626752965309e-06 5.776460383850812381e-05 3.075031187059117858e-04 1.240892243000686146e-03 3.795905867958122501e-03 8.802248353564027378e-03 1.547278964048658979e-02 2.061771080994881378e-02 2.082615449722797357e-02
1.165912879101677677e-23 1.723820306022161442e-21 1.932033730120461312e-19 1.641474859655667148e-17 1.057184011508431839e-15 5.161355303783105982e-14 1.910177592512353899e-12 5.358960491844277428e-11 1.139683297977380608e-09 1.837319276966176507e-08 2.245338892006516613e-07 2.080060589807627570e-06 1.460719718063142243e-05 7.775970733139508733e-05 3.137900456151588289e-04 9.598879211115905188e-04 2.225864435820543424e-03 3.912674444109130213e-03 5.213693978688538344e-03 5.266404078625458278e-03
2.234951029762158635e-24 3.304409820944404204e-22 3.703536389438393300e-20 3.146560942651868360e-18 2.026527485475016219e-16 9.893857901326402348e-15 3.661640122462168792e-13 1.027264942722835260e-11 2.184671261526684391e-10 3.521977228025200315e-09 4.304114448689728322e-08 3.987290680535321431e-07 2.800069453383569268e-06 1.490584254530299145e-05 6.015075381250262416e-05 1.840019555661423153e-04 4.266783652635365901e-04 7.500248032874798961e-04 9.994186474303874777e-04 1.009522703594828343e-03
3.247631484882397547e-25 4.801673607405927952e-23 5.381648735734396329e-21 4.572301697162880460e-19 2.944768981138977896e-17 1.437687179692681694e-15 5.320768817597887712e-14 1.492729785519115408e-12 3.174569410501514370e-11 5.117823156953333360e-10 6.254355201505043565e-09 5.793975161443570615e-08 4.068811171058929124e-07 2.165984082612190264e-06 8.740571015629017894e-06 2.673752293535168649e-05 6.200109418484566425e-05 1.089869143959884009e-04 1.452266033014117661e-04 1.466948346177887825e-04
3.577357094775546538e-26 5.289178044433236216e-24 5.928036901965937559e-22 5.036518457201805713e-20 3.243745559245294456e-18 1.583652719307129179e-16 5.860975965991893163e-15 1.644283692182199257e-13 3.496877172295999008e-12 5.637425633283193551e-11 6.889347531424307981e-10 6.382226015244452060e-09 4.481909532484022531e-08 2.385892168237865342e-07 9.627983926348168982e-07 2.945213082665007688e-06 6.829594281200788012e-06 1.200521405421411829e-05 1.599711734809934971e-05 1.615884714228514718e-05
2.987133718833750953e-27 4.416523613064963099e-25 4.949977999740129545e-23 4.205549994158467942e-21 2.708564305612550452e-19 1.322367969268076905e-17 4.893981358153194629e-16 1.372995518792091334e-14 2.919932071427950423e-13 4.707314296688771492e-12 5.752683270545261091e-11 5.329231056971376185e-10 3.742445256247331385e-09 1.992247001467395139e-08 8.039475699193101017e-08 2.459286304190146913e-07 5.702788629383131846e-07 1.002448979877697057e-06 1.335777429221004189e-06 1.349282050335233877e-06
1.890792425568179293e-28 2.795565977604298925e-26 3.133231314563276965e-24 2.662024141794266639e-22 1.714463882526168797e-20 8.370309385018898178e-19 3.097786625528341647e-17 8.690771058902210927e-16 1.848255204987970203e-14 2.979630326165284814e-13 3.641326762862968654e-12 3.373290473436938279e-11 2.368888643652252747e-10 1.261050188843292471e-09 5.088817973474763722e-09 1.556676183241557357e-08 3.609744510956746561e-08 6.345289888499914082e-08 8.455188428598674270e-08 8.540669822189991589e-08
9.072560291049000636e-30 1.341392134665381252e-27 1.503413575323370708e-25 1.277314960440409871e-23 8.226485747831683690e-22 4.016312712248036276e-20 1.486406204555524644e-18 4.170079345642666865e-17 8.868454598055457209e-16 1.429711448682655467e-14 1.747212234868001827e-13 1.618600793277533300e-12 1.136660204033669355e-11 6.050877776750959128e-11 2.441759722019742460e-10 7.469375450800834192e-10 1.732058171382684123e-09 3.044650713591704128e-09 4.057040093525361952e-09 4.098056499484743750e-09
3.299990513855123974e-31 4.879087245221070253e-29 5.468412860108426122e-27 4.646017350600839451e-25 2.992245194225088668e-23 1.460865888559636397e-21 5.406551422543864170e-20 1.516795903381410756e-18 3.225750516644299366e-17 5.200333827329442887e-16 6.355189291433584263e-15 5.887386903125922246e-14 4.134409439514497739e-13 2.200904554304827888e-12 8.881488423646483569e-12 2.716859115985561558e-11 6.300068945970259382e-11 1.107440253967506803e-10 1.475679785360298357e-10 1.490598810005626922e-10
9.098972226005269632e-33 1.345297180283715542e-30 1.507790295928146929e-28 1.281033465313526013e-26 8.250434600142401293e-25 4.028004956412547997e-23 1.490733413494775162e-21 4.182219233491994682e-20 8.894272342825712800e-19 1.433873608489528774e-17 1.752298699374363422e-16 1.623312845609056061e-15 1.139969236369999828e-14 6.068493023730992964e-14 2.448868145319010245e-13 7.491120212173831147e-13 1.737100519550727631e-12 3.053514266330106364e-12 4.068850902781820607e-12 4.109986715238551923e-12
1.901817357139849734e-34 2.811866510222477134e-32 3.151500723925232961e-30 2.677546011677240012e-28 1.724460668387656830e-26 8.419115423670028358e-25 3.115849362139834998e-23 8.741445662276796275e-22 1.859032108304494287e-20 2.997004110833867099e-19 3.662558801794247944e-18 3.392959632324029545e-17 2.382701283709402072e-16 1.268403186376189227e-15 5.118490120020068671e-15 1.565752932316390293e-14 3.630792398438369077e-14 6.382288337339194059e-14 8.504489384425584682e-14 8.590469207406762048e-14
