7.612667498538286870e-04 3.464004483581404215e-03 1.194859522328111344e-02 3.124295274452463037e-02 6.192758075313164329e-02 9.304927123802074485e-02 1.059835975469302777e-01 9.150844129928351056e-02 5.989360828867968528e-02 2.971642886208072931e-02 1.117659660373063538e-02 3.186539853772466738e-03 6.886934495265380511e-04 1.128312421689439872e-04 1.401295108087817572e-05 1.319248660368927021e-06 9.415004614644093298e-08 5.093440438728772743e-09 2.088809077719450781e-10 6.493563320838911903e-12
1.412619212149677540e-03 6.427864195328748982e-03 2.217201155028467041e-02 5.797494150332228174e-02 1.149138463628175677e-01 1.726637716051475369e-01 1.966649221134114389e-01 1.698045820050060328e-01 1.111395733096204458e-01 5.514229845860814383e-02 2.073947810266013256e-02 5.912996224495450232e-03 1.277950991908712638e-03 2.093715250917858601e-04 2.600266453193040498e-05 2.448019703471484487e-06 1.747063877895338929e-07 9.451472589693264879e-09 3.876028782638552658e-10 1.204956384091227068e-11
1.987056312790245159e-03 9.041734684925860008e-03 3.118818938559304865e-02 8.155026670104179032e-02 1.616431957588657375e-01 2.428769440535036017e-01 2.766380859249206736e-01 2.388550741146262535e-01 1.563341265970945027e-01 7.756573838975318325e-02 2.917312077693823627e-02 8.317497294623818482e-03 1.797625689972350482e-03 2.945117885088429765e-04 3.657656519403519287e-05 3.443499114114059451e-06 2.457501835995067481e-07 1.329488379669870095e-08 5.452203534297237878e-10 1.694948057517776479e-11
2.118810229924984918e-03 9.641256678723409898e-03 3.325615600206092981e-02 8.695754530310480235e-02 1.723611226149508457e-01 2.589811624165098136e-01 2.949808733007268091e-01 2.546926180430717501e-01 1.667000298824835303e-01 8.270881853424488783e-02 3.110747609070844966e-02 8.868997945244766132e-03 1.916819204857350212e-03 3.140397110587130015e-04 3.900181389414945183e-05 3.671824045830493380e-06 2.620449152170272823e-07 1.417641544066430223e-08 5.813717784314042710e-10 1.807333420972474008e-11
1.712658469256603993e-03 7.793137710911016147e-03 2.688133011037282388e-02 7.028877542959567626e-02 1.393214608122421150e-01 2.093374266964242725e-01 2.384364035023019412e-01 2.058709473778816967e-01 1.347455350041764921e-01 6.685448113486648636e-02 2.514452763701982563e-02 7.168912170714145451e-03 1.549386820427461030e-03 2.538418793865477772e-04 3.152561090124139827e-05 2.967977245387511370e-06 2.118138930204992319e-07 1.145895825177952788e-08 4.699294377829057744e-10 1.460888212866805353e-11
1.049412641111505248e-03 4.775159422942412170e-03 1.647123938257301010e-02 4.306867410411518299e-02 8.536769284651950229e-02 1.282692059020591191e-01 1.460992839074849725e-01 1.261451588241795652e-01 8.256384463394692008e-02 4.096434804560436516e-02 1.540703276848871123e-02 4.392672088458502919e-03 9.493697339633027157e-04 1.555388198251646649e-04 1.931697135908569841e-05 1.818595415110925565e-06 1.297866334058036795e-07 7.021350642434896205e-09 2.879440946879852838e-10 8.951431854937578214e-12
4.874371609616621462e-04 2.217993247911583324e-03 7.650655088028640062e-03 2.000478306556089519e-02 3.965207222478395188e-02 5.957921137435888415e-02 6.786102756582811091e-02 5.859262188912652686e-02 3.834972483638555973e-02 1.902735371173517459e-02 7.156346338234614857e-03 2.040333352155836687e-03 4.409686616085182120e-04 7.224555697614280271e-05 8.972456885670401430e-06 8.447115570674501152e-07 6.028403474451293978e-08 3.261316939769123635e-09 1.337459132203022529e-10 4.157812055028352187e-12
1.716278647062554534e-04 7.809610664909837725e-04 2.693815124336978659e-03 7.043735021516168808e-03 1.396159552893248140e-02 2.097799193005744911e-02 2.389404048496717933e-02 2.063061126183343696e-02 1.350303569952677682e-02 6.699579658869297440e-03 2.519767755717417044e-03 7.184065651223601415e-04 1.552661878403601965e-04 2.543784444720402035e-05 3.159224900740929235e-06 2.974250886948387089e-07 2.122616203218083603e-08 1.148317993233469240e-09 4.709227637445984023e-11 1.463976204535975161e-12
4.580931338346855010e-05 2.084468643620511345e-04 7.190080785488105067e-04 1.880048240086192078e-03 3.726499225593350728e-03 5.599250495393768602e-03 6.377575054298578565e-03 5.506530878324197159e-03 3.604104700868194545e-03 1.788189491583583660e-03 6.725529736839476859e-04 1.917503986590815481e-04 4.144220676991451830e-05 6.789632849399551597e-06 8.432309274172524419e-07 7.938593840485622567e-08 5.665489750890160044e-09 3.064983585616468183e-10 1.256943241746172645e-11 3.907509124716448279e-13
9.268652179057999886e-06 4.217529888331288329e-05 1.454777489943058434e-04 3.803923684980942480e-04 7.539869650178658567e-04 1.132902928947884195e-03 1.290382251078714317e-03 1.114142859928743921e-03 7.292227370801469908e-04 3.618064800271810345e-04 1.360784330663474657e-04 3.879708336794469018e-05 8.385050368852667348e-06 1.373754388715660055e-06 1.706119039032678202e-07 1.606225015475274951e-08 1.146305195309232521e-09 6.201417286436097758e-11 2.543188023588043348e-12 7.906109105001782550e-14
1.421596045781817575e-06 6.468711627527867901e-06 2.231290901031136818e-05 5.834335742194509555e-05 1.156440944522928898e-04 1.737610056924843041e-04 1.979146773708126688e-04 1.708836466740434803e-04 1.118458368596038556e-04 5.549271365549872696e-05 2.087127217918391918e-05 5.950571802484372646e-06 1.286072043460131564e-06 2.107020275597483246e-07 2.616790481146780294e-08 2.463576242287644588e-09 1.758166021800576609e-10 9.511534279557517190e-12 3.900659953753807550e-13 1.212613573587835268e-14
1.652846978223268756e-07 7.520976509664620683e-07 2.594254840711908707e-06 6.783406742048736825e-06 1.344559114609230661e-05 2.020266967146145965e-05 2.301094445282292309e-05 1.986812778996110149e-05 1.300397915629974433e-05 6.451970962570984624e-06 2.426640061035595857e-06 6.918550914389919074e-07 1.495277295626880205e-07 2.449769121059412188e-08 3.042463611403912039e-09 2.864326022691208885e-10 2.044166769435366106e-11 1.105877491632145503e-12 4.535180044126241231e-14 1.409869341437922338e-15
1.456752958915676969e-08 6.628686701636851188e-08 2.286472048036072569e-07 5.978622324512131058e-07 1.185040414781492868e-06 1.780582183931730105e-06 2.028092246937936251e-06 1.751097005801040003e-06 1.146118507230529366e-06 5.686508136806897957e-07 2.138743111559483375e-07 6.097732971494015065e-08 1.317877367658924589e-08 2.159128136350375486e-09 2.681505261346237539e-10 2.524501943513208673e-11 1.801646510007303652e-12 9.746760162063559440e-14 3.997125587268867636e-15 1.242602226270194553e-16
9.732759435665934024e-10 4.428713368768506347e-09 1.527622254941143907e-08 3.994396749637674851e-08 7.917411945533361158e-08 1.189630537255928657e-07 1.354995288115196590e-07 1.169931099275904185e-07 7.657369526774363388e-08 3.799231392376535507e-08 1.428922596113360272e-08 4.073976150263302798e-09 8.804913219246421938e-10 1.442542101134137579e-10 1.791549176161044100e-11 1.686653180328806662e-12 1.203703892460958202e-13 6.511939540188596082e-15 2.670532538611754262e-16 8.301990030974592316e-18
4.929273194318785791e-11 2.242975205366120256e-10 7.736826829123180685e-10 2.023010324627003713e-09 4.009868601958991473e-09 6.025027082196116598e-09 6.862536772108644730e-09 5.925256906820928140e-09 3.878166988182598675e-09 1.924166479737373071e-09 7.236950523986761939e-10 2.063314270174688426e-10 4.459354307154398972e-11 7.305928146892777104e-12 9.073516497277186474e-13 8.542258097370129551e-14 6.096303284001808819e-15 3.298050181004996946e-16 1.352523356212418227e-17 4.204642803481042967e-19
1.892459559297766902e-12 8.611289537685278652e-12 2.970342952036163612e-11 7.766794568844213004e-11 1.539479324467423520e-10 2.313144280554674465e-10 2.634683208546372012e-10 2.274840251810801915e-10 1.488916093715000033e-10 7.387310673825533200e-11 2.778429123195805393e-11 7.921530539082262802e-12 1.712047061338884273e-12 2.804911194020481288e-13 3.483528373211058950e-14 3.279566247816974613e-15 2.340508827850021485e-16 1.266196119801224996e-17 5.192643324350010784e-19 1.614257549378923235e-20
5.507660299724966159e-14 2.506159631424052943e-13 8.644644411618493787e-13 2.260384687893459270e-12 4.480375348555880461e-12 6.731986878638650070e-12 7.667767608966718599e-12 6.620509950428658080e-12 4.333220236430634115e-12 2.149942783192734860e-12 8.086114021429087413e-13 2.305417785485027529e-13 4.982602446995440877e-14 8.163185285340107998e-15 1.013817750019423319e-15 9.544582728162555426e-17 6.811626430257078724e-18 3.685034148514529988e-19 1.511224657226854885e-20 4.698003809151235744e-22
1.215078968776370046e-15 5.528993610393479163e-15 1.907148416112805420e-14 4.986774321830714142e-14 9.884432884370562203e-14 1.485185220069003325e-13 1.691633588873559038e-13 1.460591606156663904e-13 9.559784899271980476e-14 4.743121612021876212e-14 1.783927575754241805e-14 5.086124620877118523e-15 1.099242711722832572e-15 1.800930743484091479e-16 2.236645978842042998e-17 2.105689368553765989e-18 1.502754993618616039e-19 8.129781521395464922e-21 3.334006089998578047e-22 1.036455647784959354e-23
2.032070079115491894e-17 9.246561558559155596e-17 3.189471081635172321e-16 8.339766509907083293e-16 1.653049787667857915e-15 2.483789552119403956e-15 2.829049048753114091e-15 2.442659758704486256e-15 1.598756406437804733e-15 7.932287330346801642e-16 2.983399386502256058e-16 8.505917661586287413e-17 1.838348191004561819e-17 3.011835092560782737e-18 3.740515215859511652e-19 3.521506397282739845e-20 2.513172836699620707e-21 1.359605935407662585e-22 5.575714989041005302e-24 1.733344551519192880e-25
2.576141286400075176e-19 1.172225762932964469e-18 4.043427546925900213e-18 1.057267514831964664e-17 2.095641213485933777e-17 3.148805190187678747e-17 3.586505273930340346e-17 3.096663209452745153e-17 2.026811195071470502e-17 1.005609653786611939e-17 3.782181732991456151e-18 1.078331199890013045e-18 2.330551845774499433e-19 3.818230881659199763e-20 4.742009529601323549e-21 4.464362776460323907e-22 3.186055624272160576e-23 1.723630016226021748e-24 7.068569992783164626e-26 2.197434285666399484e-27
