3.148083891367004478e-23 1.678309690343799586e-21 6.782576902680749611e-20 2.077849894084969606e-18 4.825367933208452912e-17 8.494611407350894775e-16 1.133583246270869098e-14 1.146727269327398008e-13 8.793538739379272551e-13 5.111684509797920083e-12 2.252481441119784823e-11 7.524111462909830807e-11 1.905223980658077040e-10 3.657073402448487820e-10 5.321304789140453108e-10 5.869477088331512747e-10 4.907694359573852700e-10 3.110659133922189620e-10 1.494597181274253111e-10 5.443681574495533588e-11
7.672657835420447624e-22 4.090455159467442918e-20 1.653081481068711529e-18 5.064233298991202655e-17 1.176061323621258080e-15 2.070346567071986589e-14 2.762822299765589666e-13 2.794857529757433421e-12 2.143202539639888221e-11 1.245843743676974754e-10 5.489853502869094048e-10 1.833811764952808935e-09 4.643501319489754910e-09 8.913190964494860204e-09 1.296933382144713302e-08 1.430536508099605842e-08 1.196126306706588153e-08 7.581444459806464807e-09 3.642702408645680372e-09 1.326759626724888879e-09
1.417562397724648564e-20 7.557323091968798948e-19 3.054151766184637368e-17 9.356427527387044305e-16 2.172832863844793239e-14 3.825070147388823616e-13 5.104454137994569279e-12 5.163640848014773642e-11 3.959675246921789683e-10 2.301759419433584376e-09 1.014278241205806526e-08 3.388060119795147335e-08 8.579103884844091050e-08 1.646757176721497513e-07 2.396150114234126381e-07 2.642988656541860608e-07 2.209903936402515767e-07 1.400710264576866553e-07 6.730077205787682992e-08 2.451255611819338922e-08
1.985342124674834593e-19 1.058427615486017589e-17 4.277438627244263121e-16 1.310398028080094343e-14 3.043122913949386462e-13 5.357134829222717620e-12 7.148953612128660500e-11 7.231846519567909809e-10 5.545653637797066092e-09 3.223688737514196520e-08 1.420529580665504933e-07 4.745088108683534049e-07 1.201531330252657216e-06 2.306336847890085715e-06 3.355885967678905322e-06 3.701591353786405855e-06 3.095042153676581894e-06 1.961740165507016669e-06 9.425691454860049242e-07 3.433063004705771942e-07
2.107780341902632185e-18 1.123702002552185448e-16 4.541232939223068347e-15 1.391211705694090615e-13 3.230795627764427737e-12 5.687515185226317212e-11 7.589837389506132517e-10 7.677842393083202127e-09 5.887660154626488210e-08 3.422497142883240387e-07 1.508135191413593565e-06 5.037722874951450753e-06 1.275631079706965262e-05 2.448571160290376932e-05 3.562847120618583082e-05 3.929872535468225179e-05 3.285916783712013607e-05 2.082722824134782783e-05 1.000698414166154293e-05 3.644783749811984045e-06
1.696337103874145874e-17 9.043529644584726771e-16 3.654774541253106332e-14 1.119644200487535189e-12 2.600137400211275398e-11 4.577300037269578722e-10 6.108284872117518164e-09 6.179111110471907324e-08 4.738376279892088381e-07 2.754418368915723057e-06 1.213743971320985961e-05 4.054348577946085457e-05 1.026625160290025966e-04 1.970604824470171916e-04 2.867371730339265587e-04 3.162752997968062800e-04 2.644498788437300916e-04 1.676170867252812038e-04 8.053599400238048748e-05 2.933314153989391242e-05
1.034893817870949803e-16 5.517236461749782964e-15 2.229688644914298352e-13 6.830675687357855056e-12 1.586280294729285134e-10 2.792498908555512619e-09 3.726515347398823110e-08 3.769724704812879123e-07 2.890767588356956707e-06 1.680403343952654896e-05 7.404755396374448244e-05 2.473459001296236131e-04 6.263189251879674188e-04 1.202217852603288317e-03 1.749313429794673328e-03 1.929518323672067956e-03 1.613344093736238452e-03 1.022590889660824698e-03 4.913304208155748780e-04 1.789543291191378078e-04
4.786039109504172647e-16 2.551538044418925845e-14 1.031156711181346009e-12 3.158959926081084730e-11 7.336017858169147017e-10 1.291437706825779447e-08 1.723389190932658610e-07 1.743372079119744569e-06 1.336883697191884628e-05 7.771305601616667344e-05 3.424452664744716984e-04 1.143892379250359501e-03 2.896516356759238058e-03 5.559857022376130109e-03 8.089991789691204291e-03 8.923379384561157604e-03 7.461178911663036463e-03 4.729142165529543612e-03 2.272239498492888577e-03 8.276041495167913223e-04
1.677851471501388642e-15 8.944978853011445291e-14 3.614947069213132876e-12 1.107443010623071776e-10 2.571802711316485683e-09 4.527419453065210710e-08 6.041720562278280763e-07 6.111774980101503300e-06 4.686740386440339692e-05 2.724402421465023263e-04 1.200517340365822670e-03 4.010166795238055866e-03 1.015437634382347978e-02 1.949130392145400834e-02 2.836124887030798750e-02 3.128287272333247354e-02 2.615680676576386671e-02 1.657904994051546954e-02 7.965836256078627498e-03 2.901348710941179399e-03
4.458898665303101838e-15 2.377132597628999134e-13 9.606739890767774035e-12 2.943035331695852070e-10 6.834578549822779181e-09 1.203163980806694241e-07 1.605590256876005228e-06 1.624207253400199264e-05 1.245503598421686408e-04 7.240113041679856025e-04 3.190380827833589478e-03 1.065703828654717203e-02 2.698530584828496767e-02 5.179823751778173113e-02 7.537016051902711844e-02 8.313439050007039033e-02 6.951184461643172829e-02 4.405890801860337658e-02 2.116924963475393107e-02 7.710348689695571169e-03
8.982526586701454907e-15 4.788773722191259894e-13 1.935293958390082315e-11 5.928794327233875990e-10 1.376837379382547026e-08 2.423794137744333484e-07 3.234488660162711704e-06 3.271992913745415285e-05 2.509088011735434052e-04 1.458532986938659935e-03 6.427076002134209792e-03 2.146878342163403841e-02 5.436235389664610673e-02 1.043484233603060446e-01 1.518344599248919735e-01 1.674756322109288709e-01 1.400327837042949775e-01 8.875741351507852872e-02 4.264581053262653243e-02 1.553262751559331134e-02
1.371722428048327521e-14 7.312940578771422432e-13 2.955389112368829879e-11 9.053867051162117596e-10 2.102569577551192490e-08 3.701378167517196877e-07 4.939390488397596310e-06 4.996663267153152665e-05 3.831630517787926291e-04 2.227327011972437230e-03 9.814793436794174222e-03 3.278499811619455667e-02 8.301679862760438788e-02 1.593505694341351975e-01 2.318665377934173433e-01 2.557521857997245296e-01 2.138441876182176626e-01 1.355415245354722742e-01 6.512445491284081511e-02 2.371988919153757841e-02
1.587927928542016987e-14 8.465577544956670477e-13 3.421205934437144181e-11 1.048090200894503921e-09 2.433968334721069309e-08 4.284774853946739612e-07 5.717917813490046735e-06 5.784217702645137223e-05 4.435557067989420645e-04 2.578389545864064394e-03 1.136176262228999999e-02 3.795244072809506736e-02 9.610158030767239346e-02 1.844667802024321790e-01 2.684124306258985904e-01 2.960628406396093593e-01 2.475494684143078883e-01 1.569050471772681921e-01 7.538911566409994824e-02 2.745852494571699234e-02
1.393452452340545085e-14 7.428787905588366276e-13 3.002206657880644443e-11 9.197293116769414098e-10 2.135877254864066002e-08 3.760013235261395578e-07 5.017637423132318351e-06 5.075817483746210534e-05 3.892328967071729683e-04 2.262611023582384185e-03 9.970273653085538756e-03 3.330435887819577223e-02 8.433190218934095983e-02 1.618749079402203583e-01 2.355396318507717857e-01 2.598036623204691975e-01 2.172317821465842291e-01 1.376886940797882319e-01 6.615611843188611008e-02 2.409564580074769619e-02
9.269372619015364829e-15 4.941697371077903270e-13 1.997095210851404427e-11 6.118123143882194455e-10 1.420805002033624856e-08 2.501195047705117986e-07 3.337778111051234850e-06 3.376480017235492041e-05 2.589212677545853864e-04 1.505109459188871089e-03 6.632316836413671909e-03 2.215436283892396885e-02 5.609834937319530673e-02 1.076806630069360032e-01 1.566831082397723285e-01 1.728237622882823621e-01 1.445045598812689236e-01 9.159177327560924509e-02 4.400765248522418155e-02 1.602864303319321074e-02
4.674179071904307786e-15 2.491903107249397243e-13 1.007056358918230433e-11 3.085128231850632934e-10 7.164559327498449112e-09 1.261254027349248563e-07 1.683109875347016863e-06 1.702625720417066032e-05 1.305637847082226257e-04 7.589673459273598224e-04 3.344415833646401798e-03 1.117157151721805478e-02 2.828818533744729621e-02 5.429911194240736455e-02 7.900911265050178378e-02 8.714820797671897490e-02 7.286795097719558911e-02 4.618611932000784431e-02 2.219132369628733920e-02 8.082612588373316517e-03
1.786722769139696168e-15 9.525394623784803230e-14 3.849511322964901211e-12 1.179302027749968901e-10 2.738680115667536505e-09 4.821191601065349887e-08 6.433751662024392553e-07 6.508351723787650557e-06 4.990850443994519526e-05 2.901181613158580947e-04 1.278415701992533958e-03 4.270375800718720360e-03 1.081326668545223510e-02 2.075604253904606358e-02 3.020153450917362897e-02 3.331273472547728598e-02 2.785405204821734051e-02 1.765482018078541604e-02 8.482718080664428464e-03 3.089609474439370708e-03
5.177329631198880754e-16 2.760143245856155126e-14 1.115460628937870382e-12 3.417225905361182628e-11 7.935786098504751878e-10 1.397021326699798058e-08 1.864287716869050721e-07 1.885904339040500440e-06 1.446182828968843173e-05 8.406661509400004389e-05 3.704424440789318997e-04 1.237413187500889522e-03 3.133325829143805436e-03 6.014412303905983075e-03 8.751402412435183367e-03 9.652924984748800091e-03 8.071179900373022173e-03 5.115780983721360774e-03 2.458010186620993888e-03 8.952662918461462387e-04
1.137237784862790041e-16 6.062853660902757067e-15 2.450189702256237319e-13 7.506183101748519666e-12 1.743152637881902502e-10 3.068658076952035234e-09 4.095042395413624525e-08 4.142524864689552504e-07 3.176644861498389739e-06 1.846583817153533156e-05 8.137035393396968574e-05 2.718067290584409300e-04 6.882576113593368060e-04 1.321109029745452194e-03 1.922308642275114346e-03 2.120334575753167559e-03 1.772892862725409645e-03 1.123718180645037886e-03 5.399196610851538826e-04 1.966516963621788559e-04
1.893623193573841613e-17 1.009530325525963146e-15 4.079829311517282600e-14 1.249860196862696395e-12 2.902536574996804118e-11 5.109645656352484773e-10 6.818685908821646820e-09 6.897749325730451973e-08 5.289455263928185222e-07 3.074760609947498597e-06 1.354903886677210225e-05 4.525874299688396077e-05 1.146022927985126065e-04 2.199788587105079335e-04 3.200850586105695320e-04 3.530585058134688074e-04 2.952057247186363836e-04 1.871111598852462149e-04 8.990242907034021907e-05 3.274462194658719845e-05
