2.104240270426574978e-06 5.727431793681710778e-06 1.181738388363631890e-05 1.848330290228063246e-05 2.191465496165633873e-05 1.969638447552216501e-05 1.341946520124761853e-05 6.930757813073119224e-06 2.713457710089504335e-06 8.053083662749106887e-07 1.811749641103236669e-07 3.089804322322973664e-08 3.994483101256688561e-09 3.914596644114635453e-10 2.908106252335980740e-11 1.637684883046099851e-12 6.991127614394411779e-14 2.262355963099355495e-15 5.549725044379694693e-17 1.031997902778151790e-18
1.819427965078234769e-05 4.952214687627002812e-05 1.021788196629943755e-04 1.598155812339992177e-04 1.894847116208601837e-04 1.703044715441790846e-04 1.160311900056667053e-04 5.992668594700632394e-05 2.346186844334639135e-05 6.963085835321508139e-06 1.566526412915499937e-06 2.671594337235256167e-07 3.453823388231961800e-08 3.384749691564335008e-09 2.514489393288879257e-10 1.416021599850816011e-11 6.044867246306093403e-13 1.956142444412986970e-14 4.798560832690740913e-16 8.923153266314175579e-18
1.192535243915078557e-04 3.245905121709590532e-04 6.697261225427198318e-04 1.047503483547489568e-03 1.241968361090042177e-03 1.116252406860378157e-03 7.605208127556426162e-04 3.927865593720415824e-04 1.537796798983821073e-04 4.563920872058106239e-05 1.026772146950739881e-05 1.751083563486937471e-06 2.263791804776228566e-07 2.218517784982813941e-08 1.648109889208329150e-09 9.281244964784841054e-11 3.962078946993620764e-12 1.282144086963275513e-13 3.145193447000866313e-15 5.848637572457022225e-17
5.925218902693705266e-04 1.612757231422633913e-03 3.327594636021063632e-03 5.204615522285627183e-03 6.170831803275642936e-03 5.546200747570905615e-03 3.778716242245173246e-03 1.951595441887816898e-03 7.640682074876827597e-04 2.267625242901646768e-04 5.101610006844518950e-05 8.700416598595659003e-06 1.124785373167420932e-06 1.102290568150155306e-07 8.188782611735573580e-09 4.611470259388838969e-10 1.968594654998983449e-11 6.370448520339692236e-13 1.562717727621721213e-14 2.905948321121038521e-16
2.231692715220989168e-03 6.074338558444847096e-03 1.253315502831563524e-02 1.960282436372181095e-02 2.324201115331542972e-02 2.088938148745898490e-02 1.423227335427561593e-02 7.350549240871942676e-03 2.877810053240436976e-03 8.540853626748159391e-04 1.921486121465908539e-04 3.276951731462029001e-05 4.236426307125434179e-06 4.151701179983674325e-07 3.084248329260966669e-08 1.736878375861809704e-09 7.414575601227067167e-11 2.399385371073668571e-12 5.885868228589193755e-14 1.094505334833486019e-15
6.371786439974390197e-03 1.734306331446703459e-02 3.578386339429825980e-02 5.596873154357802360e-02 6.635910512875613232e-02 5.964202723494708286e-02 4.063507746845082536e-02 2.098681850772364521e-02 8.216539377932964572e-03 2.438529953230195342e-03 5.486104395041273675e-04 9.356143193267881333e-05 1.209557369327150290e-05 1.185367192401582249e-06 8.805948752650157260e-08 4.959024155843570478e-09 2.116962248065826984e-10 6.850571795752895862e-12 1.680495487152538531e-13 3.124961695401263063e-15
1.379065348912019047e-02 3.753612567885255408e-02 7.744811682275448694e-02 1.211348481645247305e-01 1.436230534874066433e-01 1.290850750781173950e-01 8.794774874363378570e-02 4.542241718324673688e-02 1.778330904656624106e-02 5.277785425585175723e-03 1.187374458166203699e-03 2.024978865636093057e-04 2.617882239579509204e-05 2.565526695186473668e-06 1.905898589583560547e-07 1.073296859862902007e-08 4.581806544781499347e-10 1.482690336965335866e-11 3.637148101505422792e-13 6.763450770679887406e-15
2.262587068726313808e-02 6.158428434015839753e-02 1.270665728484985935e-01 1.987419531970741060e-01 2.356376105367038454e-01 2.117856284821690860e-01 1.442929729094598046e-01 7.452306290647188469e-02 2.917648907621956528e-02 8.659088610167850822e-03 1.948086141749733827e-03 3.322316088535558405e-04 4.295073114115902329e-05 4.209175097888271650e-06 3.126945004091026145e-07 1.760922785817376510e-08 7.517218997494805462e-10 2.432601171503482172e-11 5.967349022293256883e-13 1.109657077946322141e-14
2.813990160245226357e-02 7.659266357272379033e-02 1.580332932305862359e-01 2.471763002867812531e-01 2.930636025455817806e-01 2.633987804790479115e-01 1.794578478645348918e-01 9.268468322335063347e-02 3.628693644802025858e-02 1.076934915897871485e-02 2.422843880779261636e-03 4.131980117620981147e-04 5.341802597439817196e-05 5.234970831365415547e-06 3.888996182627999515e-07 2.190067936272241657e-08 9.349200560607272526e-10 3.025437498087201472e-11 7.421619995793122009e-13 1.380085717693600005e-14
2.652996443050241807e-02 7.221065193933447202e-02 1.489919086240601431e-01 2.330348750793083401e-01 2.762968776952521299e-01 2.483292363942696535e-01 1.691907238298844818e-01 8.738201660781899638e-02 3.421089195187466264e-02 1.015321425652988309e-02 2.284228384513352708e-03 3.895581693806449532e-04 5.036187933666893765e-05 4.935468215664941205e-06 3.666499330846603998e-07 2.064769993532000927e-08 8.814315054496479459e-10 2.852346477429299609e-11 6.997015031777468971e-13 1.301128394786745058e-14
1.896040371580453784e-02 5.160742363367341878e-02 1.064813616807002705e-01 1.665450899091948656e-01 1.974635269580360675e-01 1.774756460306211037e-01 1.209170271293519144e-01 6.245007665673714403e-02 2.444979994543581073e-02 7.256287200126606413e-03 1.632489650068218645e-03 2.784089734306107572e-04 3.599256857698675217e-05 3.527274608326966463e-06 2.620369421100738974e-07 1.475647385815381171e-08 6.299404296200269866e-10 2.038511619232819235e-11 5.000618457502454511e-13 9.298889079131060334e-15
1.027200713531806371e-02 2.795888904826419885e-02 5.768744818712972372e-02 9.022763320558577216e-02 1.069780363477850493e-01 9.614938213853144178e-02 6.550812862802200820e-02 3.383301551139698132e-02 1.324594788492134030e-02 3.931173355422135779e-03 8.844192130706470673e-04 1.508311217673068561e-04 1.949936967497449777e-05 1.910939792635286699e-06 1.419613938298145204e-07 7.994481923227251525e-09 3.412771523682538750e-10 1.104386078062987506e-11 2.709140018661714541e-13 5.037775376678589937e-15
4.218517585568321883e-03 1.148218294334391737e-02 2.369113566979945060e-02 3.705476956623883489e-02 4.393384093854844907e-02 3.948671900726483802e-02 2.690294009481583246e-02 1.389457474351867179e-02 5.439858379569940255e-03 1.614457984043485934e-03 3.632141171830970431e-04 6.194346744938064890e-05 8.008019542602315153e-06 7.847865576803474835e-07 5.830083920831688624e-08 3.283181381824263476e-09 1.401560230491001702e-10 4.535503169139191126e-12 1.112592179886318701e-13 2.068918346599610732e-15
1.313291806533986583e-03 3.574586682346695896e-03 7.375428389601239136e-03 1.153574076135808167e-02 1.367730539551371451e-02 1.229284541009313496e-02 8.375314332946276474e-03 4.325602725555263879e-03 1.693514675163311457e-03 5.026065198095045275e-04 1.130743476679791178e-04 1.928398936817917448e-05 2.493024205432305843e-06 2.443165721545197331e-07 1.814998109958639910e-08 1.022106728407497627e-09 4.363280535713927418e-11 1.411974474378531945e-12 3.463676905975586564e-14 6.440872789703140367e-16
3.099270090081250183e-04 8.435756268241956842e-04 1.740545741296809119e-03 2.722348234469317962e-03 3.227741413928141880e-03 2.901019248878429924e-03 1.976511318960812863e-03 1.020809776029043235e-03 3.996567521196581359e-04 1.186113662002134431e-04 2.668469733377166992e-05 4.550876748708003348e-06 5.883350002873072829e-07 5.765687723188307316e-08 4.283259308983768892e-09 2.412095161534974167e-10 1.029701456423568763e-11 3.332153779249460109e-13 8.174017520695987422e-15 1.519997634328384710e-16
5.544398467260233703e-05 1.509103523229737777e-04 3.113726412914653244e-04 4.870109070792409439e-04 5.774225552451425769e-04 5.189740232208142233e-04 3.535853929749489246e-04 1.826164223535391336e-04 7.149606905748394174e-05 2.121882436334760665e-05 4.773723834852619538e-06 8.141231108246345827e-07 1.052494161211676316e-07 1.031445122432308095e-08 7.662480409051810267e-10 4.315085916293837875e-11 1.842070878237268006e-12 5.961012680202315720e-14 1.462280114216086976e-15 2.719179777516113107e-17
7.518760720787228755e-06 2.046495821154118954e-05 4.222525488913703525e-05 6.604356631950002068e-05 7.830429312233624613e-05 7.037808562900372091e-05 4.794972763669117980e-05 2.476461948884733745e-05 9.695584451485823795e-06 2.877485521765852752e-06 6.473648579430464986e-07 1.104032638292346944e-07 1.427287703960184290e-08 1.398743095032965737e-09 1.039109239055997412e-10 5.851689535994792420e-12 2.498032968947203015e-13 8.083731402185329948e-15 1.982998579643776780e-16 3.687480657220862133e-18
7.729206536665431450e-07 2.103776069690744771e-06 4.340711564329588803e-06 6.789208799930128985e-06 8.049598553879216091e-06 7.234792802725880661e-06 4.929181311172735252e-06 2.545776703626630449e-06 9.966958319611169983e-07 2.958024697142394079e-07 6.654842303715437950e-08 1.134933880923896891e-08 1.467236671151338472e-09 1.437893114932436358e-10 1.068193312844270722e-11 6.015474982080838162e-13 2.567951484213599528e-14 8.309990424575824252e-16 2.038501576676885341e-17 3.790691133556221286e-19
6.023104254294062689e-08 1.639400181031138570e-07 3.382566912367228125e-07 5.290596416613769526e-07 6.272774710474517657e-07 5.637824672211959165e-07 3.841141103510974823e-07 1.983836040783497049e-07 7.766907090973005602e-08 2.305086693329804108e-08 5.185889237274437083e-09 8.844148560538174153e-10 1.143366967119564941e-10 1.120500545131777619e-11 8.324062316720676249e-13 4.687652320363787243e-14 2.001116083004882003e-15 6.475689120477163007e-17 1.588534018417460468e-18 2.953954948018157768e-20
3.557973162064593884e-09 9.684278404834394522e-09 1.998152743995772852e-08 3.125265522044845856e-08 3.705458701903484267e-08 3.330380486416927944e-08 2.269042072159354340e-08 1.171893278455535080e-08 4.588073826254901063e-09 1.361662731514671298e-09 3.063412809849271230e-10 5.224422804448891069e-11 6.754106871888106145e-12 6.619030153455102526e-13 4.917197025293168217e-14 2.769093883283432643e-15 1.182100959390036028e-16 3.825324471198604721e-18 9.383801385351254315e-20 1.744962727401501243e-21
