1.983917838212857565e-06 1.783333763304894075e-06 1.215173810690209772e-06 6.276839005291254734e-07 2.457765238520928123e-07 7.295190292488335392e-08 1.641457609286815856e-08 2.799751833273702992e-09 3.619980434756475462e-10 3.548049974439929172e-11 2.636149600491929321e-12 1.484729017647049230e-13 6.339005954727516766e-15 2.051596466495139259e-16 5.033377975878089980e-18 9.361037089596834591e-20 1.319730357760974026e-21 1.410403143413929349e-23 1.142610332362825231e-25 7.016973657355434863e-28
2.302164291156046419e-05 2.069403898697627764e-05 1.410103634654081751e-05 7.283726342384230536e-06 2.852023031994342327e-06 8.465434538198324306e-07 1.904768947967413238e-07 3.248868763873597502e-08 4.200672795546354318e-09 4.117203745569798137e-10 3.059022586270365954e-11 1.722899033736846927e-12 7.355865686224782110e-14 2.380699459450241168e-15 5.840797847957311061e-17 1.086267026827599845e-18 1.531432423798760861e-20 1.636650314020412608e-22 1.325900022271696400e-24 8.142588304210323645e-27
2.025096689252780385e-04 1.820349225326120144e-04 1.240396357901693417e-04 6.407123139755875141e-05 2.508779422021249045e-05 7.446611661143837885e-06 1.675528243200800332e-06 2.857864402993314084e-07 3.695117939051788181e-08 3.621694466447356452e-09 2.690866388469102493e-10 1.515546541374449325e-11 6.470580446837553958e-13 2.094180077399081840e-14 5.137852424317435945e-16 9.555337853704585185e-18 1.347123115045754061e-19 1.439677934854479526e-21 1.166326728156431724e-23 7.162620270043555516e-26
1.350367675397670837e-03 1.213838709460627469e-03 8.271166286926698915e-04 4.272374759257129722e-04 1.672895251954792731e-04 4.965522748525324831e-05 1.117269704129068513e-05 1.905670840781328728e-06 2.463965226035066529e-07 2.415005250668637193e-08 1.794313826636836121e-09 1.010591282329306470e-10 4.314689132050130604e-12 1.396433611288438244e-13 3.426004235541869821e-15 6.371655947898170956e-17 8.982837802228712664e-19 9.600008515781534481e-21 7.777257851504897860e-23 4.776152632684326039e-25
6.825824574694185770e-03 6.135699368182397431e-03 4.180900589616088139e-03 2.159595579437459216e-03 8.456133636581222206e-04 2.509967308948338259e-04 5.647563357705237151e-05 9.632765278132607198e-06 1.245482596886742011e-06 1.220734359120003746e-07 9.069878993485559563e-09 5.108326373306919444e-10 2.180984604881076323e-11 7.058678191518858352e-13 1.731773081511394438e-14 3.220738065864311115e-16 4.540635571929516717e-18 4.852602386605361379e-20 3.931240263945282289e-22 2.414244698434898319e-24
2.615501848031900542e-02 2.351061452113016939e-02 1.602026700058939435e-02 8.275082617799710272e-03 3.240199467721274935e-03 9.617627970387973872e-04 2.164018755143158211e-04 3.691058144098601992e-05 4.772408077883831244e-06 4.677578418981640954e-07 3.475372829948541339e-08 1.957395318840715594e-09 8.357040533599031831e-11 2.704726096100579814e-12 6.635763409240373719e-14 1.234114101690375982e-15 1.739869022366888634e-17 1.859407661454438727e-19 1.506362500660513032e-21 9.250840541328455516e-24
7.597168506674954747e-02 6.829056547863177062e-02 4.653358131518220420e-02 2.403638028449006994e-02 9.411708643998933574e-03 2.793603085408963294e-03 6.285759326378814521e-04 1.072130410068439623e-04 1.386226829760510076e-05 1.358681947746660452e-06 1.009480954200297805e-07 5.685586528107219327e-09 2.427444094472321415e-10 7.856335460798595938e-12 1.927469974007537756e-13 3.584693619719890103e-15 5.053744524176641867e-17 5.400964766016687142e-19 4.375485247034179549e-21 2.687063458729218743e-23
1.672804956764518680e-01 1.503675959438539600e-01 1.024613386048356112e-01 5.292521292274166705e-02 2.072344829191570190e-02 6.151177355614640026e-03 1.384048458179757942e-03 2.360701967693230657e-04 3.052304434192748122e-05 2.991653923248075960e-06 2.222755415339221896e-07 1.251897640282027583e-08 5.344939380947425459e-10 1.729870397014614623e-11 4.244056616227076371e-13 7.893063383128866005e-15 1.112773644922649003e-16 1.189227358056519725e-18 9.634291253455769919e-21 5.916589936044937325e-23
2.792130248295306982e-01 2.509831832459014089e-01 1.710213743942543552e-01 8.833910211796372480e-02 3.459014548639151310e-02 1.026711947964325730e-02 2.310157887542764726e-03 3.940320325183250530e-04 5.094695292031690357e-05 4.993461657172832689e-06 3.710069488157604691e-07 2.089580889311663731e-08 8.921402857218401028e-10 2.887379931296458149e-11 7.083885545488346585e-13 1.317455506969096625e-14 1.857364745919813003e-16 1.984975992032124677e-18 1.608089210931683133e-20 9.875562396193984207e-23
3.532830977503538805e-01 3.175643991339291983e-01 2.163901951365381493e-01 1.117738388736452260e-01 4.376627400003497981e-02 1.299079717701529663e-02 2.923000226446468165e-03 4.985614734338824966e-04 6.446224118527359658e-05 6.318135064869131875e-06 4.694282591027476108e-07 2.643908213188371715e-08 1.128808672017092562e-09 3.653348647089089554e-11 8.963109909170668629e-13 1.666952187973574185e-14 2.350089403929024687e-16 2.511553563281422028e-18 2.034685660684058440e-20 1.249536721105471719e-22
3.388495127802775286e-01 3.045901222224144389e-01 2.075494487547180911e-01 1.072072541400772294e-01 4.197817760191762532e-02 1.246005065651241764e-02 2.803579364240995492e-03 4.781924565309016834e-04 6.182859909643899398e-05 6.060004008240862853e-06 4.502494964949128509e-07 2.535889816352684693e-08 1.082690541865189129e-09 3.504088978401690523e-11 8.596916877876621654e-13 1.598847893713863664e-14 2.254075144218094800e-16 2.408942592098941764e-18 1.951557403040579218e-20 1.198486176790865918e-22
2.463699246196441317e-01 2.214606857070629264e-01 1.509045759723600943e-01 7.794800383347985639e-02 3.052139684840189660e-02 9.059424981355871515e-03 2.038420037750298536e-03 3.476830717640560673e-04 4.495419566562967124e-05 4.406093780259206412e-06 3.273663686316533860e-07 1.843788936782852784e-08 7.872001496980002639e-10 2.547744957299522197e-11 6.250626556270770417e-13 1.162486650255231976e-14 1.638887772956968436e-16 1.751488440868158773e-18 1.418933869294908044e-20 8.713925736853995605e-23
1.357892329778862817e-01 1.220602583425925564e-01 8.317255710401792734e-02 4.296181714974482702e-02 1.682217126890217171e-02 4.993192133082826473e-03 1.123495466584223694e-03 1.916289811230968579e-04 2.477695180528925888e-05 2.428462385470599169e-06 1.804312282348433416e-07 1.016222600568562381e-08 4.338731876165270057e-10 1.404214958904096767e-11 3.445094960424145170e-13 6.407160729090211089e-15 9.032892873196053947e-17 9.653502647382718284e-19 7.820595068791822125e-21 4.802766790063473145e-23
5.673352903257364299e-02 5.099748381030076022e-02 3.474997670796653448e-02 1.794969635739899691e-02 7.028400714441116262e-03 2.086184630659237114e-03 4.694029215247218223e-04 8.006369964399331657e-05 1.035195415540035518e-05 1.014625668244596999e-06 7.538521354717026224e-08 4.245836959864350232e-09 1.812747339850294176e-10 5.866891534171468769e-12 1.439380653906680323e-13 2.676948910223272921e-15 3.773995027669486148e-17 4.033289390481388844e-19 3.267489974404375417e-21 2.006623817995353730e-23
1.796846932124220031e-02 1.615176667010813014e-02 1.100590604953334030e-02 5.684972781057854620e-03 2.226013519136499190e-03 6.607299981801781439e-04 1.486678537109118099e-04 2.535752940685669595e-05 3.278639172074410200e-06 3.213491299286247914e-07 2.387577363854622494e-08 1.344728460528451710e-09 5.741277780298499715e-11 1.858143893750895462e-12 4.558762263222199885e-14 8.478350490106529466e-16 1.195288130838203720e-17 1.277411046207732356e-19 1.034869403749626172e-21 6.355317415953782466e-24
4.313990508545456799e-03 3.877824363632011856e-03 2.642371667101332637e-03 1.364886356225661649e-03 5.344362406037629371e-04 1.586324850437229820e-04 3.569317443620515043e-05 6.088005562723107415e-06 7.871576602550888401e-07 7.715165224466607215e-08 5.732255709678208472e-09 3.228514188703094022e-10 1.378404437703007167e-11 4.461156361091125894e-13 1.094498189169968549e-14 2.035539193046461883e-16 2.869727832251745701e-18 3.066894029941941898e-20 2.484583803742352989e-22 1.525827187672922909e-24
7.851345833659558512e-04 7.057535268275593777e-04 4.809044836417842163e-04 2.484056185367987564e-04 9.726594768136859865e-05 2.887068244735276884e-05 6.496061033158622951e-06 1.108000516354837124e-06 1.432605612839138474e-07 1.404139165840095523e-08 1.043255007040517832e-09 5.875808343614435270e-11 2.508658727370805867e-12 8.119183697686540727e-14 1.991957047764795232e-15 3.704626176371584255e-17 5.222826896548603092e-19 5.581664033929177291e-21 4.521875200524673091e-23 2.776964137748992924e-25
1.083193010700064676e-04 9.736767475700526617e-05 6.634688963284448811e-05 3.427071428495093180e-05 1.341907450514998427e-05 3.983077819224939908e-06 8.962142360399274025e-07 1.528627627154478552e-07 1.976461640836602409e-08 1.937188556855718371e-09 1.439302962760227295e-10 8.106424891806978897e-12 3.461013764124564813e-13 1.120144650388523507e-14 2.748158083297505362e-16 5.111002962445986251e-18 7.205553939789794406e-20 7.700615407498813614e-22 6.238501928507313158e-24 3.831175200662907649e-26
1.132829135207302398e-05 1.018294410160909223e-05 6.938716264231992872e-06 3.584113195234375102e-06 1.403398878758158372e-06 4.165597965315331528e-07 9.372822645129735750e-08 1.598675301462872238e-08 2.067030814676578230e-09 2.025958084956659718e-10 1.505257432884654295e-11 8.477892867748068170e-13 3.619610900941681541e-14 1.171474043011602669e-15 2.874089395114188516e-17 5.345209033658410200e-19 7.535740498386454514e-21 8.053487611596506571e-23 6.524374395743683957e-25 4.006734576868848090e-27
8.980898550191788050e-07 8.072884522173753565e-07 5.500909616544224888e-07 2.841430891774627039e-07 1.112593467440565859e-07 3.302423248545454652e-08 7.430632448330052177e-09 1.267405670539003104e-09 1.638710858485606963e-10 1.606149017751646978e-11 1.193345393097198720e-12 6.721145616607633806e-14 2.869572937544265025e-15 9.287269551506477685e-17 2.278534730392426009e-18 4.237601114670347898e-20 5.974221426093142715e-22 6.384683529678008970e-24 5.172425631595376218e-26 3.176478749888415584e-28
