-3.855130607490681472e-03 -7.810845355096024921e-03 -1.196965066359865354e-02 -1.643752690577551800e-02 -2.132459635631481568e-02 -2.674411112173660787e-02 -3.280843673159360846e-02 -3.961991427655703335e-02 -4.725332606440312000e-02 -5.572524336143834522e-02 -6.494418878834874731e-02 -7.463553545525350441e-02 -8.423934368292911035e-02 -9.279368625555213523e-02 -9.884835092171453952e-02 -1.005038737982630187e-01 -9.570254796168935207e-02 -8.282668358710611189e-02 -6.144380008350863037e-02 -3.283460010742248608e-02
-7.609678394124767473e-03 -1.541860115153259776e-02 -2.363023218022851021e-02 -3.245586080574823507e-02 -4.211674695098063803e-02 -5.284341047224588167e-02 -6.486972008630770281e-02 -7.841789332047521821e-02 -9.366814495313210975e-02 -1.107034475925184058e-01 -1.294158891926728006e-01 -1.493580516605401698e-01 -1.695254277061016557e-01 -1.880769417610598515e-01 -2.020674076580165901e-01 -2.074039603998904802e-01 -1.993816166754176222e-01 -1.740402751685732885e-01 -1.300023470859661412e-01 -6.981603715829542978e-02
-1.116498255405921729e-02 -2.262365080448464072e-02 -3.467681675187348628e-02 -4.763893684753144064e-02 -6.184311891430791658e-02 -7.764306057693429186e-02 -9.540913802616494965e-02 -1.155137908564908278e-01 -1.382979050035539059e-01 -1.640044407220103140e-01 -1.926572636652733594e-01 -2.238514659713067567e-01 -2.564083424822202195e-01 -2.878506324788442372e-01 -3.137417419693312448e-01 -3.272393633770865895e-01 -3.196949680107975533e-01 -2.831114138339650421e-01 -2.139298891391284707e-01 -1.158783965633088248e-01
-1.442660183657801243e-02 -2.923420303306981105e-02 -4.481444679173981344e-02 -6.157994878611778439e-02 -7.997372785456352551e-02 -1.004765709777790533e-01 -1.236099770381316326e-01 -1.499302222654330663e-01 -1.800052073290126786e-01 -2.143587706072582200e-01 -2.533540675701381195e-01 -2.969616210088852348e-01 -3.443050802688079615e-01 -3.928015893913274215e-01 -4.367577144139670464e-01 -4.658737702845168749e-01 -4.654216444987757662e-01 -4.203374792904388535e-01 -3.226002499786379540e-01 -1.768615181190526797e-01
-1.730722160917005925e-02 -3.507211083813921437e-02 -5.376681652453449423e-02 -7.389267875801174001e-02 -9.599526844751388177e-02 -1.206795131668579601e-01 -1.486239726773337100e-01 -1.805919011346276692e-01 -2.174337946243215525e-01 -2.600698603784940555e-01 -3.094258166451099301e-01 -3.662532445253440794e-01 -4.306442996128004297e-01 -5.007919821649607917e-01 -5.703914704117338808e-01 -6.250725438270100520e-01 -6.412256852878494007e-01 -5.923815164222353546e-01 -4.627050707852229383e-01 -2.573017070887128610e-01
-1.973017248181353073e-02 -3.998020050716869639e-02 -6.128802550594725923e-02 -8.422867682081480734e-02 -1.094351490245880493e-01 -1.376222356644184186e-01 -1.696144946542754717e-01 -2.063795836484546287e-01 -2.490677978913032886e-01 -2.990564852773108795e-01 -3.579871558710547852e-01 -4.277298272409598145e-01 -5.099961336609549756e-01 -6.047632999166491219e-01 -7.060955414642026140e-01 -7.954013020993867533e-01 -8.377382205478650645e-01 -7.909869467321769543e-01 -6.281245013309662006e-01 -3.541423070557666586e-01
-2.163326728072794899e-02 -4.383049061468143742e-02 -6.717640543535689790e-02 -9.229884880228636512e-02 -1.198944110888389841e-01 -1.507597814784322754e-01 -1.858321797524020436e-01 -2.262440732935208643e-01 -2.734003839133356539e-01 -3.290905777896424578e-01 -3.956466862711562893e-01 -4.761028447198283331e-01 -5.740081433506770692e-01 -6.916342913638051648e-01 -8.241895689571431260e-01 -9.495004529209232214e-01 -1.021178575192871252e+00 -9.805176774155224262e-01 -7.883783343125196907e-01 -4.492604450924425064e-01
-2.297240582804770115e-02 -4.653208775157638422e-02 -7.128825451160586413e-02 -9.789589799437449502e-02 -1.270838608634935751e-01 -1.596902960241309843e-01 -1.967103597013782068e-01 -2.393640305605042595e-01 -2.891974390368117209e-01 -3.482403150540687720e-01 -4.192491342058748960e-01 -5.060126750900243442e-01 -6.133351533546105294e-01 -7.451544383704563623e-01 -8.977061933293543072e-01 -1.046724888750739213e+00 -1.138322477455081527e+00 -1.102629478489040471e+00 -8.922766050844850305e-01 -5.113429947364617201e-01
-2.372426823043032040e-02 -4.803719959154926361e-02 -7.354862417906640748e-02 -1.009126236571538104e-01 -1.308548339727153842e-01 -1.642071760829379168e-01 -2.019549214781747037e-01 -2.453040968639665920e-01 -2.957828448906108521e-01 -3.553996678178376611e-01 -4.268887155567566150e-01 -5.140194418849551861e-01 -6.215853429357555138e-01 -7.535239988591672100e-01 -9.060657178401022582e-01 -1.054891983726616633e+00 -1.145974376417132179e+00 -1.109251125556805162e+00 -8.972348045956348717e-01 -5.140512790901073936e-01
-2.388746793588778644e-02 -4.834381712796951419e-02 -7.395641625764153015e-02 -1.013511330816309064e-01 -1.312156683168401450e-01 -1.643286472675111742e-01 -2.015980386943984903e-01 -2.441144382249360589e-01 -2.932279830630214468e-01 -3.506622377997223317e-01 -4.186774753175960817e-01 -5.002404594381504310e-01 -5.988511894285364345e-01 -7.167552169673822027e-01 -8.491209378917052852e-01 -9.736216599630569402e-01 -1.043513176742223436e+00 -9.996235912712720939e-01 -8.025461636094172180e-01 -4.569330313070735228e-01
-2.348178676076586452e-02 -4.749418325132311047e-02 -7.258208722680400959e-02 -9.931981743306407540e-02 -1.283280512332380663e-01 -1.602936976120575008e-01 -1.959941365362694587e-01 -2.363275146004928384e-01 -2.823507412416469409e-01 -3.353251178023589074e-01 -3.967591851847960815e-01 -4.683850159306716110e-01 -5.517877863137715666e-01 -6.468365705088571227e-01 -7.474698055505114569e-01 -8.348546771727153315e-01 -8.736138147570394752e-01 -8.211203841502956458e-01 -6.501180875212214660e-01 -3.658856052809423276e-01
-2.254549523577963413e-02 -4.556904183157091393e-02 -6.955792741626418141e-02 -9.501799214836217922e-02 -1.224830135001761799e-01 -1.525239472455615364e-01 -1.857572856035591968e-01 -2.228506721798531875e-01 -2.645213814211229697e-01 -3.115175037885776765e-01 -3.645571466693499074e-01 -4.241586552109278263e-01 -4.901706357093937316e-01 -5.605430273593042800e-01 -6.287126316817911453e-01 -6.799841353812420275e-01 -6.903320391030208780e-01 -6.329078254776135948e-01 -4.918180976536899451e-01 -2.726253073487862055e-01
-2.113115282918367685e-02 -4.267855979998796262e-02 -6.506258651074312005e-02 -8.871120448705446804e-02 -1.140620566252964208e-01 -1.415617856616846193e-01 -1.716603788689881893e-01 -2.047964732125355514e-01 -2.413661826147783240e-01 -2.816616349031306754e-01 -3.257529773341749091e-01 -3.732618377611938709e-01 -4.229203751707693582e-01 -4.717293699062750645e-01 -5.135676522082942563e-01 -5.377056500421268925e-01 -5.290244064574328720e-01 -4.722405960359285504e-01 -3.594910459439653594e-01 -1.960899887754278537e-01
-1.930055582283298973e-02 -3.895145746559975503e-02 -5.930265157389243841e-02 -8.070217956884878641e-02 -1.034922177324184428e-01 -1.280007537222695724e-01 -1.545259653652406306e-01 -1.833086443458824266e-01 -2.144850944220361433e-01 -2.480083015818572156e-01 -2.835179221696838003e-01 -3.201290781317235878e-01 -3.560973795689714727e-01 -3.883194001396731987e-01 -4.117147944553883332e-01 -4.188462194404475869e-01 -4.006239276082752543e-01 -3.489188659719811292e-01 -2.605191310926791015e-01 -1.400643273429233449e-01
-1.711961143892593018e-02 -3.452406150941499108e-02 -5.249438068020820941e-02 -7.130264108727274452e-02 -9.120387825013341609e-02 -1.124230404677086653e-01 -1.351340792478531172e-01 -1.594270361816462200e-01 -1.852572083984034557e-01 -2.123681528295579546e-01 -2.401779644132454594e-01 -2.676174693543600935e-01 -2.929144512608656270e-01 -3.133419240078105239e-01 -3.250171870499101168e-01 -3.229762211169834862e-01 -3.018843502124120004e-01 -2.576085464799237612e-01 -1.892519958995901308e-01 -1.005849241675140227e-01
-1.465382721541449475e-02 -2.953079215611517649e-02 -4.484816652588126396e-02 -6.081012347188565620e-02 -7.759760915758112665e-02 -9.535344690440274162e-02 -1.141602680478991522e-01 -1.340082064448698540e-01 -1.547485375298130739e-01 -1.760290563252545903e-01 -1.972076652104182704e-01 -2.172442414371664465e-01 -2.345807743031866344e-01 -2.470415099775069012e-01 -2.518244156147360635e-01 -2.457063515348541505e-01 -2.256000246871521786e-01 -1.894860592626610996e-01 -1.374659521816865293e-01 -7.243932903952099434e-02
-1.196490175833668339e-02 -2.409710995449888815e-02 -3.655736663667348563e-02 -4.949207431302111299e-02 -6.302298635475005184e-02 -7.723286396773790252e-02 -9.214533443404583635e-02 -1.076969774218658749e-01 -1.236996725707448647e-01 -1.397918560294413581e-01 -1.553793006586624836e-01 -1.695704547667757633e-01 -1.811199620044109393e-01 -1.884080601162274604e-01 -1.895020589200631655e-01 -1.823595912205858427e-01 -1.652180192683821713e-01 -1.371406582685364139e-01 -9.856654414966570243e-02 -5.162202636912242154e-02
-9.108667204578530310e-03 -1.833537484892801273e-02 -2.779211325794162316e-02 -3.757781922585710921e-02 -4.776939582894484948e-02 -5.840968430862316513e-02 -6.949122168156376955e-02 -8.093469101618831762e-02 -9.256131437301606812e-02 -1.040593910772615177e-01 -1.149472138636173507e-01 -1.245382457118985597e-01 -1.319202327313785950e-01 -1.359675149004702932e-01 -1.354128167292374119e-01 -1.290047944582773665e-01 -1.157602616183720234e-01 -9.527786851209400776e-02 -6.802440347335703130e-02 -3.547298235709802489e-02
-6.134390785518372552e-03 -1.234360515871405287e-02 -1.869789202661818056e-02 -2.525769333529426230e-02 -3.206709293909743019e-02 -3.914525334408020668e-02 -4.647517171975559802e-02 -5.398924557464725854e-02 -6.155149967955322182e-02 -6.893717836723708969e-02 -7.581191568274453507e-02 -8.171507381787550262e-02 -8.605517717091183683e-02 -8.812884670851157953e-02 -8.717661711810330283e-02 -8.248591350739180317e-02 -7.353940508528734876e-02 -6.018497592836087595e-02 -4.277912761039599082e-02 -2.224473093119981593e-02
-3.085288343557245853e-03 -6.206762636369974294e-03 -9.398155767101316546e-03 -1.268796981349119488e-02 -1.609603109628012646e-02 -1.962906180135811848e-02 -2.327496312554680480e-02 -2.699561674480282364e-02 -3.071825622067370434e-02 -3.432590761884241060e-02 -3.764819451150140661e-02 -4.045495507743779307e-02 -4.245655037797690240e-02 -4.331606769223226433e-02 -4.267887147854660529e-02 -4.022279898048011088e-02 -3.572640894991498811e-02 -2.914342974480388718e-02 -2.066233135917192390e-02 -1.072676604939390953e-02
