-1.385747761548662346e-02 -2.732620781012754657e-02 -4.001182443550237167e-02 -5.151583345204784059e-02 -6.144962434938466139e-02 -6.946276767524940665e-02 -7.528160679552037271e-02 -7.874831274194689368e-02 -7.984715500409395039e-02 -7.870729313511480585e-02 -7.557960207842170930e-02 -7.079439533120372718e-02 -6.471264052665783029e-02 -5.768253252866265696e-02 -5.000867902271680793e-02 -4.193555661596897605e-02 -3.364324881590517735e-02 -2.525185837059817223e-02 -1.683101379177357609e-02 -8.411886626298192490e-03
-2.810369177758984677e-02 -5.543551712976079598e-02 -8.120525023238422957e-02 -1.046018674123471298e-01 -1.248198941563381237e-01 -1.411198326891530130e-01 -1.529153382844817277e-01 -1.598644997133634726e-01 -1.619330197235075708e-01 -1.594024308314986316e-01 -1.528167323667840027e-01 -1.428853481362485633e-01 -1.303736320812742266e-01 -1.160088195196454786e-01 -1.004166424415520315e-01 -8.409031619962097082e-02 -6.738561472452397894e-02 -5.053319169626198371e-02 -3.366032591490923653e-02 -1.681654099397957361e-02
-4.312176898496187377e-02 -8.510690809286548808e-02 -1.247717795299320004e-01 -1.608665004879455407e-01 -1.921082471590153107e-01 -2.172813202365150298e-01 -2.353954244245036465e-01 -2.458613166036848763e-01 -2.486180046757849871e-01 -2.441527098958632402e-01 -2.333995589731137632e-01 -2.175566510691502309e-01 -1.978877335823818473e-01 -1.755624772932849742e-01 -1.515587760541253215e-01 -1.266234899213923848e-01 -1.012757319157456953e-01 -7.583499741972035690e-02 -5.046058024556607929e-02 -2.519395353111189215e-02
-5.927646662046918286e-02 -1.170985762109764267e-01 -1.719084584986302344e-01 -2.219840749574447381e-01 -2.654652032307299181e-01 -3.005016119888651027e-01 -3.255234629112802591e-01 -3.395670932518941032e-01 -3.425247717444523943e-01 -3.351907418560912122e-01 -3.190721108968597730e-01 -2.960539745054264760e-01 -2.680581665393697022e-01 -2.367946062164046073e-01 -2.036325138621206121e-01 -1.695691577715024712e-01 -1.352588599139358250e-01 -1.010705008279475098e-01 -6.715304323775783679e-02 -3.349869804343873908e-02
-7.688553630254540971e-02 -1.521024382237225470e-01 -2.237792676432358019e-01 -2.896956075596428537e-01 -3.472655055933066004e-01 -3.937338622091253737e-01 -4.266260580440170980e-01 -4.443548936093026369e-01 -4.467200820584886767e-01 -4.350114744827113245e-01 -4.116432925999952142e-01 -3.795286914532603473e-01 -3.414963078295787380e-01 -2.999252719745894025e-01 -2.566075462399121099e-01 -2.127617969764281913e-01 -1.691200667265439217e-01 -1.260350975779432336e-01 -8.358239726662160252e-02 -4.164777649680406063e-02
-9.616316296571957023e-02 -1.906459648081454961e-01 -2.814087105187868532e-01 -3.657475098312771289e-01 -4.401524231657806818e-01 -5.005145094540210948e-01 -5.428528894848589914e-01 -5.644646092879835875e-01 -5.649554325622223594e-01 -5.464711075055093126e-01 -5.129513122712524575e-01 -4.689178641258104907e-01 -4.184722300430565034e-01 -3.648025062480738101e-01 -3.101106131430032553e-01 -2.557504450768557369e-01 -2.024245325378963567e-01 -1.503674321506388023e-01 -9.949365759142846100e-02 -4.951000917365215581e-02
-1.171205421805731201e-01 -2.329060164927885257e-01 -3.454470390186293316e-01 -4.516845467378502454e-01 -5.469626735383547045e-01 -6.250969323999717719e-01 -6.794939412412691615e-01 -7.053618110842463373e-01 -7.018962350805677541e-01 -6.728008680751166315e-01 -6.246961618519121240e-01 -5.646921956360375638e-01 -4.986650774888616855e-01 -4.307005115555652686e-01 -3.632817877556155373e-01 -2.977048650688436382e-01 -2.344602209764760359e-01 -1.735164587102126232e-01 -1.145148080433579380e-01 -5.689860255939214323e-02
-1.394091825235265758e-01 -2.783891029434871212e-01 -4.156975673850063502e-01 -5.482858340817551301e-01 -6.701937603588103975e-01 -7.720738964164032270e-01 -8.427739294481587651e-01 -8.735754017690019468e-01 -8.628351622000036691e-01 -8.171394586685916117e-01 -7.478752099073890935e-01 -6.663258619714860220e-01 -5.807516523257431063e-01 -4.960438756126144821e-01 -4.146098588655216521e-01 -3.373269058579234092e-01 -2.641950585158663878e-01 -1.947234139196083180e-01 -1.281505425953789745e-01 -6.356960699380125035e-02
-1.621096153025050057e-01 -3.254454189334892167e-01 -4.902495158082153526e-01 -6.542140975329756580e-01 -8.101371715113718786e-01 -9.440739738833680006e-01 -1.037285102287440752e+00 -1.074081528800228558e+00 -1.051247616183573319e+00 -9.804586162708616159e-01 -8.812067198406231538e-01 -7.712329402876147988e-01 -6.617711141558307864e-01 -5.580728930243170627e-01 -4.617806777991965705e-01 -3.727971657399528072e-01 -2.902696834087648003e-01 -2.130316423491217248e-01 -1.397943740531564227e-01 -6.922931191705114506e-02
-1.835231459385971431e-01 -3.706919962997883844e-01 -5.641853146886385284e-01 -7.634796123847937821e-01 -9.605424140893320528e-01 -1.135398347094780158e+00 -1.258083609369265776e+00 -1.302068332762484903e+00 -1.261608250567533451e+00 -1.156293032920807873e+00 -1.017846988683037024e+00 -8.730159293008036281e-01 -7.363292600471478266e-01 -6.125546628283009554e-01 -5.016211410531984383e-01 -4.018089321146787185e-01 -3.110546699975847984e-01 -2.273391317682806889e-01 -1.487660321583218481e-01 -7.355327912253395439e-02
-2.011309836426357911e-01 -4.087144150836711232e-01 -6.284845400033223228e-01 -8.625811619645551431e-01 -1.102788445557022712e+00 -1.322502211360873536e+00 -1.478199190831991805e+00 -1.529787833383776441e+00 -1.468297658527974558e+00 -1.323237273691725280e+00 -1.141339175755430979e+00 -9.597716320263415257e-01 -7.961368437288749433e-01 -6.538231342115441436e-01 -5.302832043977832033e-01 -4.217561406876232377e-01 -3.248003960910756382e-01 -2.365041762224713573e-01 -1.543773493459709156e-01 -7.621779114254265131e-02
-2.119668284050001128e-01 -4.327530728122026549e-01 -6.707960142714316509e-01 -9.308133109461902421e-01 -1.204874658013075805e+00 -1.460986997348893590e+00 -1.643862426005217259e+00 -1.701382006978802819e+00 -1.621682566750689114e+00 -1.443086361184882538e+00 -1.225485273275861653e+00 -1.014846614621905729e+00 -8.309510978059613251e-01 -6.755742999635332424e-01 -5.438183166878862718e-01 -4.301188287560037127e-01 -3.298854512021346941e-01 -2.394997842230616458e-01 -1.560214000493947151e-01 -7.694053235811715297e-02
-2.134994122158888341e-01 -4.368140260027850164e-01 -6.795330013844737005e-01 -9.475134712148196581e-01 -1.233073028473160804e+00 -1.502163698568423689e+00 -1.694800551096934171e+00 -1.753998716525796198e+00 -1.666718591466271215e+00 -1.474855296484267830e+00 -1.243594459479053338e+00 -1.022362238935682566e+00 -8.316863401264161793e-01 -6.725788298912882546e-01 -5.391241888557434248e-01 -4.249953709520745138e-01 -3.251210760924708176e-01 -2.355880197219176464e-01 -1.532679188988325669e-01 -7.552294003660807442e-02
-2.046614540940006055e-01 -4.183474856394134300e-01 -6.496940783950391207e-01 -9.036066082748968054e-01 -1.172331694245129841e+00 -1.424045957276585339e+00 -1.603617065363992511e+00 -1.659036323627474108e+00 -1.578465210113294770e+00 -1.400156027788795221e+00 -1.183870432804291717e+00 -9.754290819997242235e-01 -7.944711674216924369e-01 -6.426382757059081463e-01 -5.149059469819865509e-01 -4.055943938218305456e-01 -3.100134750158554109e-01 -2.244631957836686620e-01 -1.459393107876619244e-01 -7.188330174565443764e-02
-1.863157274013851061e-01 -3.795030272730912646e-01 -5.857047007990701104e-01 -8.074497192077090268e-01 -1.036888005191799245e+00 -1.247756061113486803e+00 -1.396827834441430660e+00 -1.444212874062092089e+00 -1.380983388527328604e+00 -1.236519290524272119e+00 -1.057307219936203024e+00 -8.802242716399040212e-01 -7.225781330297977867e-01 -5.874728223812373251e-01 -4.720943904037104288e-01 -3.724427673772445213e-01 -2.848735080812348497e-01 -2.063118890383415782e-01 -1.341428273340242450e-01 -6.607095355514686075e-02
-1.607797423591471320e-01 -3.258519529302791873e-01 -4.985313428990174600e-01 -6.789074330853401840e-01 -8.595244692173442669e-01 -1.020929776572881975e+00 -1.133591481089768038e+00 -1.171255316896491205e+00 -1.128229927546555489e+00 -1.023923597313998402e+00 -8.897043494157617083e-01 -7.518716659415123349e-01 -6.244818565321291759e-01 -5.118389444216993045e-01 -4.134422326386563706e-01 -3.271955911258386251e-01 -2.507247731353394737e-01 -1.817679829942787650e-01 -1.182491608242297459e-01 -5.825769316976937146e-02
-1.307919582571165362e-01 -2.636976194542036134e-01 -3.998411653902478879e-01 -5.377787361218862028e-01 -6.711290868826126355e-01 -7.866834450774236043e-01 -8.662898545297338382e-01 -8.946167016397057470e-01 -8.685075544779797818e-01 -7.993893795150328607e-01 -7.062605944870374852e-01 -6.062210415946085451e-01 -5.098075804126867006e-01 -4.215881189212960511e-01 -3.425831232241879354e-01 -2.721660035767143326e-01 -2.090614589774975329e-01 -1.517860881192391320e-01 -9.882816265893003271e-02 -4.871066292413499255e-02
-9.863008498972143656e-02 -1.979657953859034480e-01 -2.979091337874188450e-01 -3.965582767683832333e-01 -4.890672345752180017e-01 -5.670987324294830545e-01 -6.203024121153684067e-01 -6.404372742008381802e-01 -6.259271347997885648e-01 -5.830038610729433302e-01 -5.223543413819999870e-01 -4.543462271036611821e-01 -3.862453362074430019e-01 -3.219823584141746076e-01 -2.631145992984210702e-01 -2.098213677826893664e-01 -1.615687740468344513e-01 -1.174867605764827461e-01 -7.656675607155977170e-02 -3.775681319672759273e-02
-6.574524000301086579e-02 -1.315287656692344931e-01 -1.968553376281650391e-01 -2.601337156801314388e-01 -3.181896317105882277e-01 -3.662261793871262605e-01 -3.987745992119289262e-01 -4.117157566870053298e-01 -4.043281133025911078e-01 -3.797873989943412187e-01 -3.436883100894021492e-01 -3.018177698623781269e-01 -2.586458250680246373e-01 -2.169410412668675570e-01 -1.780653793760168246e-01 -1.424353863036572354e-01 -1.099054530592317031e-01 -8.002543098452852277e-02 -5.219530152538435358e-02 -2.574984128020065335e-02
-3.281832552418047916e-02 -6.552743760610636736e-02 -9.775914454878073534e-02 -1.286388446200871227e-01 -1.566141786644027201e-01 -1.795098260531568235e-01 -1.949790416990141162e-01 -2.013221832216255669e-01 -1.982635827006632712e-01 -1.871368057493833503e-01 -1.703323678370496363e-01 -1.504281808582089153e-01 -1.295357523364830399e-01 -1.090618485297901868e-01 -8.976915957129649737e-02 -7.194919668092909781e-02 -5.559221720998672178e-02 -4.051420984847918516e-02 -2.643919226957103588e-02 -1.304725711646200111e-02
