-2.838535902250451451e-02 -5.773424758664846834e-02 -8.891181558196195600e-02 -1.225168630963376359e-01 -1.585621503978958680e-01 -1.959405291237920343e-01 -2.317929720617223355e-01 -2.613239659336010212e-01 -2.789011390348988817e-01 -2.805322178112994447e-01 -2.661510327540045351e-01 -2.396855205568504676e-01 -2.068444708310403779e-01 -1.726053033281230165e-01 -1.400427427281179804e-01 -1.104751209395888889e-01 -8.409664957913835781e-02 -6.052519447260084479e-02 -3.913113181273759206e-02 -1.920008448680169538e-02
-5.580698710620871084e-02 -1.136379802597133754e-01 -1.753833678635836058e-01 -2.425256159974690240e-01 -3.155181759328697377e-01 -3.925745154833042427e-01 -4.679833236295433685e-01 -5.312307900100877722e-01 -5.692713919053625782e-01 -5.725694543722463781e-01 -5.409465713344945303e-01 -4.837565807989364086e-01 -4.142143549591087437e-01 -3.432438919200835881e-01 -2.770174503505405394e-01 -2.177471363808975713e-01 -1.653842645449593862e-01 -1.188727730217506717e-01 -7.679923947640428239e-02 -3.766920191232958626e-02
-8.120381023236471207e-02 -1.656200634719721954e-01 -2.564072586604010384e-01 -3.564145167028821004e-01 -4.673262016457210843e-01 -5.875502960136115282e-01 -7.086947685076555592e-01 -8.129587704958284311e-01 -8.766066397939945576e-01 -8.816298732192369147e-01 -8.276501190888729820e-01 -7.322777730334393276e-01 -6.195470517504716446e-01 -5.079864322733207427e-01 -4.067457410287952380e-01 -3.180562615871791454e-01 -2.408124879356946524e-01 -1.727815200766373294e-01 -1.115237800073227287e-01 -5.467749316728054421e-02
-1.033858090369920435e-01 -2.112093418197883155e-01 -3.280581545569516422e-01 -4.585875451515298851e-01 -6.065580962838026391e-01 -7.716549784097006537e-01 -9.432885981354746097e-01 -1.095010307402016547e+00 -1.189054046512275642e+00 -1.195818916087916017e+00 -1.114630720377530748e+00 -9.743710531110441053e-01 -8.132782312334916330e-01 -6.589412161902636900e-01 -5.230489375772632288e-01 -4.067527473419330075e-01 -3.070037364256172907e-01 -2.199143867633188698e-01 -1.418366696715888942e-01 -6.951697412025620304e-02
-1.211246772340648370e-01 -2.477234826281299873e-01 -3.856795082473672975e-01 -5.414678432238374528e-01 -7.212164624571058003e-01 -9.265172796926228749e-01 -1.145317111621893869e+00 -1.342799897858210523e+00 -1.466675047849640201e+00 -1.475030039051177466e+00 -1.366864992875147511e+00 -1.183021736226775200e+00 -9.764510752102273372e-01 -7.835383759798411063e-01 -6.177619782596474041e-01 -4.785211360977333350e-01 -3.604801954319963309e-01 -2.580295761215967709e-01 -1.663910516257525174e-01 -8.155372517337067251e-02
-1.333800620784796886e-01 -2.727941746373501175e-01 -4.248649259976841064e-01 -5.971851136478645294e-01 -7.974410262423262674e-01 -1.028606104680201527e+00 -1.277891701209699082e+00 -1.505166654629352285e+00 -1.648608140102374664e+00 -1.658124821849548347e+00 -1.532498818894778569e+00 -1.320517875578350875e+00 -1.084794221322856522e+00 -8.673120736432683442e-01 -6.824902711407899725e-01 -5.284307289634360139e-01 -3.982709300747209746e-01 -2.853222116481545223e-01 -1.841433978323711862e-01 -9.030682785401575319e-02
-1.395891573407635755e-01 -2.850951672336612952e-01 -4.430094444858171387e-01 -6.207672114887309300e-01 -8.258659361537945554e-01 -1.061077304308198688e+00 -1.313457002198765933e+00 -1.542844286524409414e+00 -1.687527518297653240e+00 -1.697550975782732730e+00 -1.571705915750755356e+00 -1.358657632407096250e+00 -1.120911007051635044e+00 -9.004787203698511044e-01 -7.119336805243154931e-01 -5.535766382562031795e-01 -4.187255209001615186e-01 -3.008312264694347760e-01 -1.945523887366807925e-01 -9.553014371934591409e-02
-1.398692178543932685e-01 -2.848755126123370118e-01 -4.405237804670415480e-01 -6.128342280608227721e-01 -8.073896910554756445e-01 -1.025194003627804218e+00 -1.253713423380584224e+00 -1.457962453132400249e+00 -1.585840343212364001e+00 -1.595717821880272780e+00 -1.486619346399948860e+00 -1.299139930094844075e+00 -1.086054564627096264e+00 -8.839197555419417984e-01 -7.066937840795539660e-01 -5.543578889009951327e-01 -4.220989545203870374e-01 -3.047111459387608079e-01 -1.977036889385230811e-01 -9.726129833300375949e-02
-1.350030298720080735e-01 -2.739292179099790392e-01 -4.207831815534040509e-01 -5.795111930083962637e-01 -7.530149460867892053e-01 -9.400283253882354417e-01 -1.129103674036256555e+00 -1.293284744831899591e+00 -1.394748402511069019e+00 -1.404052878197766363e+00 -1.320556975623991214e+00 -1.173036641682182468e+00 -9.998171834107020262e-01 -8.290113028554702002e-01 -6.731767408576238010e-01 -5.344151654517614869e-01 -4.105075926723651403e-01 -2.982004459173084876e-01 -1.942890979458557488e-01 -9.581133606255781698e-02
-1.262084321679471377e-01 -2.550067858120197983e-01 -3.888299840396077789e-01 -5.296160616797791487e-01 -6.779055203753224790e-01 -8.307723187684329380e-01 -9.784763096602174803e-01 -1.102126951262454080e+00 -1.177352615935561841e+00 -1.185924132961542865e+00 -1.127499686526217682e+00 -1.019975691358278924e+00 -8.880737311687163515e-01 -7.514546798996194488e-01 -6.206521625706833412e-01 -4.992488796953634123e-01 -3.872623126738696797e-01 -2.832880833918216545e-01 -1.854404725820035238e-01 -9.169493802033090724e-02
-1.148216491615256796e-01 -2.310385828588501778e-01 -3.497673415958982290e-01 -4.714398362385935903e-01 -5.950905361853133790e-01 -7.171414923321178803e-01 -8.298588961496666805e-01 -9.207741474408791538e-01 -9.753197889544449328e-01 -9.831533339802639437e-01 -9.441331143676239268e-01 -8.684938174469352123e-01 -7.710490118493623646e-01 -6.647577156560215972e-01 -5.578907794534831988e-01 -4.545059046467244124e-01 -3.559815560145650482e-01 -2.622465860716174380e-01 -1.724896065027986258e-01 -8.552796112636670833e-02
-1.020388324819971465e-01 -2.045517176172866047e-01 -3.077128863682913607e-01 -4.110301928201726684e-01 -5.128486146341941776e-01 -6.097138932319557947e-01 -6.958087254812617140e-01 -7.631153949702003114e-01 -8.031646578634525913e-01 -8.102880261649372251e-01 -7.844511625748483707e-01 -7.313345884199186075e-01 -6.595892479157116073e-01 -5.775455223760707080e-01 -4.913724993625632198e-01 -4.048499210691109407e-01 -3.199038573902172611e-01 -2.372263002445096358e-01 -1.567433829939613443e-01 -7.792732912584664218e-02
-8.878179156213732159e-02 -1.774148837400807421e-01 -2.654903648104254277e-01 -3.520559975073718206e-01 -4.353044363701319419e-01 -5.122779656686856642e-01 -5.787467205125016445e-01 -6.295604187224337345e-01 -6.597470664847976396e-01 -6.661662713821285831e-01 -6.488308749318187907e-01 -6.109424356440715798e-01 -5.576114909669075415e-01 -4.941912812649793540e-01 -4.251354504781217902e-01 -3.536044057359886139e-01 -2.815558025443425927e-01 -2.100111975515421281e-01 -1.393303240962106282e-01 -6.943799740086874228e-02
-7.567341652364069360e-02 -1.508353654938535959e-01 -2.247754731635518977e-01 -2.963870624686940625e-01 -3.639870443662951427e-01 -4.251999700527379078e-01 -4.770003289327707230e-01 -5.160377712036584574e-01 -5.393070479044344001e-01 -5.450039026030676359e-01 -5.331567583006181499e-01 -5.056417161157161777e-01 -4.655690913000360420e-01 -4.164215314244356647e-01 -3.613607922176114151e-01 -3.028740224223409605e-01 -2.427034327216325282e-01 -1.819323479123432508e-01 -1.211287483837701490e-01 -6.049435310392917153e-02
-6.307650517952764768e-02 -1.254776571929910878e-01 -1.863887878031301737e-01 -2.447280690315480345e-01 -2.990498307185275872e-01 -3.475135850419723282e-01 -3.879683412439282608e-01 -4.181983094234442699e-01 -4.363265701114520945e-01 -4.412718933672676869e-01 -4.330638145168627662e-01 -4.128484257755225539e-01 -3.825796606902076014e-01 -3.445576985557491922e-01 -3.010103739843612569e-01 -2.538271431435726866e-01 -2.044515329935617520e-01 -1.538860262244139410e-01 -1.027579789320682141e-01 -5.141068015162773841e-02
-5.115494924964134743e-02 -1.016099787439752461e-01 -1.505739418442859356e-01 -1.970864437457483798e-01 -2.399699172678848302e-01 -2.778339559641687107e-01 -3.091559271738903991e-01 -3.324513872264400205e-01 -3.465168546482740863e-01 -3.506810152970354366e-01 -3.449688348662556248e-01 -3.301031024008297399e-01 -3.073411013262435931e-01 -2.782184768308174627e-01 -2.442957235729082965e-01 -2.069726447287985049e-01 -1.673895597910342314e-01 -1.264022564794969050e-01 -8.460648351175888149e-02 -4.239038947262573076e-02
-3.993331444581272455e-02 -7.923338052492533146e-02 -1.172105836035315651e-01 -1.530738685501347174e-01 -1.859094234507094046e-01 -2.146962527979695279e-01 -2.383696319661469665e-01 -2.559337603789864080e-01 -2.666074923888345216e-01 -2.699655268619565174e-01 -2.660266825340696917e-01 -2.552536507448482372e-01 -2.384630144676911367e-01 -2.166793713175464986e-01 -1.909814414680862382e-01 -1.623781888216070113e-01 -1.317318459169549427e-01 -9.972697898954636930e-02 -6.687532091982985316e-02 -3.354440528650812214e-02
-2.934493494795219898e-02 -5.817966267121704727e-02 -8.596117177197823422e-02 -1.120890844252562801e-01 -1.358976952435196617e-01 -1.566720524051806451e-01 -1.736926167294587653e-01 -1.863065412746792715e-01 -1.940138330857101023e-01 -1.965469205200165437e-01 -1.939187319227470563e-01 -1.864218305549688870e-01 -1.745779824498299160e-01 -1.590545974430711829e-01 -1.405725353302004765e-01 -1.198268679374972917e-01 -9.743269138741639246e-02 -7.389851742441638782e-02 -4.962343780341279403e-02 -2.491191726779205112e-02
-1.926675641834170796e-02 -3.817917702977018796e-02 -5.636537193277477847e-02 -7.342362686842063280e-02 -8.892025871122860581e-02 -1.024016750657420483e-01 -1.134222646122236555e-01 -1.215859907237548387e-01 -1.265944103203979765e-01 -1.282896280032523595e-01 -1.266795394856756463e-01 -1.219369927499413392e-01 -1.143725216495354163e-01 -1.043885347465274699e-01 -9.242726227353408042e-02 -7.892407925682191905e-02 -6.427356050371256513e-02 -4.881097720502113740e-02 -3.280801296049005999e-02 -1.647983422335136394e-02
-9.542917899319137975e-03 -1.890490393184124027e-02 -2.789752233761130795e-02 -3.631979943636237662e-02 -4.395804954666952813e-02 -5.059212925360495605e-02 -5.600878958671837160e-02 -6.002074746427869117e-02 -6.248820771224341403e-02 -6.333766543096963630e-02 -6.257282578554865249e-02 -6.027410337340175644e-02 -5.658659702545828368e-02 -5.169976120642729572e-02 -4.582391462938717464e-02 -3.916862455471090826e-02 -3.192650303591044320e-02 -2.426382271050312942e-02 -1.631781075679301224e-02 -8.199410872450680135e-03
