-1.025412510835238024e-02 -2.149343555788188129e-02 -3.493359713918900433e-02 -5.234906941391888335e-02 -7.661968969301033439e-02 -1.125199884330307515e-01 -1.670952831189764509e-01 -2.472975314233280264e-01 -3.518824611996908547e-01 -4.604642851508713441e-01 -5.339337925980746080e-01 -5.373962517893207114e-01 -4.687649669221467530e-01 -3.605993955651065619e-01 -2.529185530308868946e-01 -1.683304154101926409e-01 -1.094844785078940841e-01 -6.964381974354977300e-02 -4.137334324388367707e-02 -1.933984556584577089e-02
-1.952300002747394889e-02 -4.078496226507923039e-02 -6.587891521852988486e-02 -9.772233742382992194e-02 -1.407588622097390996e-01 -2.018165818029749869e-01 -2.901318914727999410e-01 -4.135923428298765026e-01 -5.679207345986924116e-01 -7.233019172362946669e-01 -8.264422197677194770e-01 -8.309820950095018199e-01 -7.341551777877151075e-01 -5.791252811853503379e-01 -4.201823712820253465e-01 -2.899635340803236039e-01 -1.946430222026742374e-01 -1.266933684972274266e-01 -7.636028760527810433e-02 -3.596951370117331542e-02
-2.705284765801347149e-02 -5.624344069167590970e-02 -9.006177272490721586e-02 -1.317816518257292069e-01 -1.860245812493595274e-01 -2.592996006007455834e-01 -3.595608857215810139e-01 -4.923047089202693960e-01 -6.508389423416498509e-01 -8.052531474878382722e-01 -9.055990524147300436e-01 -9.095035069836379105e-01 -8.144340463423397347e-01 -6.597391642426956304e-01 -4.960557053668639971e-01 -3.557082725770280285e-01 -2.471011745175800967e-01 -1.651005481785750295e-01 -1.012552577589837383e-01 -4.816136682771208349e-02
-3.244490112153675110e-02 -6.707337815931792291e-02 -1.063332203631408290e-01 -1.532261517591631261e-01 -2.116110813321705475e-01 -2.863369382811931096e-01 -3.824885500729319210e-01 -5.021626112050704416e-01 -6.375967908394678529e-01 -7.642561174230636523e-01 -8.443281295581890333e-01 -8.467285146673686480e-01 -7.695866226049089542e-01 -6.416520581998004236e-01 -5.010095989040188602e-01 -3.737746565058567838e-01 -2.689060744685713433e-01 -1.845734936679543914e-01 -1.152851824088153010e-01 -5.540812785547929997e-02
-3.565335312613648194e-02 -7.327148946890373049e-02 -1.149659051675708671e-01 -1.631258352034173353e-01 -2.204841733021609962e-01 -2.899572966982962297e-01 -3.738246129012125496e-01 -4.714729060014740680e-01 -5.754085219147223595e-01 -6.679564101390336184e-01 -7.243879085754796332e-01 -7.251972072646252210e-01 -6.691895596027552795e-01 -5.742871829033776576e-01 -4.651671622188535138e-01 -3.603008262970787690e-01 -2.678456641911621250e-01 -1.885538405506782811e-01 -1.198384397163358428e-01 -5.817872682005394841e-02
-3.689701098378774663e-02 -7.539312342519827181e-02 -1.171305994307974968e-01 -1.638040655844519022e-01 -2.170799560716574483e-01 -2.783146375903526315e-01 -3.478588933251068327e-01 -4.236803753073024592e-01 -4.994226304608728739e-01 -5.633155013319424143e-01 -6.005803437930793409e-01 -6.001391150314477896e-01 -5.612869558601810693e-01 -4.940937919047815319e-01 -4.131205001295439883e-01 -3.304130037116862484e-01 -2.526055724136331837e-01 -1.817621474618220379e-01 -1.173074667574715707e-01 -5.746518337643733570e-02
-3.654156706073662803e-02 -7.427333011659530138e-02 -1.143584868212444428e-01 -1.578722498356157078e-01 -2.056631925658289339e-01 -2.580750345974945903e-01 -3.144514145751639012e-01 -3.723897504045515228e-01 -4.269558504303054836e-01 -4.705978860234251160e-01 -4.948021660706702907e-01 -4.935327406662887717e-01 -4.663780659055066780e-01 -4.187347758153002197e-01 -3.588552981880596682e-01 -2.943011498004719506e-01 -2.300653107647156748e-01 -1.685170094406683861e-01 -1.101546564643575282e-01 -5.437349574039004180e-02
-3.499592901237227882e-02 -7.080012947360837805e-02 -1.081575657121566642e-01 -1.476613429356798401e-01 -1.896120563744571608e-01 -2.337988453992492499e-01 -2.791900029363358904e-01 -3.235744235794671964e-01 -3.633244817865852738e-01 -3.936310985762833670e-01 -4.095641439143446472e-01 -4.078072288158101077e-01 -3.881097550455515077e-01 -3.533689770329989654e-01 -3.082736947257214144e-01 -2.575390326051110734e-01 -2.047532278471154710e-01 -1.520697035829632338e-01 -1.004182887838989680e-01 -4.987388198620203855e-02
-3.264202282807144445e-02 -6.577369343853073369e-02 -9.981026790487149136e-02 -1.350031390823019650e-01 -1.713222866562194302e-01 -2.083045998974219770e-01 -2.448798404962514719e-01 -2.792229868343452659e-01 -3.087395792312800369e-01 -3.303371259402360649e-01 -3.410783884782971898e-01 -3.390711177693904732e-01 -3.241533740463624635e-01 -2.979313744803809838e-01 -2.631431068033371901e-01 -2.227649676177780869e-01 -1.793228487126001247e-01 -1.345872089389177073e-01 -8.957446431939844467e-02 -4.470369517192124276e-02
-2.979847194251607559e-02 -5.984235784066341268e-02 -9.030667135036057891e-02 -1.212186112783334851e-01 -1.523689885759304530e-01 -1.832154643949600870e-01 -2.127937874439209398e-01 -2.396735534256602129e-01 -2.620165329966930301e-01 -2.777984830756504708e-01 -2.852060722221326228e-01 -2.831084493491177190e-01 -2.713958829190668554e-01 -2.509986271466946306e-01 -2.235752567630127918e-01 -1.910458004449118175e-01 -1.551836881325048823e-01 -1.173813819731622521e-01 -7.858860411973446480e-02 -3.936642921982484722e-02
-2.670950983964146333e-02 -5.349059666654034512e-02 -8.035545220087407514e-02 -1.071956413376580208e-01 -1.337195586582226592e-01 -1.593942723299676401e-01 -1.834054282638337141e-01 -2.046582314445704043e-01 -2.218482779099525959e-01 -2.336231806580612858e-01 -2.388242222116031543e-01 -2.367457671006872322e-01 -2.273115813161390164e-01 -2.110852938624685204e-01 -1.891105341147602259e-01 -1.626583005442515939e-01 -1.329844743616735159e-01 -1.011659818871196853e-01 -6.803213659408365033e-02 -3.417341847330069432e-02
-2.354897321819949055e-02 -4.705507016489275662e-02 -7.042890227719222906e-02 -9.348894782043062901e-02 -1.159193329181895521e-01 -1.372366274256321961e-01 -1.567753565040655994e-01 -1.737054501192481226e-01 -1.870946550097948025e-01 -1.960208331681812799e-01 -1.997206540223502302e-01 -1.977375847056989100e-01 -1.900184353948403959e-01 -1.769198828824458947e-01 -1.591230437483679705e-01 -1.374923164096691630e-01 -1.129299096658840790e-01 -8.626593560593809329e-02 -5.820054381314232472e-02 -2.929510936800071644e-02
-2.043131383990180391e-02 -4.075181143924619387e-02 -6.081614082080463030e-02 -8.041191672005178204e-02 -9.923220237769858620e-02 -1.168575517744316616e-01 -1.327539218938303955e-01 -1.462935498905033604e-01 -1.568040315891452985e-01 -1.636447914951368876e-01 -1.662999072342437601e-01 -1.644654111015856623e-01 -1.581046394222398732e-01 -1.474527284372161573e-01 -1.329694298777102657e-01 -1.152580103708212567e-01 -9.497691526145025931e-02 -7.276730921326328427e-02 -4.920899511672585658e-02 -2.480647526916384196e-02
-1.742447362449803944e-02 -3.470472338075063917e-02 -5.167193757151671701e-02 -6.811038018564509466e-02 -8.374001325453611644e-02 -9.820746201452733304e-02 -1.110892364614440436e-01 -1.219108021954774385e-01 -1.301831358166989916e-01 -1.354543998332989607e-01 -1.373687753588710425e-01 -1.357195191757590846e-01 -1.304819855648249038e-01 -1.218169673134206210e-01 -1.100439420405554397e-01 -9.559338624814289753e-02 -7.895243695165340969e-02 -6.061739461776415039e-02 -4.106165338060051989e-02 -2.072179680145772723e-02
-1.456185825518500725e-02 -2.897067459133818509e-02 -4.305650941168057827e-02 -5.661765822054471570e-02 -6.941001549979458618e-02 -8.114305322723426583e-02 -9.148476904577286517e-02 -1.000772951040062170e-01 -1.065633203017403580e-01 -1.106209058127045619e-01 -1.120012869003354228e-01 -1.105619125057674124e-01 -1.062868260189110681e-01 -9.928922052594010839e-02 -8.979599333265060601e-02 -7.811916388820108748e-02 -6.462205884301711056e-02 -4.968818313511483287e-02 -3.369842895047883008e-02 -1.701905865078973470e-02
-1.185228592221715220e-02 -2.355960985314137918e-02 -3.496576998879313142e-02 -4.589373247792001564e-02 -5.613934172326388861e-02 -6.546997389818830226e-02 -7.362949766586551759e-02 -8.035029727510561992e-02 -8.537195185722579183e-02 -8.846462522507085591e-02 -8.945356136484536314e-02 -8.824002681335040010e-02 -8.481419148266551578e-02 -7.925710270153341064e-02 -7.173165332343933720e-02 -6.246522417591507392e-02 -5.172845668968762550e-02 -3.981485359509212563e-02 -2.702482100738415327e-02 -1.365600868238999246e-02
-9.287677071620429464e-03 -1.844970954971569127e-02 -2.735323124351867613e-02 -3.585216222035283312e-02 -4.378364930985328279e-02 -5.096800641070790838e-02 -5.721295586362306479e-02 -6.232244851189198964e-02 -6.610956981618962280e-02 -6.841208714199131791e-02 -6.910831131923966808e-02 -6.813044667911566377e-02 -6.547281431654694561e-02 -6.119334917735279322e-02 -5.540829738095198048e-02 -4.828162686924601654e-02 -4.001169434988531559e-02 -3.081795552366682622e-02 -2.092999387689952959e-02 -1.058015484796265455e-02
-6.848711832056604554e-03 -1.359832071858214572e-02 -2.014528310568073494e-02 -2.637803739076935786e-02 -3.217508893285857957e-02 -3.740544867647192101e-02 -4.193187226173238774e-02 -4.561697327579353201e-02 -4.833179366839673863e-02 -4.996584442592821168e-02 -5.043715348158910733e-02 -4.970063574367163117e-02 -4.775327195151170961e-02 -4.463518327766721749e-02 -4.042656083724208149e-02 -3.524129318547750134e-02 -2.921873889024895546e-02 -2.251528133347288976e-02 -1.529704406179468318e-02 -7.734616883908677736e-03
-4.508850539157955271e-03 -8.949578319997401540e-03 -1.325154503596270850e-02 -1.733961805972303663e-02 -2.113322265041225542e-02 -2.454683043431108574e-02 -2.749211367596630928e-02 -2.988178015674442661e-02 -3.163478955890942912e-02 -3.268234600100353854e-02 -3.297382584655657312e-02 -3.248167464603014115e-02 -3.120445769628424695e-02 -2.916755298944267299e-02 -2.642147174703698281e-02 -2.303824743014033088e-02 -1.910668872951422695e-02 -1.472738884492044362e-02 -1.000828524481848364e-02 -5.061269627027647003e-03
-2.237112042960346086e-03 -4.439598061734349732e-03 -6.571702541658386992e-03 -8.595668693016025527e-03 -1.047135714959251777e-02 -1.215653978057507946e-02 -1.360797476501726493e-02 -1.478324844628200498e-02 -1.564324088346181682e-02 -1.615492948436524079e-02 -1.629413384894988492e-02 -1.604778505096352351e-02 -1.541533533006628903e-02 -1.440910328438109109e-02 -1.305352761110374279e-02 -1.138353872036515502e-02 -9.442381926295458430e-03 -7.279302297685127932e-03 -4.947440874257421663e-03 -2.502177287767185475e-03
