-2.312505835083764408e-02 -5.026041714134017735e-02 -8.675770124362659763e-02 -1.402091845177339535e-01 -2.188267979758442283e-01 -3.239170994447410079e-01 -4.380038320610023517e-01 -5.223262454456791826e-01 -5.379460286551381865e-01 -4.772513589861517302e-01 -3.708596334277145523e-01 -2.613853750049475733e-01 -1.750799000815490836e-01 -1.164233944994812475e-01 -7.877140138564840688e-02 -5.429480195658650116e-02 -3.753588802119289108e-02 -2.527570506449813847e-02 -1.564695516317335736e-02 -7.491296062861228094e-03
-4.213852209098641749e-02 -9.041802623098647851e-02 -1.524530804835370901e-01 -2.379844954019264547e-01 -3.561602115319980055e-01 -5.059412694155522860e-01 -6.624407629487869542e-01 -7.756178457544450344e-01 -7.968559888736695962e-01 -7.167789574373865102e-01 -5.734442059869498953e-01 -4.210654331678481133e-01 -2.952250069243501640e-01 -2.046560786737608717e-01 -1.429327132480822382e-01 -1.006547766868526039e-01 -7.054812566570214938e-02 -4.791780211726411054e-02 -2.982066535371220503e-02 -1.431822093764519889e-02
-5.492025681988847025e-02 -1.161563275913719273e-01 -1.909716881640597108e-01 -2.876455182658452236e-01 -4.125958447404565188e-01 -5.621864858568175194e-01 -7.122023094398988174e-01 -8.182732621443667975e-01 -8.387264728248278178e-01 -7.656506662855464551e-01 -6.315554208552545123e-01 -4.838471151806101878e-01 -3.556535583497302255e-01 -2.576051520460625466e-01 -1.863632508599429582e-01 -1.346489222658600882e-01 -9.606168774848437841e-02 -6.602474463971673424e-02 -4.139954233330528366e-02 -1.996090012350860976e-02
-6.132454015414969678e-02 -1.278645569934876991e-01 -2.051323423483792374e-01 -2.985239571120850144e-01 -4.109153185220036364e-01 -5.371492841801124296e-01 -6.578605027535794347e-01 -7.410594328054448399e-01 -7.579226794177159610e-01 -7.031021714389417143e-01 -5.990218346538386252e-01 -4.793306075954979484e-01 -3.693355980971290697e-01 -2.793754332275445451e-01 -2.093932793985101293e-01 -1.553838381220305209e-01 -1.130097912572987917e-01 -7.871862309856368645e-02 -4.979176240503432882e-02 -2.412583813815173325e-02
-6.248161590333388415e-02 -1.286129571130847637e-01 -2.018824128483957536e-01 -2.849940064710376753e-01 -3.781584641547076076e-01 -4.760086238091379984e-01 -5.648141195563608496e-01 -6.243942805951461228e-01 -6.374987712636256409e-01 -6.010396330744047777e-01 -5.284259997306438583e-01 -4.405183941245799373e-01 -3.544362011348111130e-01 -2.789167644187351969e-01 -2.160011815597170926e-01 -1.644153213656864565e-01 -1.218671867722735391e-01 -8.604749474428677325e-02 -5.492299123436209657e-02 -2.675067408160590812e-02
-5.997657243756631534e-02 -1.221326553328634656e-01 -1.882881642023104263e-01 -2.593004338756997873e-01 -3.339903905425322117e-01 -4.076679188493383954e-01 -4.712492788757584594e-01 -5.129212383330823410e-01 -5.232019309100955917e-01 -5.004873945008848635e-01 -4.521780538298733609e-01 -3.902807104866009569e-01 -3.256386639219837620e-01 -2.649757775835965834e-01 -2.111039400691528400e-01 -1.643825158414201348e-01 -1.239930843868282118e-01 -8.868091062960846427e-02 -5.710201194290676074e-02 -2.795387112662580525e-02
-5.528834430229203484e-02 -1.116261195410236662e-01 -1.696885752294268468e-01 -2.293047295404750385e-01 -2.888451051350702237e-01 -3.446176774201155646e-01 -3.907947214401748526e-01 -4.206265141632528071e-01 -4.290504795852650988e-01 -4.152811413021375575e-01 -3.833215945111598799e-01 -3.399477156945888146e-01 -2.918752352011542150e-01 -2.439838264959685865e-01 -1.990043807384524466e-01 -1.580098299566352338e-01 -1.210407892691692522e-01 -8.758094216355893913e-02 -5.685024572971341533e-02 -2.796277945752764782e-02
-4.954984294164321845e-02 -9.938887006721469630e-02 -1.495019160599315722e-01 -1.992447180760296144e-01 -2.470213821348267447e-01 -2.900852104299659895e-01 -3.247121321754224965e-01 -3.470007932042536991e-01 -3.542106662598006883e-01 -3.459667311107136323e-01 -3.244898406039318228e-01 -2.936763987871197079e-01 -2.577094143761330391e-01 -2.200216073815267070e-01 -1.829082413050401867e-01 -1.476098318043511659e-01 -1.145790523129161936e-01 -8.375176193460749652e-02 -5.475521277279610244e-02 -2.704699026993325275e-02
-4.352201305514662166e-02 -8.687655245575828800e-02 -1.296798082271353736e-01 -1.711269762393171079e-01 -2.098345759904847452e-01 -2.438063764173383496e-01 -2.706322904941310670e-01 -2.879882069586295890e-01 -2.943347493514799629e-01 -2.894944974103854096e-01 -2.747583584361428244e-01 -2.524502920541645823e-01 -2.252267516806080727e-01 -1.954749760054302343e-01 -1.649951130588314108e-01 -1.349418363556413869e-01 -1.059137245992611831e-01 -7.809178753944329143e-02 -5.137182683706763286e-02 -2.546995154551184859e-02
-3.766163270506853872e-02 -7.491538149230524135e-02 -1.112130236059325622e-01 -1.457457069312355358e-01 -1.773737288985400562e-01 -2.046497455673948196e-01 -2.259791455466842736e-01 -2.399249188391093246e-01 -2.455824090483299527e-01 -2.428677285140960207e-01 -2.325682719982409830e-01 -2.161256353359419236e-01 -1.952674046719495293e-01 -1.716550973566079163e-01 -1.466550709655486395e-01 -1.212485676980252919e-01 -9.604215525260643982e-02 -7.132979123831595381e-02 -4.717032305774000733e-02 -2.346098417406434003e-02
-3.220912269351498131e-02 -6.391029635127291886e-02 -9.451110881236782224e-02 -1.232687548327327381e-01 -1.492638955461693673e-01 -1.714373671470117710e-01 -1.887053405193965805e-01 -2.001439758621465781e-01 -2.051959992382189346e-01 -2.038207065689944253e-01 -1.965182994661996696e-01 -1.842151040543422436e-01 -1.680615731374614508e-01 -1.492227245655259882e-01 -1.287214108968457726e-01 -1.073551390765583174e-01 -8.567649409136922356e-02 -6.401487891060983482e-02 -4.251869811879296218e-02 -2.120366565411500176e-02
-2.726457040026793177e-02 -5.400554927202730338e-02 -7.965233708572387605e-02 -1.035542672699491795e-01 -1.249756057679135973e-01 -1.431302646951102264e-01 -1.572604901618113171e-01 -1.667491297100485714e-01 -1.712363485688898901e-01 -1.707003439609386386e-01 -1.654687899380602456e-01 -1.561547181069955215e-01 -1.435409464820197600e-01 -1.284527460489998107e-01 -1.116526398516314578e-01 -9.377403568349532148e-02 -7.529375810043098527e-02 -5.653451311603133883e-02 -3.768592111954797985e-02 -1.883498694743607205e-02
-2.284357212025050349e-02 -4.519497161359104648e-02 -6.653837457577012338e-02 -8.632031365859309247e-02 -1.039539565736321697e-01 -1.188475291364652353e-01 -1.304571576099017582e-01 -1.383556232297740995e-01 -1.422998440079020210e-01 -1.422754318863992951e-01 -1.385017157489994433e-01 -1.313939502157060735e-01 -1.214946788733970162e-01 -1.093946057693387375e-01 -9.566232262906612660e-02 -8.079454783442045762e-02 -6.518995721210310568e-02 -4.914347018784497728e-02 -3.285547833790868066e-02 -1.645035901091203290e-02
-1.891473281146640803e-02 -3.739234256414061819e-02 -5.498582229651761272e-02 -7.123460581169720196e-02 -8.567229336136346352e-02 -9.784866352646241772e-02 -1.073649069789219951e-01 -1.139162846450568339e-01 -1.173318881117467044e-01 -1.175997576132273015e-01 -1.148686130603977507e-01 -1.094246172637793613e-01 -1.016491476447742154e-01 -9.196862161666199964e-02 -8.080742781817118470e-02 -6.855182403157863980e-02 -5.552799284377897548e-02 -4.199388263295551760e-02 -2.814213258531346115e-02 -1.411095297749947672e-02
-1.542299532980790158e-02 -3.047381399974468177e-02 -4.477793205809205840e-02 -5.795993734445743090e-02 -6.965190274448718188e-02 -7.950986829185456572e-02 -8.723746446765076601e-02 -9.261266434087343791e-02 -9.551162661813891730e-02 -9.592303703449336916e-02 -9.394831552016046083e-02 -8.978670084890447156e-02 -8.370861949383286149e-02 -7.602324726881050376e-02 -6.704689928143892086e-02 -5.707726548892318869e-02 -4.637625343783362969e-02 -3.516188125272727560e-02 -2.360817612877183155e-02 -1.185129903882560336e-02
-1.230341803889201113e-02 -2.430196827693038159e-02 -3.569211105552397290e-02 -4.617527744256843397e-02 -5.546545309942415430e-02 -6.330136938133312796e-02 -6.946234108182167133e-02 -7.378520623151343938e-02 -7.617883011531254023e-02 -7.663238380160868057e-02 -7.521482464608245100e-02 -7.206517221870525902e-02 -6.737530173120891142e-02 -6.136878498543815730e-02 -5.427959601709229920e-02 -4.633403698703272150e-02 -3.773783157485351841e-02 -2.866917411386388573e-02 -1.927735846588183796e-02 -9.686054171680648361e-03
-9.488716323057934041e-03 -1.873852935595142835e-02 -2.751328363352930143e-02 -3.558361271895851136e-02 -4.273324984783978542e-02 -4.876779592988445683e-02 -5.352528134632419943e-02 -5.688693846528241477e-02 -5.878606467962985138e-02 -5.921278498003433588e-02 -5.821337644948495343e-02 -5.588380253701149408e-02 -5.235858259295506079e-02 -4.779694513059104533e-02 -4.236863652792415003e-02 -3.624143442749416105e-02 -2.957184407189607234e-02 -2.249961035282501895e-02 -1.514602535949661176e-02 -7.615546327912442806e-03
-6.912905197803554357e-03 -1.365013941731195272e-02 -2.003886237472335755e-02 -2.591261870326280053e-02 -3.111611112478704366e-02 -3.551124235755269420e-02 -3.898399423767686528e-02 -4.145115256885697347e-02 -4.286563883737824071e-02 -4.321925754612362253e-02 -4.254203184573381036e-02 -4.089801659953608282e-02 -3.837821614054847535e-02 -3.509173398102086172e-02 -3.115653453207230944e-02 -2.669119734439606012e-02 -2.180849351920892756e-02 -1.661139661386071970e-02 -1.119157646090039246e-02 -5.630113462728175179e-03
-4.512759903083730928e-03 -8.910252942262608666e-03 -1.307940186957684374e-02 -1.691188895006987686e-02 -2.030732470997152414e-02 -2.317705123082880111e-02 -2.544828256752662901e-02 -2.706800617784831803e-02 -2.800605821316824035e-02 -2.825655791346611684e-02 -2.783745014062396703e-02 -2.678798952414696358e-02 -2.516451366886841845e-02 -2.303520336619611919e-02 -2.047455415401154902e-02 -1.755831383778541990e-02 -1.435951876864672433e-02 -1.094589857167815178e-02 -7.378771510260844109e-03 -3.713322255873296313e-03
-2.227861197416711701e-03 -4.398674004195306415e-03 -6.456566797150435459e-03 -8.348170459693809303e-03 -1.002420895005997313e-02 -1.144132796973015495e-02 -1.256403223408087896e-02 -1.336651384197868817e-02 -1.383400527810925776e-02 -1.396344292604552104e-02 -1.376321269626285156e-02 -1.325195469501814355e-02 -1.245661525300370553e-02 -1.140999145934498173e-02 -1.014812804588359832e-02 -8.707951412381681119e-03 -7.125344130993764048e-03 -5.433881515364340394e-03 -3.664266345085318618e-03 -1.844399412446636344e-03
