-1.345368321158857405e-02 -2.649713290893603024e-02 -3.872025004336477477e-02 -4.971973079951553381e-02 -5.911675562593386030e-02 -6.658617254878697322e-02 -7.189214678603990383e-02 -7.492027489295402520e-02 -7.569464761860281166e-02 -7.437224400515177192e-02 -7.121502603067737802e-02 -6.654785153394179864e-02 -6.071369426349116499e-02 -5.403593890038515396e-02 -4.679289520981634587e-02 -3.920511692490760008e-02 -3.143323027687077581e-02 -2.358296077085004355e-02 -1.571429710575370647e-02 -7.852554539880421056e-03
-2.731759914779234230e-02 -5.381459557411572697e-02 -7.866413448701627120e-02 -1.010419157619574237e-01 -1.201611169029166565e-01 -1.353357851918798316e-01 -1.460621359573226752e-01 -1.520943008467134372e-01 -1.534860692998563092e-01 -1.505792992509897565e-01 -1.439400073065718044e-01 -1.342626834177170214e-01 -1.222709837093961666e-01 -1.086371629408308115e-01 -9.393052180237013160e-02 -7.859433990179165441e-02 -6.294484245744223772e-02 -4.718431538021556487e-02 -3.142167417362175252e-02 -1.569592112932128442e-02
-4.200211550608866362e-02 -8.277951319842601074e-02 -1.210797732383214337e-01 -1.556226762191716129e-01 -1.851500051028853455e-01 -2.085337048493905721e-01 -2.249262976184501495e-01 -2.339087104090173674e-01 -2.355760181697277855e-01 -2.305188703153928376e-01 -2.197030152263972635e-01 -2.042918882746838638e-01 -1.854703895837490069e-01 -1.643112022824276264e-01 -1.416976855109131628e-01 -1.182968749488069182e-01 -9.456748202583448171e-02 -7.078778467671277552e-02 -4.709216128203364687e-02 -2.350945668310468542e-02
-5.791134792708198253e-02 -1.142215629074736227e-01 -1.672527569343446041e-01 -2.152189767833944944e-01 -2.562824459760976170e-01 -2.887226005416761998e-01 -3.112004692230478931e-01 -3.230380565794411241e-01 -3.243902972872856894e-01 -3.162170774916371330e-01 -3.000612641598313091e-01 -2.777314530223409239e-01 -2.510074787849977951e-01 -2.214395668196420808e-01 -1.902521390735870122e-01 -1.583279903957712786e-01 -1.262404248474258139e-01 -9.430717972755014999e-02 -6.264972975261436094e-02 -3.124974433751867217e-02
-7.542170385025037671e-02 -1.489425900359366561e-01 -2.184905495125334940e-01 -2.817175381270998202e-01 -3.360370969993979329e-01 -3.788718937500014095e-01 -4.081124737105941147e-01 -4.226503444465820047e-01 -4.227282461737512653e-01 -4.098968666644027814e-01 -3.865930774481549648e-01 -3.555650383685147742e-01 -3.193884679207256716e-01 -2.801874380102926665e-01 -2.395433092300204014e-01 -1.985225210283080022e-01 -1.577590451896250801e-01 -1.175507780359704435e-01 -7.794983201218229352e-02 -3.883978992793240409e-02
-9.483278687005056162e-02 -1.876360778051932021e-01 -2.760474867476243599e-01 -3.571180996306294042e-01 -4.272642720228526092e-01 -4.825944849175428097e-01 -5.197000888325810086e-01 -5.366959870477606698e-01 -5.339556618518650488e-01 -5.140378828155479640e-01 -4.808443542898519496e-01 -4.385455996103205800e-01 -3.907935321400539119e-01 -3.403783333027251556e-01 -2.892111268302098859e-01 -2.384597367865450013e-01 -1.887224545936496412e-01 -1.401870533654042128e-01 -9.275902667193783313e-02 -4.615958184915742307e-02
-1.162726095728139203e-01 -2.307175366012172713e-01 -3.409298825683918510e-01 -4.433974922750010261e-01 -5.332045824333129236e-01 -6.043659610623302036e-01 -6.511697545015006083e-01 -6.702542808460553170e-01 -6.621940898409073295e-01 -6.313607167626205108e-01 -5.841606697838274131e-01 -5.269664372921532003e-01 -4.648585166375912014e-01 -4.013206345156752342e-01 -3.384630376323106704e-01 -2.773828333658462375e-01 -2.184839778926706277e-01 -1.617159504099466294e-01 -1.067396364777230267e-01 -5.303950770179088198e-02
-1.395353036431643823e-01 -2.780066815909623679e-01 -4.134593500083013073e-01 -5.420469465099958528e-01 -6.571357731959087678e-01 -7.493759032808021692e-01 -8.089088476471003597e-01 -8.295334494600983266e-01 -8.121457131565834597e-01 -7.644520338018203631e-01 -6.972152667807065551e-01 -6.202179697232562683e-01 -5.403330548392172306e-01 -4.615788422392787527e-01 -3.859370135277677138e-01 -3.141245190676273946e-01 -2.461146648738585241e-01 -1.814531292424917952e-01 -1.194440570096234749e-01 -5.925881035596872182e-02
-1.638387027890156888e-01 -3.281943588235366471e-01 -4.923823956941385527e-01 -6.527929127879208426e-01 -8.007542715646576159e-01 -9.216901501243339734e-01 -9.985567372165130573e-01 -1.019950926452216633e+00 -9.872858734364039490e-01 -9.141985169252372367e-01 -8.187949588471108431e-01 -7.159564801604318962e-01 -6.145783961557494957e-01 -5.187063057573014779e-01 -4.295790559418115606e-01 -3.470632827396259446e-01 -2.703970056767355801e-01 -1.985378408315496279e-01 -1.303246483483672669e-01 -6.455167528800827281e-02
-1.875401716831585630e-01 -3.781098454637836781e-01 -5.733574385297225406e-01 -7.708561795733700484e-01 -9.598284610089494739e-01 -1.118300658839816331e+00 -1.218060639494216391e+00 -1.239270616470681041e+00 -1.184120067790249919e+00 -1.075692224073036218e+00 -9.432882526632520026e-01 -8.087683885367711323e-01 -6.829573078056894175e-01 -5.690217579586890340e-01 -4.666001268317122586e-01 -3.741515289888825424e-01 -2.898721488497662535e-01 -2.119765718549009581e-01 -1.387650184555350164e-01 -6.862324157165633487e-02
-2.079763900996581538e-01 -4.221272771175750282e-01 -6.472943116522468232e-01 -8.832088739813115374e-01 -1.117305291174881532e+00 -1.318768125952129777e+00 -1.445048374517957868e+00 -1.465159031414011270e+00 -1.382274717884893311e+00 -1.231841120200261930e+00 -1.057354192566036355e+00 -8.888039057478895888e-01 -7.384607645982824708e-01 -6.076369536994825626e-01 -4.936218371343998879e-01 -3.930677350688501215e-01 -3.029632559568536387e-01 -2.207312637116157217e-01 -1.441356093698461238e-01 -7.117627194807446545e-02
-2.217423310531630720e-01 -4.525625998450122922e-01 -7.004164919362693142e-01 -9.674390523691697163e-01 -1.239914369753408963e+00 -1.479056862241108883e+00 -1.628752627249123064e+00 -1.647269358230338154e+00 -1.538712752185522836e+00 -1.350381036208896157e+00 -1.139104889246095764e+00 -9.420780502350658558e-01 -7.723420460616818861e-01 -6.290515895658322920e-01 -5.071271731146747008e-01 -4.015283849747071643e-01 -3.081813906336642872e-01 -2.238495854818477182e-01 -1.458698798347817516e-01 -7.194623597042786034e-02
-2.256399673095368374e-01 -4.618736820778288621e-01 -7.183210781707334291e-01 -9.984855179964118310e-01 -1.288246646802132522e+00 -1.544885029415441924e+00 -1.705380036190424775e+00 -1.722469591378766873e+00 -1.600735819059680987e+00 -1.393564245331816442e+00 -1.164553903613251506e+00 -9.544243429079585228e-01 -7.764254570633544184e-01 -6.284754862587809132e-01 -5.042186280971432399e-01 -3.977277869251947817e-01 -3.043835643188529949e-01 -2.206157571355904512e-01 -1.435480838920647761e-01 -7.073879018802280150e-02
-2.179887217138321009e-01 -4.460276974212277756e-01 -6.931139877999821231e-01 -9.622539037926652883e-01 -1.239658750811872601e+00 -1.484610264673921876e+00 -1.637488007191250539e+00 -1.653731379732408691e+00 -1.537693344210547153e+00 -1.339792325422719976e+00 -1.120303138020347200e+00 -9.181600434822999590e-01 -7.464087768676948009e-01 -6.034513375880832253e-01 -4.834374189429107571e-01 -3.807691457833859983e-01 -2.910083909346717901e-01 -2.106817342645387614e-01 -1.369679017870608639e-01 -6.746083831477528436e-02
-1.994122451933549311e-01 -4.066058715570148863e-01 -6.280862786494918470e-01 -8.649167118271452459e-01 -1.104394743607480578e+00 -1.312814341270761131e+00 -1.442468718607434752e+00 -1.458242766522854339e+00 -1.363676392683890626e+00 -1.198784111717856371e+00 -1.012152119413048723e+00 -8.364070308451660996e-01 -6.838870748142219513e-01 -5.547920938002419700e-01 -4.452128669859243826e-01 -3.508925216059768371e-01 -2.681982670873462316e-01 -1.941348321632777318e-01 -1.261809440832230012e-01 -6.213665961308101338e-02
-1.724467760384680859e-01 -3.497525129975358471e-01 -5.353705882567677543e-01 -7.282377264688268959e-01 -9.174619663709444595e-01 -1.078400964392409067e+00 -1.178165452141409775e+00 -1.193214800472885528e+00 -1.126072997340827220e+00 -1.003944504110870772e+00 -8.607855348657582617e-01 -7.209451344172607135e-01 -5.953632265207897678e-01 -4.861368426446316948e-01 -3.916615880699363950e-01 -3.093825400262950054e-01 -2.367567321717739259e-01 -1.714783440749764187e-01 -1.114843788022090026e-01 -5.490485295942018618e-02
-1.403024914150868829e-01 -2.829313805372994928e-01 -4.289109830049688266e-01 -5.758853636995016068e-01 -7.152658115971505248e-01 -8.307365151364833888e-01 -9.021573759595398201e-01 -9.156870554258604855e-01 -8.729631800998461921e-01 -7.903538135826299049e-01 -6.890821743935868771e-01 -5.857059695828821244e-01 -4.891271973963604025e-01 -4.024776487393380009e-01 -3.258783874985516915e-01 -2.582154933194134028e-01 -1.979674660341293468e-01 -1.435374136889371599e-01 -9.337336897970763272e-02 -4.599837140314975981e-02
-1.057041718490901311e-01 -2.120989381737622970e-01 -3.188648556185470495e-01 -4.234188502666249021e-01 -5.196015019574723448e-01 -5.974226804069077135e-01 -6.455644912557507720e-01 -6.566268309145515403e-01 -6.316088638381558429e-01 -5.795507226035588877e-01 -5.126923318839626820e-01 -4.414671236561095724e-01 -3.724205725737143591e-01 -3.086672801675580113e-01 -2.511445654950941186e-01 -1.996320523008962289e-01 -1.533601008445601155e-01 -1.113304664230266999e-01 -7.247330928549119977e-02 -3.571526152044154218e-02
-7.037664719408340264e-02 -1.406955159625526142e-01 -2.102466576287315703e-01 -2.769920148789283831e-01 -3.370419190251747743e-01 -3.848043129936248308e-01 -4.144122417017084281e-01 -4.222167852762315210e-01 -4.087855091330108159e-01 -3.787458552446819060e-01 -3.386150407360221104e-01 -2.943834479853241204e-01 -2.502569235918511437e-01 -2.085958137305070903e-01 -1.703962274312432745e-01 -1.358075881459362977e-01 -1.045103797765865178e-01 -7.595103766037895887e-02 -4.947413803335231480e-02 -2.438936279021877707e-02
-3.509804637168058988e-02 -7.001399916861542061e-02 -1.042544679843970951e-01 -1.367259651727999736e-01 -1.655644385568010857e-01 -1.882803394929381258e-01 -2.023945125801955569e-01 -2.064215520130948667e-01 -2.006193110402868240e-01 -1.869310105768931529e-01 -1.681674693337685544e-01 -1.470419440988713355e-01 -1.255903046171020498e-01 -1.050558219287749118e-01 -8.603595221511378677e-02 -6.869158558892386746e-02 -5.292278323331242595e-02 -3.848916526415006173e-02 -2.508283859303600538e-02 -1.236805074896599882e-02
