-3.450813544230317120e-03 -6.907759692755758435e-03 -1.037304168450624460e-02 -1.384093731052827431e-02 -1.729371858572349707e-02 -2.069756434591338290e-02 -2.399869059609117256e-02 -2.712012582030814273e-02 -2.995979479890395827e-02 -3.239080410549564221e-02 -3.426496098548990898e-02 -3.542049788900974300e-02 -3.569455236781691326e-02 -3.494012617962793249e-02 -3.304601995544064613e-02 -2.995695601418212756e-02 -2.569023135710604006e-02 -2.034529646245336609e-02 -1.410381776908148366e-02 -7.219649012949736627e-03
-6.895494621258197072e-03 -1.380718495134585812e-02 -2.074347096438819774e-02 -2.769698974840606800e-02 -3.463637271045169608e-02 -4.149784785838876028e-02 -4.817707245885343575e-02 -5.452201797635325420e-02 -6.032825025657592710e-02 -6.533846049626212960e-02 -6.924854240736837141e-02 -7.172247789435860776e-02 -7.241758567322724438e-02 -7.101993336196973927e-02 -6.728699800148990606e-02 -6.109157388542546530e-02 -5.245867388803593379e-02 -4.158713735868288519e-02 -2.885032763907571796e-02 -1.477477895277076216e-02
-1.032398136908343513e-02 -2.068201439993681834e-02 -3.109666972118335995e-02 -4.156717839563130873e-02 -5.205693525438535862e-02 -6.248038403997583506e-02 -7.268973379878647390e-02 -8.246262624553768461e-02 -9.149272905936653433e-02 -9.938624692624227486e-02 -1.056682711520818690e-01 -1.098032868705405146e-01 -1.112333809230281745e-01 -1.094350252398862688e-01 -1.039904673423111686e-01 -9.466366868448902738e-02 -8.146575388041084331e-02 -6.469425408096668439e-02 -4.493557636424352908e-02 -2.302914140226275039e-02
-1.371841763303162376e-02 -2.750022334686815992e-02 -4.139401745460469240e-02 -5.541812103873326040e-02 -6.954380903881908493e-02 -8.367702158714017402e-02 -9.763885600477502369e-02 -1.111460285481867261e-01 -1.237937973983172651e-01 -1.350455313228740573e-01 -1.442350126598892224e-01 -1.505890206171694723e-01 -1.532776307381701064e-01 -1.514963233961998390e-01 -1.445761806668388605e-01 -1.321068826284989006e-01 -1.140464204449129215e-01 -9.078855063258486902e-02 -6.316858528526543559e-02 -3.240621121370035329e-02
-1.704946601660607686e-02 -3.420644422267818396e-02 -5.156105771432539786e-02 -6.916748268104890018e-02 -8.702316145590363594e-02 -1.050450415916825697e-01 -1.230426446304127563e-01 -1.406888407901195071e-01 -1.574909070916886977e-01 -1.727670743218782667e-01 -1.856372324933346363e-01 -1.950401574629160029e-01 -1.997918017167685523e-01 -1.986964606804686728e-01 -1.907110495421143470e-01 -1.751412583420300373e-01 -1.518244910017050309e-01 -1.212449407974093146e-01 -8.454400215474081048e-02 -4.342711909768934286e-02
-2.027300212769995308e-02 -4.071502967613596646e-02 -6.147628988696475505e-02 -8.266759377957075272e-02 -1.043363180409446200e-01 -1.264373433511359057e-01 -1.487978459821764077e-01 -1.710757894837095228e-01 -1.927139217590146392e-01 -2.128946330347854243e-01 -2.305066894200963890e-01 -2.441425727294981585e-01 -2.521529437264528051e-01 -2.527866253775808980e-01 -2.444302255023225734e-01 -2.259225145662415446e-01 -1.968652517064672924e-01 -1.578226537730505474e-01 -1.103353278820221883e-01 -5.675824931124891226e-02
-2.332751209456994379e-02 -4.690438443614802083e-02 -7.096148064118644461e-02 -9.569028920911870628e-02 -1.212171784785085749e-01 -1.475701719155172453e-01 -1.746356108241242933e-01 -2.021025544897834814e-01 -2.293943621766939278e-01 -2.555908475107182554e-01 -2.793522930139827332e-01 -2.988703888144911280e-01 -3.118904405447033845e-01 -3.158661405026590985e-01 -3.082994965230855255e-01 -2.872517989162077789e-01 -2.518898990691062489e-01 -2.028440520505262190e-01 -1.422158390741702638e-01 -7.327031580125062393e-02
-2.613266173621138500e-02 -5.261351583256807657e-02 -7.977496290038876836e-02 -1.079149093271891957e-01 -1.372719408943243180e-01 -1.679905593118150298e-01 -2.000718760891978532e-01 -2.333044588564607280e-01 -2.671701224948851427e-01 -3.007220360839402695e-01 -3.324408899365985937e-01 -3.600948801031610969e-01 -3.806683416238597073e-01 -3.904793893735600818e-01 -3.856355894951655205e-01 -3.628774547827482988e-01 -3.205815627361528475e-01 -2.594356300055893350e-01 -1.824070124754292865e-01 -9.410442614198029354e-02
-2.858961885828040575e-02 -5.764205658008235422e-02 -8.760995053976780578e-02 -1.189224508188561069e-01 -1.519651231608649677e-01 -1.870482528397853506e-01 -2.243568787922806951e-01 -2.638732792388154280e-01 -3.052595429958686046e-01 -3.476856536204547821e-01 -3.895911495834156191e-01 -4.283877392632766123e-01 -4.601736726862448723e-01 -4.796712242462642384e-01 -4.807599969965252740e-01 -4.578830159481625528e-01 -4.079733806873996893e-01 -3.318020088446827498e-01 -2.338132910251007612e-01 -1.207160304683281421e-01
-3.058375749427403451e-02 -6.175514278491540249e-02 -9.410033666952734299e-02 -1.281998268779474259e-01 -1.646178541864227463e-01 -2.038804545534005919e-01 -2.464341080409067075e-01 -2.925721684283101864e-01 -3.423084779556170854e-01 -3.951655951171132997e-01 -4.498288034159089177e-01 -5.036096242886581864e-01 -5.517326360243244299e-01 -5.867601316720237881e-01 -5.990046165752811458e-01 -5.788621163344849219e-01 -5.206212845142369483e-01 -4.252618841094248370e-01 -2.999331612348032361e-01 -1.547830479963915318e-01
-3.199026808719537818e-02 -6.469442151389996620e-02 -9.883643094545623009e-02 -1.351586725075818174e-01 -1.744260185716240141e-01 -2.174216073262759952e-01 -2.649269034386369515e-01 -3.176724375400206690e-01 -3.762333024139926652e-01 -4.408175833855740300e-01 -5.108393935400508123e-01 -5.840741117316430309e-01 -6.551931644782245101e-01 -7.140294913379652275e-01 -7.453357939603911797e-01 -7.325529005665848414e-01 -6.652730259583078398e-01 -5.450095958535683405e-01 -3.838656961708341031e-01 -1.976521662073275343e-01
-3.268289309786119590e-02 -6.619584486427287917e-02 -1.013922977883410237e-01 -1.391724187316988326e-01 -1.805059466034738547e-01 -2.264530484511577124e-01 -2.781793390191560356e-01 -3.369559163300011040e-01 -4.041219458452766644e-01 -4.809477183255826960e-01 -5.682150736688772463e-01 -6.650534507623800939e-01 -7.663332365316611883e-01 -8.587949280010426234e-01 -9.191762594916343954e-01 -9.199729321745928612e-01 -8.431889565005121767e-01 -6.914441464596139397e-01 -4.851234058162967600e-01 -2.487567140582141734e-01
-3.254545896350077155e-02 -6.601376782788394293e-02 -1.013645000554963815e-01 -1.396327644688411529e-01 -1.819723048867245008e-01 -2.297052823256479082e-01 -2.843811208303071436e-01 -3.478456628748637924e-01 -4.223135185760866217e-01 -5.103898070962006317e-01 -6.147863786641138972e-01 -7.369128613591103827e-01 -8.728382051338456904e-01 -1.006315669544051383e+00 -1.104145215704794625e+00 -1.124278179412134593e+00 -1.038434235344976697e+00 -8.509725617244090490e-01 -5.937932506857748205e-01 -3.028896443741300737e-01
-3.148517451951306917e-02 -6.394926855712990132e-02 -9.841917505883074346e-02 -1.360218391923898873e-01 -1.780452313465635261e-01 -2.260146046006092091e-01 -2.817933779121506999e-01 -3.477226034693762236e-01 -4.268139466247751757e-01 -5.229655720032861943e-01 -6.408953235037631035e-01 -7.846083308349236507e-01 -9.519860467035441420e-01 -1.124515866161580391e+00 -1.259458109301932360e+00 -1.300092100102595571e+00 -1.207617063411657421e+00 -9.883168076142404557e-01 -6.860431039202534720e-01 -3.482682847953197380e-01
-2.944597084277971941e-02 -5.987895811313410227e-02 -9.234109688990552178e-02 -1.279901920237759005e-01 -1.681721781021292550e-01 -2.145144411024656472e-01 -2.690538001350128994e-01 -3.344214815487502879e-01 -4.141151816309725509e-01 -5.128461748880248638e-01 -6.366320655538355577e-01 -7.912317238068888869e-01 -9.759265210260693602e-01 -1.171194008799899544e+00 -1.328788591523071494e+00 -1.383185800539139532e+00 -1.289195892714031899e+00 -1.054292357219245524e+00 -7.295805306157880921e-01 -3.693085758966064280e-01
-2.641975077775928632e-02 -5.377949802427145487e-02 -8.307606591714714050e-02 -1.154256581931781406e-01 -1.521388479182669562e-01 -1.948170684626379934e-01 -2.454841388347596132e-01 -3.067740375257600460e-01 -3.822022751201606394e-01 -4.765044101221877493e-01 -5.957129193535093403e-01 -7.455989182440936336e-01 -9.255697108847603660e-01 -1.116639249863651040e+00 -1.271791156736707507e+00 -1.327166853711113426e+00 -1.238701791214182224e+00 -1.013585569903173500e+00 -7.014671119597922777e-01 -3.550416338038394071e-01
-2.245353478147975312e-02 -4.574321848372937815e-02 -7.075801401982634298e-02 -9.849752989212627596e-02 -1.301404849430327637e-01 -1.671307366966535701e-01 -2.112899476949033906e-01 -2.649686620666248382e-01 -3.312448009136166327e-01 -4.141295947396615995e-01 -5.184782887859595846e-01 -6.484945775327511930e-01 -8.026161261264618263e-01 -9.639497456146324250e-01 -1.093064356275573523e+00 -1.137534271569728306e+00 -1.061410559257621955e+00 -8.702558622622477147e-01 -6.041957376703799287e-01 -3.065963880003048647e-01
-1.765117053759017451e-02 -3.598182780253070950e-02 -5.571524398686122925e-02 -7.766596431644405552e-02 -1.027948230194951629e-01 -1.322753647339891536e-01 -1.675750095376796756e-01 -2.105515277854777545e-01 -2.635538177236915192e-01 -3.294666434355945084e-01 -4.114515210024859426e-01 -5.116392543515121405e-01 -6.274608672979978818e-01 -7.454116694434644863e-01 -8.369372630783264988e-01 -8.655203163464529892e-01 -8.064216432482792518e-01 -6.631090840560234234e-01 -4.627725789926797062e-01 -2.358413934254945388e-01
-1.216932008078666291e-02 -2.481768049689682745e-02 -3.845517162604791817e-02 -5.365626223359492436e-02 -7.109747791327675204e-02 -9.160084547669287980e-02 -1.161825091488944417e-01 -1.461006747040569653e-01 -1.828830605931471009e-01 -2.282745544969274065e-01 -2.839345962600335893e-01 -3.504735773042127467e-01 -4.252270328739070626e-01 -4.989145481413052585e-01 -5.538892066400693537e-01 -5.686264795191364740e-01 -5.287671973283771809e-01 -4.360564432455523720e-01 -3.059689716908842172e-01 -1.566351452129426947e-01
-6.208430738068052013e-03 -1.266440298577062827e-02 -1.963150241848475586e-02 -2.740643614297252548e-02 -3.633798144450352957e-02 -4.684801267369659294e-02 -5.945321860792297797e-02 -7.478226186970109157e-02 -9.357409084194508175e-02 -1.166217671921115223e-01 -1.445771913110699136e-01 -1.774459879953190489e-01 -2.135708552017201167e-01 -2.482680983098148331e-01 -2.733014979026982538e-01 -2.790102741212892035e-01 -2.590339933824822860e-01 -2.140405805050851484e-01 -1.507661107186116789e-01 -7.743176383563213361e-02
