-1.349608246446281842e-02 -2.840825336077392946e-02 -4.650962054231689430e-02 -7.042591301697245787e-02 -1.043492373506873655e-01 -1.545907018782686493e-01 -2.282250354797913661e-01 -3.268284411173570381e-01 -4.358881516839747672e-01 -5.209492212522073284e-01 -5.443257084275525681e-01 -4.941677380425983923e-01 -3.948925943024856333e-01 -2.862640949907475640e-01 -1.959413047574756206e-01 -1.312038889111338535e-01 -8.725695728375243432e-02 -5.684978194636797211e-02 -3.439036920069325765e-02 -1.624720661764653129e-02
-2.557559448735232527e-02 -5.362093368456511550e-02 -8.714053936483204255e-02 -1.303612645231560507e-01 -1.896014358705285230e-01 -2.736819793283534752e-01 -3.914989315320049901e-01 -5.431068740036345543e-01 -7.058224139750907122e-01 -8.303204080769150952e-01 -8.641886747107944133e-01 -7.911092348266605123e-01 -6.447672469641133608e-01 -4.808912521304825050e-01 -3.398908955454355563e-01 -2.344091355551040923e-01 -1.594826100814380754e-01 -1.055178389816611439e-01 -6.443666941990013053e-02 -3.059595093751677972e-02
-3.518484205477213217e-02 -7.335247531728272818e-02 -1.180015770289113003e-01 -1.737558562338330781e-01 -2.470172019279542053e-01 -3.459842109319491432e-01 -4.778753156389835555e-01 -6.403620418279835080e-01 -8.091775811679776664e-01 -9.357042070293746239e-01 -9.697147325876745994e-01 -8.957190061420379212e-01 -7.457410456633197793e-01 -5.735809693701929834e-01 -4.198519897099425302e-01 -2.992876990543912319e-01 -2.091384015773968263e-01 -1.410500495261439724e-01 -8.721252687860950314e-02 -4.169722570494212299e-02
-4.181087542084720166e-02 -8.659693258275256988e-02 -1.377012407631706681e-01 -1.992173177881858825e-01 -2.762786639086086682e-01 -3.746945980729387560e-01 -4.984256831464048965e-01 -6.430903332020513341e-01 -7.874440425773012731e-01 -8.928173864302711982e-01 -9.206653216914670868e-01 -8.592442829807218629e-01 -7.328719236240639479e-01 -5.832234149645658672e-01 -4.433803186594316159e-01 -3.273997660843198099e-01 -2.354189624412598159e-01 -1.621252754953420305e-01 -1.016416517298907168e-01 -4.897821830663513787e-02
-4.546146705930437237e-02 -9.351966123093954919e-02 -1.469543223163692902e-01 -2.088695452433556587e-01 -2.826685022130580593e-01 -3.714807068076247942e-01 -4.762157477089397073e-01 -5.914870823240758746e-01 -7.009932532533874605e-01 -7.782782691968004318e-01 -7.982042412517329488e-01 -7.532387284848361952e-01 -6.590056059316067305e-01 -5.430279570142716450e-01 -4.286305331830084775e-01 -3.275770557913049719e-01 -2.421981511891330152e-01 -1.702627172254228549e-01 -1.082354032619720213e-01 -5.257262980044962591e-02
-4.651521046206423537e-02 -9.506429274369507243e-02 -1.477104913911681805e-01 -2.065140710421774772e-01 -2.733326263073819207e-01 -3.492400507018313949e-01 -4.332187396814263236e-01 -5.199865206906709725e-01 -5.980627245718040941e-01 -6.510378778734965399e-01 -6.642327624156176835e-01 -6.333421368428069353e-01 -5.673054015128428107e-01 -4.824512852761991821e-01 -3.937666266724865749e-01 -3.102317149340887981e-01 -2.351514597673085016e-01 -1.684320572206562672e-01 -1.084574846162640327e-01 -5.307625741452834389e-02
-4.553504165831512296e-02 -9.251122944592531094e-02 -1.423034610521549670e-01 -1.960994867279877429e-01 -2.546542362088851652e-01 -3.178230947378302140e-01 -3.837832404026941813e-01 -4.480413818327960151e-01 -5.028951301434380072e-01 -5.386354192432619703e-01 -5.471467830512298791e-01 -5.261064002921821414e-01 -4.803321787570588031e-01 -4.190117747481123534e-01 -3.513427094694950847e-01 -2.837737863094121349e-01 -2.196077735740351311e-01 -1.598352147645775434e-01 -1.040836842190742545e-01 -5.127468935850469645e-02
-4.311371744500302333e-02 -8.714196777252301851e-02 -1.328910684903776562e-01 -1.809142684047960470e-01 -2.312932880750676878e-01 -2.833166355567986461e-01 -3.350648725423974739e-01 -3.830350291441865784e-01 -4.221618850353646701e-01 -4.467305920326092306e-01 -4.522719654415508495e-01 -4.375363136565110778e-01 -4.051025054532070846e-01 -3.601145611224723653e-01 -3.081681857095276422e-01 -2.537353927475357596e-01 -1.996338940515115512e-01 -1.472115838659576459e-01 -9.676666608429955463e-02 -4.793875615648317268e-02
-3.977785977897544539e-02 -8.005182674440902701e-02 -1.212042573706696158e-01 -1.633707964264433654e-01 -2.062740109487847251e-01 -2.490242827575496753e-01 -2.899231073403831793e-01 -3.263675734132613360e-01 -3.550295528459150862e-01 -3.724760284385595921e-01 -3.761724580992716338e-01 -3.654229713416942693e-01 -3.416490401693026979e-01 -3.078062408530565230e-01 -2.673470131801457539e-01 -2.233293834464422645e-01 -1.779733123573407350e-01 -1.326093844359695351e-01 -8.783250192087727060e-02 -4.371365833286937341e-02
-3.594589653313494393e-02 -7.208322007622992855e-02 -1.085032919208519103e-01 -1.450902752764451631e-01 -1.814055105778223653e-01 -2.165739231028012690e-01 -2.492044618775156595e-01 -2.774043893321678778e-01 -2.989642821450598231e-01 -3.117579629620040871e-01 -3.142859878642452753e-01 -3.061415636260471085e-01 -2.881438087472114606e-01 -2.620570482676848334e-01 -2.300636117517541601e-01 -1.942561892024856907e-01 -1.563194260992671059e-01 -1.174199620202174832e-01 -7.824027990844416303e-02 -3.908337523017804682e-02
-3.192250781088278727e-02 -6.383186556386248600e-02 -9.563541343099386804e-02 -1.270814604375986034e-01 -1.576835840824047097e-01 -1.866603292327625452e-01 -2.129127613995386026e-01 -2.350720492629695679e-01 -2.516477791882486548e-01 -2.612804549963603229e-01 -2.630445964116100432e-01 -2.566908615922349202e-01 -2.427134063012371668e-01 -2.222078002233516814e-01 -1.965917754102079751e-01 -1.673116777473640793e-01 -1.356281082459339926e-01 -1.025107385357660467e-01 -6.862527982314350905e-02 -3.437956284336735058e-02
-2.791226975881879943e-02 -5.568632413282172816e-02 -8.312503834307231887e-02 -1.099165719740482494e-01 -1.355870180107009715e-01 -1.594709557933254862e-01 -1.807138821059749989e-01 -1.983224532838128440e-01 -2.112727808983288214e-01 -2.186692518292003840e-01 -2.199186485033372274e-01 -2.148618699058692239e-01 -2.038098955672029977e-01 -1.874683752859132024e-01 -1.667838001797402880e-01 -1.427705852735448311e-01 -1.163705832342880886e-01 -8.836960672289118079e-02 -5.937053936638855139e-02 -2.980959714290276272e-02
-2.404024727242790732e-02 -4.787612339582766885e-02 -7.126184693687101501e-02 -9.387277432306720404e-02 -1.152769647531801528e-01 -1.349225917530325058e-01 -1.521493413568835718e-01 -1.662310505979221475e-01 -1.764515411792716149e-01 -1.822049791021034815e-01 -1.830987197787082577e-01 -1.790279439030348085e-01 -1.701958513517990990e-01 -1.570719686833045026e-01 -1.403044551006593366e-01 -1.206162811569394533e-01 -9.871403652114361937e-02 -7.522656839713150190e-02 -5.067767448242602862e-02 -2.548828605740240810e-02
-2.037259662030999410e-02 -4.051607607565409913e-02 -6.017345522354757698e-02 -7.903571787782595615e-02 -9.672548083682666609e-02 -1.127931101569870642e-01 -1.267298456664048556e-01 -1.380008697246105920e-01 -1.460973559073311667e-01 -1.506004051692929335e-01 -1.512433065246341080e-01 -1.479553366547749771e-01 -1.408735974949130443e-01 -1.303191977570992977e-01 -1.167457749479414025e-01 -1.006760539248750530e-01 -8.264271848931498132e-02 -6.314495885604551328e-02 -4.262530518233795945e-02 -2.146587261171114397e-02
-1.693406275951600190e-02 -3.364213094965504830e-02 -4.988018179346081354e-02 -6.537116608865975453e-02 -7.979613569419398422e-02 -9.279452839581951717e-02 -1.039760676107163023e-01 -1.129452332211485083e-01 -1.193366158972927887e-01 -1.228559868493231677e-01 -1.233187740863104370e-01 -1.206765051804027100e-01 -1.150240120009189543e-01 -1.065854553268192756e-01 -9.568339988845254995e-02 -8.269944703250516060e-02 -6.803582985488400292e-02 -5.208524643413774829e-02 -3.521271614244814857e-02 -1.774989934277090148e-02
-1.372152411518630724e-02 -2.723820423625343198e-02 -4.033397729729491094e-02 -5.277263253698456780e-02 -6.429337164352059986e-02 -7.461280574384987485e-02 -8.343466829441056887e-02 -9.046738589640210271e-02 -9.544789308163278974e-02 -9.816815865182404455e-02 -9.849930355574894325e-02 -9.640790446074544440e-02 -9.196049537401351781e-02 -8.531521768323957478e-02 -7.670292708173354068e-02 -6.640250957274200505e-02 -5.471591085517588104e-02 -4.194748359226397466e-02 -2.839041416851845884e-02 -1.432100901097707255e-02
-1.071383107758043692e-02 -2.125518614226846667e-02 -3.144489404842069902e-02 -4.109201700559471371e-02 -4.999191719474005424e-02 -5.792865743008455970e-02 -6.468241961116577565e-02 -7.004175244398214151e-02 -7.381941648369506892e-02 -7.586945475050355103e-02 -7.610238048770953667e-02 -7.449531804779886690e-02 -7.109485126397394050e-02 -6.601199723139468400e-02 -5.941058507252781201e-02 -5.149175629600671183e-02 -4.247782354885067113e-02 -3.259836456815051742e-02 -2.208045017156820902e-02 -1.114372311468713773e-02
-7.878614617230843623e-03 -1.562381756463120629e-02 -2.309839625914064318e-02 -3.015862677123996860e-02 -3.665362354187906568e-02 -4.242749075293138217e-02 -4.732460246177080943e-02 -5.119779173307512088e-02 -5.391856778847940734e-02 -5.538786554505126247e-02 -5.554544804876037495e-02 -5.437613790556108245e-02 -5.191159787412566451e-02 -4.822733744527159944e-02 -4.343566168366386898e-02 -3.767610851795821086e-02 -3.110526299085784527e-02 -2.388770257160420865e-02 -1.618929999348705379e-02 -8.173434552302660458e-03
-5.176811591167727530e-03 -1.026307464128727205e-02 -1.516624889212643719e-02 -1.979047142158640860e-02 -2.403646107120451653e-02 -2.780308211220095665e-02 -3.099071120317607730e-02 -3.350624738367644767e-02 -3.526920064457745446e-02 -3.621799353073603539e-02 -3.631541098307103366e-02 -3.555219065504561238e-02 -3.394806891982336122e-02 -3.155009591094171117e-02 -2.842861829876356175e-02 -2.467175416584060227e-02 -2.037941856924356532e-02 -1.565788458850620249e-02 -1.061561451387793044e-02 -5.360716628727999096e-03
-2.565558199294324868e-03 -5.085421637371566675e-03 -7.513054714603672156e-03 -9.800548417527496156e-03 -1.189866897729908134e-02 -1.375766625665172417e-02 -1.532891641416554880e-02 -1.656728954066282941e-02 -1.743399707993643910e-02 -1.789950077073889506e-02 -1.794601445652476562e-02 -1.756914936991936863e-02 -1.677839436436103990e-02 -1.559636281202691002e-02 -1.405696280904210511e-02 -1.220287241748606137e-02 -1.008277356652620242e-02 -7.748803946762229666e-03 -5.254559060138565794e-03 -2.653818616099557284e-03
