-4.689742328055876951e-03 -9.448692883606437873e-03 -1.434284449684605778e-02 -1.943111088257157282e-02 -2.476012553105852790e-02 -3.035697159808374221e-02 -3.621907773278577186e-02 -4.230064391352449799e-02 -4.849536227194911620e-02 -5.461616914337352052e-02 -6.037460129716050450e-02 -6.536522090627797099e-02 -6.906432613634919115e-02 -7.085530683369158089e-02 -7.009249231363233468e-02 -6.620686201621053812e-02 -5.883892425764199879e-02 -4.796320242050374633e-02 -3.396050371942273965e-02 -1.760957825985273728e-02
-9.310275445587639503e-03 -1.876218342868465547e-02 -2.849157410080577907e-02 -3.862147375276468036e-02 -4.925242129940056446e-02 -6.044868404138601520e-02 -7.221869639345898650e-02 -8.448813672065638714e-02 -9.706463757647601498e-02 -1.095947163929633372e-01 -1.215170169818702295e-01 -1.320219553004537971e-01 -1.400367648247843599e-01 -1.442643739068952824e-01 -1.433077282276542519e-01 -1.358959177385092587e-01 -1.211854987050407229e-01 -9.905326069294115299e-02 -7.026915079790302388e-02 -3.647776775074212940e-02
-1.378917484274057997e-02 -2.779818959417105009e-02 -4.223979574469025056e-02 -5.731079038607796855e-02 -7.317940475279519075e-02 -8.996665007325516106e-02 -1.077188870906212875e-01 -1.263685721707992760e-01 -1.456803362450360129e-01 -1.651810455012526491e-01 -1.840767903301707142e-01 -2.011687702336622807e-01 -2.147962212902764234e-01 -2.228571820085937516e-01 -2.229770593394409250e-01 -2.128818937457054028e-01 -1.909518723423015152e-01 -1.567933576274941621e-01 -1.115838131858682414e-01 -5.803168427431924792e-02
-1.804823330717817906e-02 -3.640160332729855397e-02 -5.535863034641434755e-02 -7.520249080046605139e-02 -9.618776138087634098e-02 -1.185196279684003484e-01 -1.423216307631976485e-01 -1.675869315168894425e-01 -1.941070892470276310e-01 -2.213723257385655507e-01 -2.484402116749391820e-01 -2.737795362447961178e-01 -2.951200554485660654e-01 -3.093852581122580880e-01 -3.128493132114538722e-01 -3.016835733485776494e-01 -2.729238051704979129e-01 -2.255636634325700052e-01 -1.612267308088924933e-01 -8.405768141719775766e-02
-2.200215469564054810e-02 -4.440136028876134205e-02 -6.759063474388921078e-02 -9.195278537338681668e-02 -1.178495281678350326e-01 -1.456024732995555016e-01 -1.754610786648619358e-01 -2.075504343378458683e-01 -2.417887463267613668e-01 -2.777607960973184076e-01 -3.145311510755599005e-01 -3.503840972824733280e-01 -3.825010170712433988e-01 -4.066644619435531571e-01 -4.172471118902963960e-01 -4.079145706115827608e-01 -3.732988468915717228e-01 -3.111316679646013994e-01 -2.235785129163751217e-01 -1.169080090935243621e-01
-2.555902561517614871e-02 -5.161104910486383202e-02 -7.864976597134618053e-02 -1.071684934613621465e-01 -1.376550969417718595e-01 -1.705796639097153233e-01 -2.063697772541164543e-01 -2.453649736244226387e-01 -2.877365373433858342e-01 -3.333498843849944104e-01 -3.815326683269635866e-01 -4.306919863961538031e-01 -4.777168455502173172e-01 -5.171983509263589074e-01 -5.408804256307051528e-01 -5.383549211086855468e-01 -4.999392757710131030e-01 -4.209180577728287020e-01 -3.042440951230814261e-01 -1.595766315265721158e-01
-2.862289849600083494e-02 -5.783404601404408540e-02 -8.822888984876053886e-02 -1.204163297121793180e-01 -1.550227069249498490e-01 -1.926913130328369028e-01 -2.340733939795487384e-01 -2.798030923241104362e-01 -3.304419093629498705e-01 -3.863641904880196765e-01 -4.475238763218801208e-01 -5.129727196936662015e-01 -5.798898430673278259e-01 -6.419200072833276538e-01 -6.873623228577497857e-01 -6.993785019949919635e-01 -6.608294797576160784e-01 -5.625869297621941545e-01 -4.089320148818391121e-01 -2.150826757556130453e-01
-3.109852329902787829e-02 -6.287334771448449544e-02 -9.601542034297645689e-02 -1.312452331954996609e-01 -1.693280921165885022e-01 -2.110894918213723770e-01 -2.574293846302062594e-01 -3.093318816670469484e-01 -3.678614166695401977e-01 -4.341210520153790386e-01 -5.090993845182903987e-01 -5.931797002288774490e-01 -6.847537662972629224e-01 -7.771917337563878370e-01 -8.546865444326773309e-01 -8.910860307220821452e-01 -8.576025117986233459e-01 -7.380510704926431798e-01 -5.389372243033079268e-01 -2.840606902311880178e-01
-3.289784781092504329e-02 -6.654540321440223505e-02 -1.017142137213273290e-01 -1.392210935410914674e-01 -1.799549409956419932e-01 -2.249091821465545871e-01 -2.752227346501756045e-01 -3.322330215645295515e-01 -3.975439966313935036e-01 -4.731022868020927641e-01 -5.612135384754458611e-01 -6.641734556508536169e-01 -7.825173275995283007e-01 -9.102600885990861368e-01 -1.027369677796677871e+00 -1.096216353266639354e+00 -1.072824143353549919e+00 -9.316878511460254808e-01 -6.824559781294340377e-01 -3.601815863272039286e-01
-3.394746676581864714e-02 -6.869620657088275351e-02 -1.050749410805369988e-01 -1.439699917500238402e-01 -1.863613998458676924e-01 -2.333695616991485478e-01 -2.863192653131848009e-01 -3.468321431057735937e-01 -4.169645493876398268e-01 -4.994079969531380891e-01 -5.977053757895092190e-01 -7.160816349080358911e-01 -8.574563963995829319e-01 -1.017049260847137315e+00 -1.171383823602192731e+00 -1.272040319329212466e+00 -1.260221735108088215e+00 -1.101262836690582336e+00 -8.080650207715927014e-01 -4.267601250007794222e-01
-3.419581364685485292e-02 -6.921701899112882306e-02 -1.059193578114032558e-01 -1.452225359940595706e-01 -1.881511111338206033e-01 -2.358883961319230005e-01 -2.898524770169852438e-01 -3.518095567220523856e-01 -4.240500455306419614e-01 -5.096597551194101960e-01 -6.128558131618810911e-01 -7.389506479198940658e-01 -8.922681837128427773e-01 -1.068859637571095034e+00 -1.243531232705545886e+00 -1.361990265457511340e+00 -1.357207720909916926e+00 -1.189409752599730030e+00 -8.733566381714450433e-01 -4.613611972474027101e-01
-3.361877116376393165e-02 -6.805670148256630358e-02 -1.041629396964374454e-01 -1.428496895206935458e-01 -1.851321161551095495e-01 -2.321804310189745091e-01 -2.853925081048728218e-01 -3.465008624017479888e-01 -4.177366073471162622e-01 -5.020777269244557361e-01 -6.035456627434967469e-01 -7.271243251449057698e-01 -8.767031872024195760e-01 -1.048073257549191561e+00 -1.216585351080090804e+00 -1.329813000081883301e+00 -1.323344290617201713e+00 -1.159019845685467454e+00 -8.509812726649605974e-01 -4.495395081172327556e-01
-3.222257042562490237e-02 -6.522807956160055209e-02 -9.982601408934048404e-02 -1.368811711308920986e-01 -1.773472394944230757e-01 -2.223086990925623174e-01 -2.730360934867467892e-01 -3.310622455552709176e-01 -3.982899318102012254e-01 -4.771368473747199523e-01 -5.706602032239700417e-01 -6.822903604384090714e-01 -8.139313421368395973e-01 -9.602670873077759905e-01 -1.099286246178273529e+00 -1.187238134097180486e+00 -1.171765586500467027e+00 -1.022160574217242379e+00 -7.498299360506240907e-01 -3.959901218978410520e-01
-3.004343162988109758e-02 -6.080703321732820743e-02 -9.303186925517281658e-02 -1.275017464194745098e-01 -1.650669780874046144e-01 -2.066710328447579070e-01 -2.533808036826146748e-01 -3.064202994539114711e-01 -3.672042221855431610e-01 -4.373545856603511806e-01 -5.186268342785095298e-01 -6.124642803679887226e-01 -7.183978294886786964e-01 -8.301043551072225801e-01 -9.295267442253611900e-01 -9.845236251720778098e-01 -9.584275530058543602e-01 -8.301820473777746789e-01 -6.077928786097339664e-01 -3.207379310087927204e-01
-2.714412339440308228e-02 -5.492475249576350693e-02 -8.399268575506949053e-02 -1.150269714123831888e-01 -1.487478986371647549e-01 -1.859276551523770526e-01 -2.273957302506338374e-01 -2.740329625611251929e-01 -3.267414047493728546e-01 -3.863615611680721318e-01 -4.534672538580122869e-01 -5.278578601034232820e-01 -6.073557325600800194e-01 -6.854586682428578381e-01 -7.484053757241355687e-01 -7.747632032590540119e-01 -7.416798310571233177e-01 -6.365128996164295394e-01 -4.644673429096757844e-01 -2.447605508928185347e-01
-2.360830893599211514e-02 -4.775516849532075725e-02 -7.298715118812726388e-02 -9.986555774682720488e-02 -1.289699952084642498e-01 -1.608959646862368753e-01 -1.962414793366466792e-01 -2.355740277608529554e-01 -2.793625173873561796e-01 -3.278466992223791343e-01 -3.807935957068799282e-01 -4.370477045011116890e-01 -4.937317223052064552e-01 -5.450352535272039445e-01 -5.810845700607617514e-01 -5.884405593909673993e-01 -5.538963288734983781e-01 -4.705754882290791863e-01 -3.418617046707763119e-01 -1.797817004616849013e-01
-1.953394505191565628e-02 -3.950046093250087625e-02 -6.033519583952266785e-02 -8.247811445170898093e-02 -1.063705628349805726e-01 -1.324447334673922727e-01 -1.611001917129781524e-01 -1.926590352747723778e-01 -2.272865935350786293e-01 -2.648578836915280177e-01 -3.047417655160173378e-01 -3.454681182599956824e-01 -3.842567629181268263e-01 -4.164803404528531483e-01 -4.354006589164957086e-01 -4.328696249891906822e-01 -4.015374719662790359e-01 -3.379091284073981738e-01 -2.442798639976746788e-01 -1.281523239051629848e-01
-1.502701197587375664e-02 -3.037753682593752336e-02 -4.637505904065396256e-02 -6.334114400184347182e-02 -8.158940937926487114e-02 -1.014122170359555153e-01 -1.230555188241852088e-01 -1.466753058114572683e-01 -1.722666236445800081e-01 -1.995538424348142215e-01 -2.278308085696442165e-01 -2.557465455882486638e-01 -2.810578159392356778e-01 -3.004339571127360720e-01 -3.095117414545656698e-01 -3.034829131576852190e-01 -2.783406914229363815e-01 -2.323983102426595559e-01 -1.672380771943387801e-01 -8.752613127456169984e-02
-1.019656804581807290e-02 -2.060761885589709047e-02 -3.144636250853471982e-02 -4.292199424471249830e-02 -5.523371546098079787e-02 -6.855920691796064947e-02 -8.303436169844048698e-02 -9.872004487448375609e-02 -1.155506999300001253e-01 -1.332595896813991432e-01 -1.512781204217762965e-01 -1.686152616254007197e-01 -1.837425675195755170e-01 -1.945445202856492806e-01 -1.984347120601621939e-01 -1.927439525988667857e-01 -1.753863958636683318e-01 -1.455990457365485824e-01 -1.043995634885681728e-01 -5.453234320397317564e-02
-5.151644569918316027e-03 -1.041001063959328884e-02 -1.588078196702635142e-02 -2.166675656917959117e-02 -2.786425142021632662e-02 -3.455653393304063820e-02 -4.180267739989417669e-02 -4.961981443085355936e-02 -5.795653797757987363e-02 -6.665563872659535649e-02 -7.540642538183919830e-02 -8.369190432852240125e-02 -9.074573751644089692e-02 -9.554777242534541470e-02 -9.689888244258980377e-02 -9.360898242360785049e-02 -8.478667278636040083e-02 -7.014362235378476806e-02 -5.018178785810701453e-02 -2.617915946386664694e-02
