-5.114242349213909272e-03 -1.008804857259684717e-02 -1.478403794870998371e-02 -1.907150461212530138e-02 -2.283094268349926750e-02 -2.595941498381324625e-02 -2.837623818611209256e-02 -3.002805619722036939e-02 -3.089222112623963429e-02 -3.097756656567937292e-02 -3.032216347479203475e-02 -2.898828503230031772e-02 -2.705542141788521912e-02 -2.461249793371603212e-02 -2.175048799143453060e-02 -1.855634386790724205e-02 -1.510879344226655381e-02 -1.147616790984963553e-02 -7.716122804346581265e-03 -3.876937399959658279e-03
-1.036891989871881192e-02 -2.045391259424704858e-02 -2.997659632072880928e-02 -3.867103595826421741e-02 -4.629284989699958969e-02 -5.263047945411081230e-02 -5.751748270504990213e-02 -6.084376799723523188e-02 -6.256326273183482334e-02 -6.269588357857573679e-02 -6.132280232534433051e-02 -5.857555670655158198e-02 -5.462090348158542968e-02 -4.964408354504823428e-02 -4.383311195356331263e-02 -3.736609568062229658e-02 -3.040266481664981660e-02 -2.307975925763844013e-02 -1.551138851135866643e-02 -7.791629228848634924e-03
-1.590752436539159473e-02 -3.138208379757047306e-02 -4.599739709628655748e-02 -5.934319138328961879e-02 -7.103894066750160441e-02 -8.075217149683298901e-02 -8.821944807787222842e-02 -9.326627277613011580e-02 -9.582118165822488265e-02 -9.591990386065227248e-02 -9.369760782873323701e-02 -8.937023697895292440e-02 -8.320855483084413362e-02 -7.550982259619573589e-02 -6.657178253655088307e-02 -5.667226480007285516e-02 -4.605601358202880691e-02 -3.492881901477964263e-02 -2.345804704545271374e-02 -1.177819256624807430e-02
-2.187909427585646438e-02 -4.316950226215002934e-02 -6.328771754951238726e-02 -8.166539256796512269e-02 -9.776755192211153411e-02 -1.111198208918855318e-01 -1.213418694585540747e-01 -1.281806977897491928e-01 -1.315352907719850306e-01 -1.314649451332457475e-01 -1.281774908101140364e-01 -1.219992315819660444e-01 -1.133332587494329663e-01 -1.026148723621530257e-01 -9.027193265790590948e-02 -7.669516850807228669e-02 -6.222030758707600834e-02 -4.712145885497646264e-02 -3.161379002759583112e-02 -1.586309650251256295e-02
-2.843935258620008608e-02 -5.612911670255828211e-02 -8.231858205343448032e-02 -1.062631131279835328e-01 -1.272460574767469710e-01 -1.446176948894190850e-01 -1.578475157556136488e-01 -1.665793623736145090e-01 -1.706743417998060341e-01 -1.702270989886884578e-01 -1.655481818990265364e-01 -1.571159441782089827e-01 -1.455103813210723851e-01 -1.313444782584739234e-01 -1.152059094693979602e-01 -9.761616940012002308e-02 -7.900858876235705708e-02 -5.972291858869854114e-02 -4.001255812928404543e-02 -2.006040336311247507e-02
-3.574920168193904124e-02 -7.058903441066920192e-02 -1.035943858229522729e-01 -1.338224260468875715e-01 -1.603358748261324573e-01 -1.822573908556213707e-01 -1.988511400174856614e-01 -2.096148988625171350e-01 -2.143556190857539567e-01 -2.132209310992887463e-01 -2.066721996999444089e-01 -1.954059879388684029e-01 -1.802478498239712401e-01 -1.620467565097531981e-01 -1.415910605057746074e-01 -1.195550131380885422e-01 -9.647496027203347757e-02 -7.274906800152995678e-02 -4.865311988520034520e-02 -2.436595842801769080e-02
-4.396842116446985499e-02 -8.688343580183205406e-02 -1.276475043222836947e-01 -1.650963331496172193e-01 -1.980176283583241770e-01 -2.252248536406215029e-01 -2.456847551113468531e-01 -2.586734711500373596e-01 -2.639123051656468433e-01 -2.616288082729666953e-01 -2.525137026859695100e-01 -2.375879638487162493e-01 -2.180282805405892310e-01 -1.950036427245612769e-01 -1.695565691772519257e-01 -1.425378665647088483e-01 -1.145871743087869682e-01 -8.614527529673279838e-02 -5.748489585404700786e-02 -2.875031061237107166e-02
-5.324104734573276848e-02 -1.053287834931723038e-01 -1.550158611684886445e-01 -2.008977662584685298e-01 -2.414134257102725500e-01 -2.749395829442619621e-01 -2.999894617187500723e-01 -3.154818138418301054e-01 -3.209912197908119103e-01 -3.168682281943035473e-01 -3.041658064530595729e-01 -2.844038765942024094e-01 -2.592736670579713909e-01 -2.303829708598933157e-01 -1.990937128751203988e-01 -1.664527168377408495e-01 -1.331906002821317547e-01 -9.975996696551475695e-02 -6.639087913866817403e-02 -3.315038887755296371e-02
-6.366698224226577385e-02 -1.261747792458997597e-01 -1.861893470702701003e-01 -2.420652855927490632e-01 -2.917982830369937886e-01 -3.331296613660846839e-01 -3.638502177098402179e-01 -3.822713244695618018e-01 -3.877009135517863747e-01 -3.806859599111240833e-01 -3.628768367078344936e-01 -3.365878398857328202e-01 -3.042794740627288164e-01 -2.681608491361044400e-01 -2.299825979863140413e-01 -1.909886944785134655e-01 -1.519625507792611296e-01 -1.133131183365672506e-01 -7.516826816905464170e-02 -3.746036659073965353e-02
-7.525208522145070134e-02 -1.495138979114795375e-01 -2.215009543239798984e-01 -2.893738929263514059e-01 -3.505796350520222759e-01 -4.019198246264387153e-01 -4.399933798156617781e-01 -4.620318435232360632e-01 -4.668364456911260341e-01 -4.552849332838798668e-01 -4.300609662922319498e-01 -3.947884841423946467e-01 -3.530947321055796784e-01 -3.079981717196684232e-01 -2.616871074492770344e-01 -2.155569146246906209e-01 -1.703577944582222170e-01 -1.263616920442932612e-01 -8.350870978632329855e-02 -4.152280983550977328e-02
-8.782731536332384625e-02 -1.751268501707682335e-01 -2.609222414146462055e-01 -3.433335112142585910e-01 -4.191818263735064276e-01 -4.838829864917774670e-01 -5.320230049997972666e-01 -5.588473913073748189e-01 -5.621649817230843782e-01 -5.434435869892847437e-01 -5.072345083623610584e-01 -4.593869187514110775e-01 -4.053057293687253870e-01 -3.490483878379477267e-01 -2.932104710751617938e-01 -2.391940307775521635e-01 -1.875500220864719791e-01 -1.382671480987463231e-01 -9.098206943491622678e-02 -4.512216300538168801e-02
-1.009293637479712347e-01 -2.022378393413760966e-01 -3.036982919275839077e-01 -4.037491011806970120e-01 -4.986356503810867036e-01 -5.817884993645345837e-01 -6.443860779878567424e-01 -6.779879558018939711e-01 -6.784546090719976164e-01 -6.483446607468683620e-01 -5.956559540760462124e-01 -5.300637655971452977e-01 -4.596461419841692542e-01 -3.896685131591826057e-01 -3.229105151373728444e-01 -2.604584794195257125e-01 -2.023810941377292283e-01 -1.481748093152240042e-01 -9.703025708719136000e-02 -4.798377174854018962e-02
-1.136474756928957663e-01 -2.291662566669855350e-01 -3.477369098964178118e-01 -4.687930170118499995e-01 -5.883428183144050472e-01 -6.971495936522620340e-01 -7.808248563154643884e-01 -8.243439279605226933e-01 -8.199214052232350891e-01 -7.720912621954890698e-01 -6.950242135076240002e-01 -6.047886471476416892e-01 -5.133124280488905455e-01 -4.270155589315802747e-01 -3.482953528504246221e-01 -2.773470695588446389e-01 -2.133409495382661558e-01 -1.550207312859051001e-01 -1.009803767080375142e-01 -4.978266696951651193e-02
-1.244759597686196928e-01 -2.529266113315108422e-01 -3.887315715733931087e-01 -5.333081547092732855e-01 -6.831717283519401773e-01 -8.258719608842770565e-01 -9.387374580840278648e-01 -9.961625845428097037e-01 -9.842929166705649546e-01 -9.108988165214759736e-01 -8.001310401466030786e-01 -6.778021858095686358e-01 -5.609102831317294147e-01 -4.565829621531540816e-01 -3.658731420579642291e-01 -2.872888945841935437e-01 -2.186144486021505962e-01 -1.575867589108386480e-01 -1.020878515877424314e-01 -5.016652008090734943e-02
-1.312770090425887937e-01 -2.689982089733686799e-01 -4.193469668564003827e-01 -5.866783454068305037e-01 -7.689832087571853991e-01 -9.505486294473965980e-01 -1.098313561980657882e+00 -1.172570882981935902e+00 -1.151171603845675184e+00 -1.046274803156426181e+00 -8.954119532376096924e-01 -7.368814894167813323e-01 -5.933843419159110510e-01 -4.719485759097608035e-01 -3.712242403746770503e-01 -2.873076560303272631e-01 -2.162398758690528833e-01 -1.546239078712656756e-01 -9.961774740794354654e-02 -4.879556271248151889e-02
-1.315187791565385345e-01 -2.717124698438698194e-01 -4.294718130078776785e-01 -6.122928160369263129e-01 -8.202272239420576039e-01 -1.035097708487750401e+00 -1.214054614862636994e+00 -1.303447293464675472e+00 -1.272770471373728896e+00 -1.138578626590343035e+00 -9.516934428231715870e-01 -7.623861513466214657e-01 -5.982127276824759088e-01 -4.653278155104013658e-01 -3.595469358812385385e-01 -2.744486681913217985e-01 -2.044106150901746910e-01 -1.450510369101926655e-01 -9.296365729914332632e-02 -4.539798555781316552e-02
-1.228952755162151522e-01 -2.556539634232668501e-01 -4.087325985914929127e-01 -5.916510086132150681e-01 -8.061346164785526680e-01 -1.033277212342539553e+00 -1.225265427216880809e+00 -1.320855767876233378e+00 -1.284875990112661848e+00 -1.136299220845744973e+00 -9.332059012722606628e-01 -7.320880566022943681e-01 -5.625157212229681125e-01 -4.294941561349253090e-01 -3.268220400796031933e-01 -2.464815846501930696e-01 -1.818981186959059693e-01 -1.282056108177314913e-01 -8.178784222038143481e-02 -3.983272272384104362e-02
-1.041696668866673864e-01 -2.177619433597760001e-01 -3.508781245446022656e-01 -5.129334944858718881e-01 -7.061560658909008525e-01 -9.132833746879204240e-01 -1.089504015979336993e+00 -1.177007737715159763e+00 -1.142492744239549163e+00 -1.003870039177369611e+00 -8.159548862500797251e-01 -6.317895161676545523e-01 -4.786860532790957468e-01 -3.606667949815041685e-01 -2.713078456002502858e-01 -2.026974733994884037e-01 -1.484886948119185091e-01 -1.040849973849757720e-01 -6.614935342588278144e-02 -3.214506416927594146e-02
-7.579457337740212741e-02 -1.589073751170203552e-01 -2.571691342047869311e-01 -3.778506128867695768e-01 -5.226707589086829753e-01 -6.784586265292396057e-01 -8.111369217164549061e-01 -8.768475251216764077e-01 -8.503529386482741037e-01 -7.452084735593740294e-01 -6.029573634816179917e-01 -4.638777575840281608e-01 -3.487636274800622327e-01 -2.606657682001011223e-01 -1.946100904710511004e-01 -1.444547024628319021e-01 -1.052685144090509395e-01 -7.349590384650224462e-02 -4.657948701643970651e-02 -2.259817998522528626e-02
-3.993778352449114250e-02 -8.386727530090239136e-02 -1.360577751083555942e-01 -2.004732104297102802e-01 -2.780678922524388863e-01 -3.617362109017766558e-01 -4.330643216172032628e-01 -4.683487633525568183e-01 -4.539480318609226961e-01 -3.971839195825777602e-01 -3.205026058049805227e-01 -2.456644733001833447e-01 -1.838930179721004754e-01 -1.368116325294447821e-01 -1.016986303717144213e-01 -7.520161459810296989e-02 -5.463066773375594570e-02 -3.805030828610157789e-02 -2.407449329127227255e-02 -1.166816840632657094e-02
