-1.615115589630236256e-02 -3.289680785466157775e-02 -5.083989707889723098e-02 -7.058921731274307720e-02 -9.272980387860470242e-02 -1.177393327339899542e-01 -1.458058404599963664e-01 -1.764871923787273977e-01 -2.081907145318496466e-01 -2.376574149051370877e-01 -2.600227666233730361e-01 -2.701267480858114967e-01 -2.648449845778370615e-01 -2.448162120358739202e-01 -2.140080066053033081e-01 -1.775270184522787231e-01 -1.395255738530259138e-01 -1.023825381662103740e-01 -6.693306278052917058e-02 -3.302763834739063514e-02
-3.170781030837718784e-02 -6.459617802153885813e-02 -9.987353868221303388e-02 -1.387869151163396986e-01 -1.825884890610829925e-01 -2.324071891848532301e-01 -2.889242189164308305e-01 -3.516762753362179250e-01 -4.178234887210292015e-01 -4.806810172949171345e-01 -5.294351714808234188e-01 -5.520364245702977790e-01 -5.410106017711061588e-01 -4.979416895958255762e-01 -4.323388622347933419e-01 -3.560152664377596587e-01 -2.780171273870079562e-01 -2.030297157156740473e-01 -1.323145441602738281e-01 -6.517646368393097134e-02
-4.608391630965899544e-02 -9.390653954186328756e-02 -1.452710917391288603e-01 -2.020953915066777129e-01 -2.664209643433376185e-01 -3.403166551223023029e-01 -4.255063883026534155e-01 -5.223258426039426583e-01 -6.274500596256066265e-01 -7.306121410334369681e-01 -8.130912269629100297e-01 -8.526320783453760210e-01 -8.350098297108138334e-01 -7.633570888621634687e-01 -6.557921879967953949e-01 -5.338588404775054252e-01 -4.127696532031922549e-01 -2.992312925528907708e-01 -1.940876575843444585e-01 -9.535940765877740088e-02
-5.872131415415237504e-02 -1.196749715826405935e-01 -1.852086305071423966e-01 -2.578993404167816417e-01 -3.406547883404962285e-01 -4.367431645375230431e-01 -5.495119870766205228e-01 -6.810731044151083768e-01 -8.286774083487064013e-01 -9.786047534914172896e-01 -1.102246602643575324e+00 -1.163420700952650488e+00 -1.138369485889278110e+00 -1.032480744895666769e+00 -8.760145917215854672e-01 -7.035673344203856594e-01 -5.376817305992310780e-01 -3.864930847510661960e-01 -2.493470487786575152e-01 -1.221600595175315884e-01
-6.912637498312590445e-02 -1.408633786844305513e-01 -2.179884772519701808e-01 -3.036307768242452743e-01 -4.014876309512737662e-01 -5.160390595919490675e-01 -6.524688498986671581e-01 -8.152040165815782613e-01 -1.002890032532837816e+00 -1.198974502741770420e+00 -1.364650630234911066e+00 -1.448502166990149886e+00 -1.416115298124835498e+00 -1.275438052469834327e+00 -1.070277787907756961e+00 -8.493394692062242735e-01 -6.424405361264479142e-01 -4.584133718805042390e-01 -2.944130144637430724e-01 -1.439017360274230939e-01
-7.692081995522721816e-02 -1.566636235013080247e-01 -2.422499239172878349e-01 -3.371335907110503682e-01 -4.455029159704071984e-01 -5.726433171622707929e-01 -7.250440918332367035e-01 -9.088968259619014667e-01 -1.124099277328486135e+00 -1.352368554873740081e+00 -1.547707362413488941e+00 -1.647619017104077876e+00 -1.609849982945287028e+00 -1.444242827906325077e+00 -1.204554964127175110e+00 -9.496852756556102282e-01 -7.144708878230450200e-01 -5.079604084487203686e-01 -3.255664976896922580e-01 -1.589759666346094447e-01
-8.189326744174613149e-02 -1.666202976858400797e-01 -2.572123437188059691e-01 -3.571314589813848750e-01 -4.705787251796563764e-01 -6.028735201754132911e-01 -7.605853965716733445e-01 -9.500318182769684761e-01 -1.171160031079444330e+00 -1.405336082190200786e+00 -1.605483598190113437e+00 -1.707521189410395213e+00 -1.668086467794040129e+00 -1.497281791803976025e+00 -1.250263205438418179e+00 -9.873947662376911794e-01 -7.442996663705073734e-01 -5.301777002635844616e-01 -3.403368023421312616e-01 -1.663563370695419208e-01
-8.403197023150607570e-02 -1.707118418880193000e-01 -2.628459818576204809e-01 -3.635811677673220776e-01 -4.766321643708640310e-01 -6.065305665060372053e-01 -7.585977063207233195e-01 -9.374695832500451464e-01 -1.141766156560959367e+00 -1.353898763589225895e+00 -1.532260641941231238e+00 -1.621459992736668854e+00 -1.584332418727353309e+00 -1.429461438955682784e+00 -1.204121170367553617e+00 -9.607137634124245373e-01 -7.311438522770901116e-01 -5.247784306567753188e-01 -3.386447948197540136e-01 -1.660302762357038497e-01
-8.352276524146806658e-02 -1.693490728365750486e-01 -2.598772361345966786e-01 -3.576993449244798007e-01 -4.657006585755129047e-01 -5.871092023656367953e-01 -7.252456212082987186e-01 -8.821586929798502785e-01 -1.054641224545352474e+00 -1.227298438876834874e+00 -1.367913374760531875e+00 -1.435541467450002440e+00 -1.403213356332112971e+00 -1.277032715638797278e+00 -1.091296645907575469e+00 -8.850858970955384208e-01 -6.837578891458564456e-01 -4.965226779044978334e-01 -3.229600700666473423e-01 -1.590552031860381077e-01
-8.071003820225819414e-02 -1.632844204821484735e-01 -2.496137678944285732e-01 -3.416289714111632736e-01 -4.412798902598148998e-01 -5.504173463953205836e-01 -6.703970358260658013e-01 -8.009444139447925437e-01 -9.375787054641431251e-01 -1.067760215769228305e+00 -1.169009845282448889e+00 -1.214657714089544260e+00 -1.187632270193093476e+00 -1.091653864232662086e+00 -9.483927237658638099e-01 -7.836321404219389608e-01 -6.157021997792857526e-01 -4.530286481851950597e-01 -2.973350878363354433e-01 -1.471918399796094679e-01
-7.603298148026169101e-02 -1.534648193000139604e-01 -2.336641249614387905e-01 -3.179186892852296498e-01 -4.073355165191681615e-01 -5.026379409567528489e-01 -6.037509039691648649e-01 -7.089704462220022263e-01 -8.135106982457028790e-01 -9.077709123250349288e-01 -9.770788190980941312e-01 -1.005437977504092251e+00 -9.829823645923541076e-01 -9.117282480037388614e-01 -8.041285271557309100e-01 -6.758776082292087262e-01 -5.394161553700131950e-01 -4.018466747389530247e-01 -2.660320657435492619e-01 -1.323596205895058997e-01
-6.995706968552804772e-02 -1.408777721403337291e-01 -2.136591257001713429e-01 -2.890447342473401737e-01 -3.674928599662329876e-01 -4.489639173557056218e-01 -5.325766490113932328e-01 -6.160740788479769359e-01 -6.951095733743606342e-01 -7.626621387259426843e-01 -8.094275741930668788e-01 -8.261204081102014873e-01 -8.072424562146462979e-01 -7.538100452415151809e-01 -6.726797664442151214e-01 -5.730874718775972321e-01 -4.632187439634840587e-01 -3.486671593092203203e-01 -2.325431226684614439e-01 -1.162086003262593342e-01
-6.291753141894099177e-02 -1.264300918905798543e-01 -1.910498705086365323e-01 -2.571079411175560270e-01 -3.246239998882351485e-01 -3.931264236199024653e-01 -4.614082002142176897e-01 -5.272235242511985609e-01 -5.869927562792816023e-01 -6.357235041184252644e-01 -6.675176883526841021e-01 -6.769397268042873783e-01 -6.608891925781757992e-01 -6.198641096239462245e-01 -5.576570294443891074e-01 -4.797303259330891745e-01 -3.914393553158624917e-01 -2.969970875311963576e-01 -1.992533291418918107e-01 -9.993013640230924421e-02
-5.528296258528980073e-02 -1.108752100264148860e-01 -1.670023502401532522e-01 -2.237131269208744166e-01 -2.807681869971026534e-01 -3.375053240266010501e-01 -3.926846902296468045e-01 -4.443371709958853777e-01 -4.896784019213211714e-01 -5.252060295396953071e-01 -5.471268903614666668e-01 -5.521613347635812019e-01 -5.384926347442687833e-01 -5.063663826280511149e-01 -4.579529392048232173e-01 -3.965713522720086259e-01 -3.257591391254379687e-01 -2.486161167947117945e-01 -1.675407833551767478e-01 -8.425833004888517996e-02
-4.733911191708228827e-02 -9.478545048206094004e-02 -1.423712251114958027e-01 -1.899740952719694009e-01 -2.372302624209385868e-01 -2.834414388771354099e-01 -3.274849230294635816e-01 -3.677499248996584646e-01 -4.021424916987004772e-01 -4.282184611957994269e-01 -4.434952036007986931e-01 -4.459263618802240536e-01 -4.344017290785247010e-01 -4.090463579383146198e-01 -3.711571999510620001e-01 -3.228182587579418450e-01 -2.664019961823931304e-01 -2.041656404013695858e-01 -1.380350623960951428e-01 -6.956237765815918850e-02
-3.928803298391810722e-02 -7.855626946670074551e-02 -1.177230404533183422e-01 -1.565818081999832134e-01 -1.947373799843660214e-01 -2.315452298290200384e-01 -2.660633348948010513e-01 -2.970337892566739524e-01 -3.229192614202557876e-01 -3.420214635528223690e-01 -3.526947435498682393e-01 -3.536291471745734993e-01 -3.441244218285663403e-01 -3.242477758268993426e-01 -2.948045333719656602e-01 -2.571397000824829360e-01 -2.128640983369935180e-01 -1.636091838510228824e-01 -1.108714271076363805e-01 -5.595612300103420395e-02
-3.125675901355218916e-02 -6.242856119227401662e-02 -9.338288766901206572e-02 -1.238927519795409299e-01 -1.535922563399730878e-01 -1.819387970663968179e-01 -2.081894079190466651e-01 -2.314025630866815841e-01 -2.504789945592602596e-01 -2.642526917367734041e-01 -2.716319593050213754e-01 -2.717695571588376602e-01 -2.642176175105833691e-01 -2.490147905491776892e-01 -2.266729237452227153e-01 -1.980717017657263046e-01 -1.643054535526380922e-01 -1.265355536196067499e-01 -8.588535233630362198e-02 -4.339068787728738580e-02
-2.331044379812645742e-02 -4.651833874667461732e-02 -6.948721370970725730e-02 -9.201407004173546567e-02 -1.138001133110164848e-01 -1.344283079729859942e-01 -1.533529478774472710e-01 -1.699080679307807817e-01 -1.833414694489406693e-01 -1.928783100485136626e-01 -1.978107819875373208e-01 -1.975994251188703255e-01 -1.919616267979728508e-01 -1.809208022188545650e-01 -1.648006675310065006e-01 -1.441687108156584074e-01 -1.197504697315771721e-01 -9.234222075347321701e-02 -6.274374521141166949e-02 -3.172128464225951183e-02
-1.546668889369242489e-02 -3.084715069412417854e-02 -4.603357457483025356e-02 -6.087621786991172929e-02 -7.516583638056036076e-02 -8.862138695164531454e-02 -1.008860398157687271e-01 -1.115353330189256392e-01 -1.201005432125954453e-01 -1.261083435857094093e-01 -1.291334650804902284e-01 -1.288557655076807418e-01 -1.251086988238363507e-01 -1.179061596611859636e-01 -1.074402601662739071e-01 -9.405203453628493970e-02 -7.818551622152576652e-02 -6.033913075765746925e-02 -4.102615477707569069e-02 -2.075071594496622276e-02
-7.709174422305687009e-03 -1.537001331643582727e-02 -2.292374381091180635e-02 -3.029139847852751338e-02 -3.736565157746139787e-02 -4.400538646250769931e-02 -5.003452984815099508e-02 -5.524672598631376330e-02 -5.941708103461264268e-02 -6.232109634981817387e-02 -6.375900771363231245e-02 -6.358150417770928875e-02 -6.171126987945521614e-02 -5.815490285174844398e-02 -5.300220283856304365e-02 -4.641366772487102305e-02 -3.860045433911413887e-02 -2.980265493416445546e-02 -2.027105612172323823e-02 -1.025544057597472386e-02
