-3.100398719879924204e-03 -6.212928288443030252e-03 -9.346325838046960766e-03 -1.250241573666980091e-02 -1.567237497207494071e-02 -1.883276596411378317e-02 -2.194145858440681163e-02 -2.493372887723293782e-02 -2.771909790264818693e-02 -3.017975657837179693e-02 -3.217170903911842350e-02 -3.352994943293881314e-02 -3.407885944650605042e-02 -3.364843938804294721e-02 -3.209579330743116826e-02 -2.932961113367259925e-02 -2.533363287644742334e-02 -2.018400660609363795e-02 -1.405575489526508445e-02 -7.215442658550648772e-03
-6.188667977898648469e-03 -1.240499103164666855e-02 -1.866996107036956315e-02 -2.499096366250641924e-02 -3.135431632990820505e-02 -3.771722914311911867e-02 -4.399933899025650075e-02 -5.007435840731707527e-02 -5.576290737361554867e-02 -6.082822037147176536e-02 -6.497713131270664577e-02 -6.786922993800580117e-02 -6.913705019961752241e-02 -6.841910574606682727e-02 -6.540512384507445043e-02 -5.988901979240415091e-02 -5.182091530411716412e-02 -4.134663874088786301e-02 -2.882357205046540138e-02 -1.480601560467201434e-02
-9.249284919841555333e-03 -1.854840879646907359e-02 -2.793756744438173276e-02 -3.743716172573263029e-02 -4.703669709184728903e-02 -5.668249559287333317e-02 -6.626430874485970957e-02 -7.560145997198963741e-02 -8.442995478267718845e-02 -9.239308820189953697e-02 -9.903936817175928997e-02 -1.038327908656985488e-01 -1.061810069639999854e-01 -1.054858115611161801e-01 -1.012165787325199490e-01 -9.300043070483417218e-02 -8.071437116105956155e-02 -6.455806341980264984e-02 -4.508587780435635572e-02 -2.318504915859764121e-02
-1.226006594684415224e-02 -2.460179441232692235e-02 -3.709474077582239349e-02 -4.978342068908484658e-02 -6.267281551592975009e-02 -7.571174824775582513e-02 -8.877394311045756770e-02 -1.016372208734249855e-01 -1.139623682816400113e-01 -1.252748138104105013e-01 -1.349544663341323836e-01 -1.422415607617356914e-01 -1.462683788350405134e-01 -1.461265570576683048e-01 -1.409749508612844759e-01 -1.301817558015217202e-01 -1.134780761680818650e-01 -9.108536661338588469e-02 -6.377682833236389404e-02 -3.284830251823089853e-02
-1.518918455565577107e-02 -3.050396456381314000e-02 -4.605618194380715902e-02 -6.192896699459577575e-02 -7.815939845207081627e-02 -9.471774301878550795e-02 -1.114824981967348638e-01 -1.282111190920061372e-01 -1.445074895317787766e-01 -1.597893368927819358e-01 -1.732621268715414387e-01 -1.839106104592643787e-01 -1.905243909924567991e-01 -1.917770858955220037e-01 -1.863749046348161797e-01 -1.732735508499993748e-01 -1.519307942137046730e-01 -1.225284826222614865e-01 -8.608775523523046203e-02 -4.443132767673175360e-02
-1.799270779801603534e-02 -3.616869632141514468e-02 -5.469705748094661618e-02 -7.371686879487807098e-02 -9.331807307344848479e-02 -1.135173321166339233e-01 -1.342271948665361703e-01 -1.552172744295838291e-01 -1.760671390454053298e-01 -1.961129226912370349e-01 -2.143940965994691750e-01 -2.296143573702537077e-01 -2.401414613848447954e-01 -2.440824031153617235e-01 -2.394738480142469261e-01 -2.246064615590011859e-01 -1.984427261063063108e-01 -1.610097109357589429e-01 -1.136141767170027600e-01 -5.878914777548873566e-02
-2.061294895586840079e-02 -4.148105687432509375e-02 -6.284648346567113519e-02 -8.492338038813233847e-02 -1.078786981266094958e-01 -1.318063232217938363e-01 -1.566916805467120088e-01 -1.823636508113186949e-01 -2.084308735172865634e-01 -2.342011191796367908e-01 -2.585869558312277050e-01 -2.800111370975441050e-01 -2.963442359402874704e-01 -3.049359738886842086e-01 -3.028290661682219165e-01 -2.872317495042830959e-01 -2.562192611531315389e-01 -2.094492851238665687e-01 -1.485672712849055999e-01 -7.710964006340013943e-02
-2.297803119965329682e-02 -4.629609885737929337e-02 -7.028444079883797158e-02 -9.525147546830808887e-02 -1.214670210657950861e-01 -1.491375871141704668e-01 -1.783695593560806758e-01 -2.091147782105984287e-01 -2.410915848045511733e-01 -2.736736835457588279e-01 -3.057411895794356904e-01 -3.354976625835660031e-01 -3.602835926424634017e-01 -3.764752631277299422e-01 -3.796482078737555277e-01 -3.652310762765678120e-01 -3.297048685354418418e-01 -2.719576972674542237e-01 -1.940667650144024814e-01 -1.010671608108688890e-01
-2.500307753964093119e-02 -5.044086778362039808e-02 -7.674370925212954664e-02 -1.043310645676610304e-01 -1.336003290781155872e-01 -1.649074496435415926e-01 -1.985341954800261266e-01 -2.346343197899625199e-01 -2.731469641514306934e-01 -3.136604868257261702e-01 -3.552042215551780013e-01 -3.959442058169173606e-01 -4.327796682280621310e-01 -4.609318277775524830e-01 -4.738496115916369100e-01 -4.640167963871887902e-01 -4.250316226064403402e-01 -3.542709779813220661e-01 -2.544457129788197380e-01 -1.329747131456089082e-01
-2.659341252045026305e-02 -5.372058833547468243e-02 -8.191846878818390132e-02 -1.117287496855241535e-01 -1.436957863002115143e-01 -1.783576906840591281e-01 -2.162254575223157560e-01 -2.577413218086754276e-01 -3.032012118632223530e-01 -3.526149376837975913e-01 -4.054576918638054250e-01 -4.602326430460346729e-01 -5.137357801485921138e-01 -5.600194696305572650e-01 -5.895658493110329523e-01 -5.900360564853553980e-01 -5.498753096782998950e-01 -4.636336797697089840e-01 -3.351073682957994015e-01 -1.756871220159464397e-01
-2.764998532744857018e-02 -5.592960646649448864e-02 -8.548083210747280114e-02 -1.169696850529062804e-01 -1.510963801726281364e-01 -1.886020748982626394e-01 -2.302686196114513140e-01 -2.769041967429931028e-01 -3.293004497630982463e-01 -3.881306916001802665e-01 -4.537189285406350581e-01 -5.255105586715336230e-01 -6.009049148464198353e-01 -6.731249418593883149e-01 -7.287878578649391592e-01 -7.480369236742179240e-01 -7.106191942732760225e-01 -6.061972686527675735e-01 -4.405189130307693435e-01 -2.315162050380893677e-01
-2.807692282680192622e-02 -5.686702179921172828e-02 -8.710557353631116773e-02 -1.195727821180546102e-01 -1.551179808845495611e-01 -1.946856117332781411e-01 -2.393427279191555901e-01 -2.903060293462838004e-01 -3.489616673448657780e-01 -4.168553839978336173e-01 -4.955716107869914677e-01 -5.862209845211922010e-01 -6.878094044584827094e-01 -7.934950305842030094e-01 -8.853896131274417991e-01 -9.331497093046704494e-01 -9.035798158179207951e-01 -7.789779068745208424e-01 -5.682605677754001272e-01 -2.990945260321707933e-01
-2.779068400689878315e-02 -5.635598516802887287e-02 -8.650166091911788702e-02 -1.190978947528350262e-01 -1.551171535604164708e-01 -1.956796640513566166e-01 -2.421105885759840814e-01 -2.960145630099333403e-01 -3.593743459344510005e-01 -4.346719029443598115e-01 -5.249597090244911834e-01 -6.334933735428823764e-01 -7.617088586468653277e-01 -9.035862249441842797e-01 -1.036822671785172290e+00 -1.119037820092452229e+00 -1.101464066000826580e+00 -9.574740673987633954e-01 -7.000704852208067264e-01 -3.687191533189428383e-01
-2.672982651590409889e-02 -5.426457393478762575e-02 -8.344719364691283170e-02 -1.151999870360113920e-01 -1.505730811615536291e-01 -1.908052989485950479e-01 -2.374052697735725415e-01 -2.922653900507596325e-01 -3.578287000196603285e-01 -4.373299577774905633e-01 -5.350584478640548758e-01 -6.561770687620247511e-01 -8.044555695686047558e-01 -9.750560926196869538e-01 -1.142468356001441254e+00 -1.254396836358052880e+00 -1.248833321276622499e+00 -1.091515538480573699e+00 -7.990500921989236449e-01 -4.209638864619543175e-01
-2.486404683665490931e-02 -5.052528944518838022e-02 -7.782255605039004043e-02 -1.076817850306580199e-01 -1.411698905076959332e-01 -1.795631745145131186e-01 -2.244396052997405244e-01 -2.778101974686446041e-01 -3.423145142329760415e-01 -4.215103981660831556e-01 -5.202138455423904739e-01 -6.443972191024005536e-01 -7.988458686299971800e-01 -9.793664268115395144e-01 -1.159502330704872408e+00 -1.283506061108873553e+00 -1.284602408455113975e+00 -1.125724632063998865e+00 -8.247159704358005827e-01 -4.345967130008500656e-01
-2.220106883838341913e-02 -4.514998022630040825e-02 -6.963595884603469843e-02 -9.653471285474614361e-02 -1.268615281294419306e-01 -1.618378945439844507e-01 -2.029795592433497053e-01 -2.522180844568452374e-01 -3.120742434596975312e-01 -3.859007607291625730e-01 -4.781367953955942829e-01 -5.941112077311367923e-01 -7.377890919095803079e-01 -9.046864701623725802e-01 -1.070082407030289451e+00 -1.183069954162168536e+00 -1.183197095801203025e+00 -1.036931529817434416e+00 -7.601632126226053332e-01 -4.007605238119785196e-01
-1.879024580672608233e-02 -3.823760269682483642e-02 -5.903658958000025658e-02 -8.195958583792650742e-02 -1.079036207387038676e-01 -1.379473101937235269e-01 -1.734224612619847394e-01 -2.160056060002744083e-01 -2.678340894450337850e-01 -3.316399668362902120e-01 -4.108223993469503621e-01 -5.090731134519597134e-01 -6.283875874730863176e-01 -7.636168011809213452e-01 -8.940073926306781882e-01 -9.795658364765086334e-01 -9.740267560598241392e-01 -8.518669645061617279e-01 -6.248605489078821185e-01 -3.296383117916013017e-01
-1.472230982565527965e-02 -2.997359292673164657e-02 -4.631321351382126916e-02 -6.436342590900499816e-02 -8.484606380206111131e-02 -1.086252597930861541e-01 -1.367572471440526294e-01 -1.705460160865985564e-01 -2.115974016406099167e-01 -2.618459469971912701e-01 -3.234678286204503150e-01 -3.984011132557403467e-01 -4.867807564337858772e-01 -5.833667943338203266e-01 -6.725991753788475025e-01 -7.271565544147278182e-01 -7.166874857145313360e-01 -6.246141842798909050e-01 -4.583231043964229867e-01 -2.419414243598109748e-01
-1.012539775350487260e-02 -2.062124538647176764e-02 -3.187924690071899242e-02 -4.433484472364633555e-02 -5.849195370591210585e-02 -7.495041608853418580e-02 -9.443519014791279531e-02 -1.178229395104535004e-01 -1.461541469933433923e-01 -1.806015889547805120e-01 -2.223241716102520027e-01 -2.720365293733336687e-01 -3.289607093065536891e-01 -3.888351352879959033e-01 -4.415497041561047276e-01 -4.709624224801945980e-01 -4.599583663014349399e-01 -3.993115826096549914e-01 -2.929963045105676844e-01 -1.547423348620459993e-01
-5.158035205551807396e-03 -1.050674159008811205e-02 -1.624768588500544522e-02 -2.260475529756597948e-02 -2.983649200108273725e-02 -3.824926074574473006e-02 -4.821013437270558338e-02 -6.015608011347520906e-02 -7.459115477828277829e-02 -9.205340282096588500e-02 -1.130127658966479237e-01 -1.376232235792086700e-01 -1.652072306052090878e-01 -1.934024355921719063e-01 -2.172907067842302919e-01 -2.295473132501769931e-01 -2.226951528919806356e-01 -1.927519723679136099e-01 -1.413964753930238571e-01 -7.469401610579010087e-02
