-5.015750725902266491e-03 -1.038111161407747306e-02 -1.650216041306135778e-02 -2.391537035639136610e-02 -3.340545242703098217e-02 -4.621704830206871395e-02 -6.445298572107853452e-02 -9.176441325462401932e-02 -1.341345287687470689e-01 -1.993318028987005053e-01 -2.918345302936929397e-01 -4.019409278207616842e-01 -4.979573850720006023e-01 -5.379848462345101501e-01 -5.004296006979783717e-01 -4.027927321655859760e-01 -2.859711438586360899e-01 -1.831487098948284542e-01 -1.053329933846046951e-01 -4.763052839025074675e-02
-9.681891305606748002e-03 -2.000653436900304283e-02 -3.171214441042890381e-02 -4.575358392222862725e-02 -6.348538639153177010e-02 -8.696695623490249827e-02 -1.194837790708574848e-01 -1.663411000790663841e-01 -2.355311473521900512e-01 -3.363856585542215893e-01 -4.725154609443079079e-01 -6.282762426997887673e-01 -7.603171001360115033e-01 -8.137902539188172080e-01 -7.608317409068775516e-01 -6.238238398549091901e-01 -4.559483644129270763e-01 -3.020467700369189878e-01 -1.791064678426546597e-01 -8.265835296868738469e-02
-1.370527972793211292e-02 -2.825098933486494546e-02 -4.458628304889179078e-02 -6.390116157909482564e-02 -8.781171988821512286e-02 -1.186406632307861336e-01 -1.598423635621144812e-01 -2.165480918204760186e-01 -2.957811374997133536e-01 -4.047041066594699310e-01 -5.440610329068092943e-01 -6.968392819147944950e-01 -8.222674722069085451e-01 -8.709581436537290333e-01 -8.181523559338866880e-01 -6.834660694301458728e-01 -5.143676811401860505e-01 -3.524367060035162313e-01 -2.154364769935187829e-01 -1.014750935689279904e-01
-1.688823799278255794e-02 -3.470585864646125174e-02 -5.448082410515864976e-02 -7.745285961854180001e-02 -1.052168865702601541e-01 -1.399119126378811917e-01 -1.844563408462842058e-01 -2.427504186267962771e-01 -3.194641064411982700e-01 -4.183210945026713534e-01 -5.372707523034602195e-01 -6.611221647864680140e-01 -7.586226552498334108e-01 -7.938606999134024678e-01 -7.491070335825754656e-01 -6.380832346362818042e-01 -4.948451594144691046e-01 -3.506644335771999521e-01 -2.207850468414535028e-01 -1.060494379145797139e-01
-1.914181326715404946e-02 -3.920338156255971651e-02 -6.117828679688786658e-02 -8.621245354277184969e-02 -1.156895224002514322e-01 -1.513174287571509569e-01 -1.951883986236097046e-01 -2.497209073516331590e-01 -3.172228331595798312e-01 -3.985034515213083384e-01 -4.898895492784188788e-01 -5.793873882681142007e-01 -6.460003905666793500e-01 -6.671362009942239935e-01 -6.318406611194526956e-01 -5.482539329944493556e-01 -4.373544281211917961e-01 -3.196193163380191549e-01 -2.066231025264890497e-01 -1.009721277985593801e-01
-2.047563393726284375e-02 -4.178756655058814273e-02 -6.481648307005399845e-02 -9.052909601450141730e-02 -1.200106786864210406e-01 -1.544730720276328018e-01 -1.952037904287498016e-01 -2.433834683495896545e-01 -2.996271016876296267e-01 -3.630198648050083077e-01 -4.295226076447581920e-01 -4.903767542088904308e-01 -5.324944235862162367e-01 -5.428224836384298868e-01 -5.151495567587818236e-01 -4.537878922078366073e-01 -3.704826158650962320e-01 -2.775957019784939250e-01 -1.832960163662677999e-01 -9.081359151665129026e-02
-2.097315623576815127e-02 -4.265476815988690495e-02 -6.577098002420526945e-02 -9.107675070753294688e-02 -1.193508179616332987e-01 -1.513582356910535831e-01 -1.877528024168960141e-01 -2.288751258881257244e-01 -2.743844068714728079e-01 -3.226695861302950608e-01 -3.701051440955074878e-01 -4.105739852527000022e-01 -4.361313560627406161e-01 -4.394431420635535046e-01 -4.170723897113723933e-01 -3.711717130939828357e-01 -3.080691321849307607e-01 -2.350135918104929167e-01 -1.575767099437460350e-01 -7.885909824553014036e-02
-2.076222395596052234e-02 -4.208736904984333727e-02 -6.453591697342930811e-02 -8.865610074301603916e-02 -1.149575536801241971e-01 -1.438557296112976946e-01 -1.755698827610005508e-01 -2.099542084959556409e-01 -2.462465853286389950e-01 -2.827482118114210685e-01 -3.165290071031578445e-01 -3.434006884056677311e-01 -3.585061494528218318e-01 -3.576590756808724625e-01 -3.389149018143734482e-01 -3.033400965906591362e-01 -2.543816324661577477e-01 -1.963407268128882777e-01 -1.330004379906018497e-01 -6.701564753432120991e-02
-1.998837038454567838e-02 -4.039656697688101539e-02 -6.162921510907221068e-02 -8.405417663477335322e-02 -1.079675514764149441e-01 -1.335371463191332708e-01 -1.607160258335884329e-01 -1.891205835800122692e-01 -2.178778599514349656e-01 -2.454712818296302945e-01 -2.696576674977782528e-01 -2.875793201227618279e-01 -2.961966637651544665e-01 -2.930300850901778609e-01 -2.769326193242623302e-01 -2.484532800104106431e-01 -2.095538174415813026e-01 -1.628815355381253993e-01 -1.110436668364177398e-01 -5.619752647676132945e-02
-1.879468962219030606e-02 -3.788131084824864631e-02 -5.753019619142721308e-02 -7.796383375796778203e-02 -9.932132233491844375e-02 -1.216092592608264827e-01 -1.446363811432617164e-01 -1.679335929085412904e-01 -1.906700042150386576e-01 -2.115908677211413014e-01 -2.290229357037658897e-01 -2.410052395639913081e-01 -2.455834551783165065e-01 -2.412298589790208836e-01 -2.272420059768779643e-01 -2.039261863945938946e-01 -1.724681632369110262e-01 -1.345761328410489954e-01 -9.209172576569071844e-02 -4.673003006162618905e-02
-1.730907572385799800e-02 -3.480378690074283077e-02 -5.264642083850101795e-02 -7.094963441204281407e-02 -8.974463910896274266e-02 -1.089421791326603411e-01 -1.282866287029205410e-01 -1.473073292185125838e-01 -1.652773768146679478e-01 -1.811981465583833717e-01 -1.938350257475908722e-01 -2.018292928628609151e-01 -2.038929087009401786e-01 -1.990532301533390336e-01 -1.868699430213446033e-01 -1.675349905295626385e-01 -1.418133129281568261e-01 -1.108618728457042291e-01 -7.601671123095168903e-02 -3.863078735624614346e-02
-1.563782402877328739e-02 -3.137833683077964619e-02 -4.730206204393962860e-02 -6.344363948249322205e-02 -7.976541720521977685e-02 -9.612818467763453723e-02 -1.122606193000942332e-01 -1.277317067565916786e-01 -1.419339968762190207e-01 -1.540892221772958703e-01 -1.632894909052392263e-01 -1.685835204132645759e-01 -1.691049290549677675e-01 -1.642193626928897254e-01 -1.536487974743810658e-01 -1.375300181619476259e-01 -1.163879684379025836e-01 -9.104123423338331134e-02 -6.248242739312397098e-02 -3.177640045370648536e-02
-1.386388173844892331e-02 -2.776967104144110327e-02 -4.173984719651421815e-02 -5.575744151612746502e-02 -6.974520062062332382e-02 -8.354451820412905905e-02 -9.689595065375589122e-02 -1.094248739129449477e-01 -1.206376731842417060e-01 -1.299352435205901046e-01 -1.366501745418832736e-01 -1.401103361106332268e-01 -1.397238737710574941e-01 -1.350704391570284046e-01 -1.259758162088446265e-01 -1.125482835315858160e-01 -9.516729003536880671e-02 -7.443265963996995027e-02 -5.109535925842051407e-02 -2.599238494636147215e-02
-1.204803023735755672e-02 -2.409661587644323574e-02 -3.613021299994297053e-02 -4.810107529687266542e-02 -5.991342366687184978e-02 -7.140873009870285504e-02 -8.235378339166557482e-02 -9.243415650501397851e-02 -1.012565693054615773e-01 -1.083638961244890314e-01 -1.132656199322465834e-01 -1.154837661989762676e-01 -1.146097811340904687e-01 -1.103626933120757797e-01 -1.026357364698560481e-01 -9.152000319074275747e-02 -7.730024390678333357e-02 -6.042675085973034377e-02 -4.147396142765985561e-02 -2.109777781901791757e-02
-1.023162181754701944e-02 -2.043854634859616076e-02 -3.058331058599160490e-02 -4.060322084637422307e-02 -5.039868376747842077e-02 -5.982318978899815037e-02 -6.867628774916093026e-02 -7.670139054230780407e-02 -8.359054355417809556e-02 -8.899814409904381607e-02 -9.256463499092019986e-02 -9.394931936229154734e-02 -9.286878105859162902e-02 -8.913480826952095704e-02 -8.268442518334680191e-02 -7.359574458546107312e-02 -6.208692732737090131e-02 -4.850013596368539515e-02 -3.327595444705736677e-02 -1.692476333021553786e-02
-8.439909016989165930e-03 -1.684263526571655109e-02 -2.516125966219846799e-02 -3.332981075096441009e-02 -4.125489714505649330e-02 -4.880905090569993138e-02 -5.582678031560173865e-02 -6.210456590856261450e-02 -6.740606439963182928e-02 -7.147349616820102003e-02 -7.404545137640003438e-02 -7.488008816191910055e-02 -7.378120668939357196e-02 -7.062332526646249165e-02 -6.537140416386694186e-02 -5.809161802686291926e-02 -4.895158191513299117e-02 -3.821090806097263842e-02 -2.620495488424173097e-02 -1.332531905630746256e-02
-6.685377253499089935e-03 -1.333082263662479713e-02 -1.988928029953587751e-02 -2.629986253342865218e-02 -3.248204067766138903e-02 -3.833133253167000237e-02 -4.371721138696307851e-02 -4.848402472167648303e-02 -5.245564760982008440e-02 -5.544432370843640351e-02 -5.726358335486841922e-02 -5.774437219282027578e-02 -5.675262725941047220e-02 -5.420587733946793940e-02 -5.008624469080052294e-02 -4.444774042969287103e-02 -3.741687327165169052e-02 -2.918695898058780089e-02 -2.000763615246256219e-02 -1.017155695264834389e-02
-4.970775613889245187e-03 -9.905994910339695550e-03 -1.476517368589154271e-02 -1.949831685644935059e-02 -2.404206799165814826e-02 -2.831702412345228626e-02 -3.222670510317276332e-02 -3.565867002660708107e-02 -3.848817666912177776e-02 -4.058456570543193115e-02 -4.182018535300272011e-02 -4.208118756373138009e-02 -4.127904970875639901e-02 -3.936130913699043693e-02 -3.631995496672259238e-02 -3.219622516803417184e-02 -2.708121123741014796e-02 -2.111241762585309295e-02 -1.446707204575479674e-02 -7.353271397035131100e-03
-3.291728857856353503e-03 -6.557206859850488005e-03 -9.767100956529474465e-03 -1.288616243083800725e-02 -1.587088978977059875e-02 -1.866798859603428437e-02 -2.121391165174759882e-02 -2.343577040172922440e-02 -2.525381975010841662e-02 -2.658557507907881312e-02 -2.735140216610006808e-02 -2.748114061671354941e-02 -2.692107166962940529e-02 -2.564035262914864804e-02 -2.363603896700180659e-02 -2.093599391695594517e-02 -1.759932784109341508e-02 -1.371442676855586656e-02 -9.394960971468064789e-03 -4.774454903737191877e-03
-1.638932424894518286e-03 -3.263999803236798756e-03 -4.859860503986877973e-03 -6.408340531093452419e-03 -7.887339581982037370e-03 -9.270127246249164690e-03 -1.052517929453460586e-02 -1.161667623817049314e-02 -1.250575190315585637e-02 -1.315250841612285518e-02 -1.351870262689405106e-02 -1.357089659780866438e-02 -1.328373955230275835e-02 -1.264298670081571638e-02 -1.164785237485559642e-02 -1.031238127780555527e-02 -8.665677350480660221e-03 -6.750998219329725630e-03 -4.623886689398173759e-03 -2.349585700590862622e-03
