-1.613455596227424474e-02 -3.126682733135836140e-02 -4.450323718388166788e-02 -5.515763961120383890e-02 -6.282474594364720333e-02 -6.740902643610623135e-02 -6.909829498073515042e-02 -6.828989054406243986e-02 -6.549417432977319709e-02 -6.124350357384548277e-02 -5.602514284712513393e-02 -5.024360062245900732e-02 -4.420782274466938944e-02 -3.813513998333491889e-02 -3.216399901905446501e-02 -2.636966275836915077e-02 -2.077951085553124411e-02 -1.538620569803366908e-02 -1.015831000133477630e-02 -5.048525091654116476e-03
-3.327140385524182675e-02 -6.442951152249044855e-02 -9.158844858771804376e-02 -1.133025486084617423e-01 -1.287322898275574390e-01 -1.377130564221681341e-01 -1.406942845427850974e-01 -1.385671029595388626e-01 -1.324433313900548748e-01 -1.234547050328692608e-01 -1.126134918963862669e-01 -1.007414562034804340e-01 -8.845256770592607731e-02 -7.616876379519590956e-02 -6.415119922317082113e-02 -5.253514664867584699e-02 -4.136218021874249473e-02 -3.060701292161810069e-02 -2.019853287114243071e-02 -1.003577532177550406e-02
-5.252147528066964527e-02 -1.015911603218990628e-01 -1.441181605354328599e-01 -1.777313857263707053e-01 -2.010883947552435380e-01 -2.140163578551815549e-01 -2.173985651253614315e-01 -2.128408799253325434e-01 -2.022573533891854902e-01 -1.875185103381864227e-01 -1.702326806494794675e-01 -1.516562077994318691e-01 -1.326922676632794063e-01 -1.139361821722598700e-01 -9.573691319583337023e-02 -7.825754692769824883e-02 -6.152705310574661107e-02 -4.548115183084749935e-02 -2.999305734892479536e-02 -1.489606062986692167e-02
-7.522211001230293126e-02 -1.452927983567195158e-01 -2.055571380504629952e-01 -2.524107465418573004e-01 -2.838681241209247141e-01 -2.998615226530575439e-01 -3.020406429270967030e-01 -2.931396485397481100e-01 -2.762264460582577463e-01 -2.541292418829735889e-01 -2.291425235323454324e-01 -2.029584597401011548e-01 -1.767241614152013363e-01 -1.511468213031778862e-01 -1.266027388132606457e-01 -1.032310889711767626e-01 -8.100734795100175689e-02 -5.979748740888126551e-02 -3.939651889990078426e-02 -1.955543403572582509e-02
-1.030616061795939092e-01 -1.987732866206317617e-01 -2.803611460218118356e-01 -3.424288465493453004e-01 -3.820570245661745190e-01 -3.994813850354346219e-01 -3.977411917180716516e-01 -3.814416507895115882e-01 -3.553767388098883484e-01 -3.236288199240821006e-01 -2.892496128445031234e-01 -2.543109767244593478e-01 -2.200991461451919651e-01 -1.873242574179257991e-01 -1.562961455821636203e-01 -1.270567337451958267e-01 -9.947378669211999480e-02 -7.330494623731932669e-02 -4.824012261896960807e-02 -2.392917618602925442e-02
-1.381546362640204972e-01 -2.661665738851826668e-01 -3.743351388029118598e-01 -4.544459914964874003e-01 -5.020298024756223443e-01 -5.179623025701307615e-01 -5.078348478459403514e-01 -4.794400098135798149e-01 -4.401883224555551699e-01 -3.957545137062668528e-01 -3.499152238563175699e-01 -3.049366056917106049e-01 -2.620372466828653213e-01 -2.217549668620711345e-01 -1.842008994557417234e-01 -1.492259081855468461e-01 -1.165261371706516474e-01 -8.570842192935590464e-02 -5.632987034923245262e-02 -2.792116892642853773e-02
-1.828304222370350229e-01 -3.521776050432583460e-01 -4.943332021405494880e-01 -5.964323178381742974e-01 -6.512151110899543349e-01 -6.607405527823945190e-01 -6.352302160567003808e-01 -5.878942103018769405e-01 -5.300557894054995778e-01 -4.692556018813353047e-01 -4.097147677388666698e-01 -3.534822982046937900e-01 -3.013582682868823914e-01 -2.534575238124118224e-01 -2.095266271900029231e-01 -1.691198958982223222e-01 -1.316964470282286637e-01 -9.667276320538226164e-02 -6.344979877316396510e-02 -3.142563945515829821e-02
-2.385244562030327253e-01 -4.599848088313360783e-01 -6.454355403030075378e-01 -7.744751565661414094e-01 -8.349221338279703142e-01 -8.307953263571233871e-01 -7.802001199850712165e-01 -7.050852548723424151e-01 -6.223292115417117243e-01 -5.413647166208870321e-01 -4.661820210745071802e-01 -3.979163471468640800e-01 -3.364557555794247534e-01 -2.811902578432047828e-01 -2.313282527159959134e-01 -1.860306440378229065e-01 -1.444670331641118022e-01 -1.058364121132235741e-01 -6.937094266577904789e-02 -3.433160118716205994e-02
-3.030570079718595267e-01 -5.857973885306587691e-01 -8.230760029904605757e-01 -9.835373223899044337e-01 -1.047378736861868997e+00 -1.021426245042521108e+00 -9.355036911074692263e-01 -8.240257458482790343e-01 -7.109561922677477552e-01 -6.072494149796692220e-01 -5.156522304900873488e-01 -4.355344096962769362e-01 -3.653571094399028496e-01 -3.035194683690273232e-01 -2.485655299094149118e-01 -1.992074493351217446e-01 -1.543046770853397365e-01 -1.128349514667952025e-01 -7.386597492506219442e-02 -3.652983695696652294e-02
-3.670990127038573636e-01 -7.115288874998655366e-01 -1.001968194800525680e+00 -1.194175433309111689e+00 -1.259009718467420713e+00 -1.206531091972862457e+00 -1.080478201222916823e+00 -9.296541899078358817e-01 -7.855282407702305347e-01 -6.599047363368101271e-01 -5.534405639795839660e-01 -4.631842205496896070e-01 -3.859159947071252317e-01 -3.189648050797144196e-01 -2.602069928107143548e-01 -2.079290002009714367e-01 -1.607093327750010181e-01 -1.173327785684228491e-01 -7.672819236388507547e-02 -3.792176948065753561e-02
-4.139117901607342609e-01 -8.039212462533072978e-01 -1.134193314064730895e+00 -1.349937032391096858e+00 -1.414188073896548881e+00 -1.339619457511654010e+00 -1.181414326156609240e+00 -1.000006319714879632e+00 -8.326004201325031273e-01 -6.912534348344396840e-01 -5.746326702338367953e-01 -4.777927146712840356e-01 -3.961523461032983029e-01 -3.262163847892771140e-01 -2.653686614081930961e-01 -2.115922823505583805e-01 -1.632709416061214058e-01 -1.190586808587224960e-01 -7.779225579820865655e-02 -3.842905110928307444e-02
-4.266314650340923276e-01 -8.291103456856706577e-01 -1.170324436337567775e+00 -1.392277268695990111e+00 -1.455604159157043442e+00 -1.373788215390503220e+00 -1.205533230653209387e+00 -1.014815562154532724e+00 -8.405351885039925586e-01 -6.947546210326914773e-01 -5.754793662112122066e-01 -4.771242496211732242e-01 -3.946763092061775779e-01 -3.243791241011560467e-01 -2.634590050088971847e-01 -2.098005824917406337e-01 -1.617235292013269599e-01 -1.178387823424209280e-01 -7.695311762295793667e-02 -3.800217110955737138e-02
-3.995995384587144872e-01 -7.756905136866348860e-01 -1.093635641470638076e+00 -1.301339229187691071e+00 -1.363847357005268712e+00 -1.293240562748591893e+00 -1.141904370317865736e+00 -9.674144223350444882e-01 -8.055591871531737613e-01 -6.683112248647483655e-01 -5.547837794275587431e-01 -4.604633658353294301e-01 -3.810407134251520000e-01 -3.131641664162388983e-01 -2.542876579595813591e-01 -2.024275745185589170e-01 -1.559838718940600166e-01 -1.136198332967447017e-01 -7.417926680347988744e-02 -3.662651434393905669e-02
-3.426982452310184946e-01 -6.635827585378690774e-01 -9.333355265351984675e-01 -1.111774788506562528e+00 -1.172733826575926619e+00 -1.125401113284598686e+00 -1.009372678932476619e+00 -8.691451818912148131e-01 -7.339387403881824090e-01 -6.152745714181719894e-01 -5.143615179694362993e-01 -4.288335358209329762e-01 -3.558516839022161093e-01 -2.929486363469893662e-01 -2.380999063674600347e-01 -1.896382390764200232e-01 -1.461646084524208522e-01 -1.064774420487697437e-01 -6.951761649085397288e-02 -3.432460935029296722e-02
-2.738127065643574110e-01 -5.286296222454969218e-01 -7.416046411221099977e-01 -8.853067815123210060e-01 -9.427150220605644559e-01 -9.198692748902915772e-01 -8.427514366828517955e-01 -7.416462142917852329e-01 -6.381542804465467622e-01 -5.426678659113228775e-01 -4.582251884734919734e-01 -3.846125294237883185e-01 -3.205792372156815451e-01 -2.646784753127585099e-01 -2.155251185530813185e-01 -1.718609232763543826e-01 -1.325589303617795145e-01 -9.660774271016468739e-02 -6.308915906599978085e-02 -3.115430748322596186e-02
-2.077005114145280273e-01 -4.000106219113944706e-01 -5.602314688215942473e-01 -6.710311024357342724e-01 -7.222981497730261990e-01 -7.175450633072393281e-01 -6.721400589709821682e-01 -6.049142309552434371e-01 -5.307060355418146136e-01 -4.581443694957626489e-01 -3.911009460563037443e-01 -3.307905585575832696e-01 -2.771720590387151684e-01 -2.296607673102673552e-01 -1.874612146870606177e-01 -1.497214433654941446e-01 -1.156024903056574599e-01 -8.430547270359049772e-02 -5.507698732099542555e-02 -2.720346506026012287e-02
-1.510761780761718243e-01 -2.905614038262546162e-01 -4.068432000645030855e-01 -4.893261511267175123e-01 -5.321946733014745190e-01 -5.372929801514562120e-01 -5.131698995370634897e-01 -4.709368116349251787e-01 -4.202802197186696898e-01 -3.677849986196281007e-01 -3.171862390325896341e-01 -2.702688645970510728e-01 -2.276568911029021036e-01 -1.893312991673921364e-01 -1.549375554535500632e-01 -1.239611818019737549e-01 -9.582415487474929550e-02 -6.993470147468151821e-02 -4.570986817416684139e-02 -2.258257378678089899e-02
-1.044148073839348823e-01 -2.007522352663824727e-01 -2.813413520896319020e-01 -3.397991011529225003e-01 -3.727711085914084399e-01 -3.811377227773641851e-01 -3.695020770738735028e-01 -3.442168357290472103e-01 -3.113259328300048701e-01 -2.754415704274030818e-01 -2.395743279968706729e-01 -2.054396191527083082e-01 -1.738551620178004908e-01 -1.450699859832997318e-01 -1.189965606163194412e-01 -9.536159823276914305e-02 -7.379827628709083320e-02 -5.389933338519339867e-02 -3.524522282058328154e-02 -1.741696744560637666e-02
-6.549044241464033189e-02 -1.259463384622234727e-01 -1.767347172906724162e-01 -2.142029520056972225e-01 -2.364704640540935543e-01 -2.439132972645810804e-01 -2.388968356547734595e-01 -2.248587575632373381e-01 -2.052883762813449697e-01 -1.830627399180752013e-01 -1.602266015534186960e-01 -1.380597018330412817e-01 -1.172541402898070739e-01 -9.809695381516959911e-02 -8.061713107779348852e-02 -6.469039700113307645e-02 -5.010803881961398837e-02 -3.661914575176828529e-02 -2.395472631792085888e-02 -1.184008438804654353e-02
-3.154669105226587389e-02 -6.068988658617683468e-02 -8.525231134113016307e-02 -1.035611065962665917e-01 -1.147595403566397665e-01 -1.189783556763373967e-01 -1.172201848555227133e-01 -1.109943730690972213e-01 -1.018939331755154970e-01 -9.129153713683953175e-02 -8.020914568237542952e-02 -6.931840276034569037e-02 -5.900477574304632128e-02 -4.944658736952629863e-02 -4.068463547879065667e-02 -3.267484197722346495e-02 -2.532434076500418921e-02 -1.851448583484809410e-02 -1.211446309212466967e-02 -5.988637407315888263e-03
