-8.040329761713498405e-03 -1.609803494307161797e-02 -2.417867290980183631e-02 -3.226390504791683961e-02 -4.029913805627106937e-02 -4.818140991607094969e-02 -5.574883352247496371e-02 -6.277397709107494783e-02 -6.896457932573064886e-02 -7.397550744780041765e-02 -7.743501046090624229e-02 -7.898530641674275654e-02 -7.833233868500873165e-02 -7.529388628754678237e-02 -6.983257976490693519e-02 -6.206377974627574207e-02 -5.223722193993542151e-02 -4.070094811464119305e-02 -2.786096531133906359e-02 -1.414839075806500687e-02
-1.606328363709318488e-02 -3.217313514334523006e-02 -4.835275123822683346e-02 -6.457780784340905189e-02 -8.075123752240111197e-02 -9.667766790663374910e-02 -1.120399468273273191e-01 -1.263824948546461158e-01 -1.391088325778533918e-01 -1.495024396817535017e-01 -1.567792282183970987e-01 -1.601738780171971521e-01 -1.590501625081752191e-01 -1.530106282988561994e-01 -1.419726535566248338e-01 -1.261853194970948555e-01 -1.061841604348666562e-01 -8.270560744572232059e-02 -5.659452300752366299e-02 -2.873259896933169980e-02
-2.403966771300801095e-02 -4.817846868754688955e-02 -7.248138621967879780e-02 -9.694333639611014963e-02 -1.214503354461451690e-01 -1.457380772182371442e-01 -1.693507889794127197e-01 -1.916072205580253429e-01 -2.115858117700528118e-01 -2.281461849512427809e-01 -2.400055765596590951e-01 -2.458808014588631796e-01 -2.446837882599337544e-01 -2.357257918388637186e-01 -2.188620724040895582e-01 -1.945206748157888577e-01 -1.636084898050385872e-01 -1.273427966195446737e-01 -8.707892109945311598e-02 -4.418748189481096905e-02
-3.191691786115503915e-02 -6.401968298308977068e-02 -9.645098709688933181e-02 -1.292638135026615842e-01 -1.623686891809293376e-01 -1.954735149746473499e-01 -2.280179082128775958e-01 -2.591097785146370680e-01 -2.874809874800215437e-01 -3.114908520004290304e-01 -3.292159574560969970e-01 -3.386597231202344016e-01 -3.380780711694716945e-01 -3.263463390188434121e-01 -3.032289029878202369e-01 -2.694266568034368592e-01 -2.263862546888050498e-01 -1.759781430870211993e-01 -1.201908757890160911e-01 -6.093840619257275687e-02
-3.960832052620760074e-02 -7.953235665687759248e-02 -1.200390637486567352e-01 -1.612922379528512196e-01 -2.032870897758282669e-01 -2.457693794941269994e-01 -2.881375355235115676e-01 -3.293329344851563256e-01 -3.677372601172638755e-01 -4.011195190571221758e-01 -4.267058794553903467e-01 -4.414608251082564050e-01 -4.426180087565391164e-01 -4.283480047717521111e-01 -3.982769366010878165e-01 -3.535686463077253872e-01 -2.965307546845269981e-01 -2.299923106538698803e-01 -1.567679438756893751e-01 -7.937524910588865390e-02
-4.698400772422788030e-02 -9.446235916924435039e-02 -1.428806712018486913e-01 -1.925789812287715674e-01 -2.437180470738297133e-01 -2.961793583113951911e-01 -3.494298062817696171e-01 -4.023465590340281062e-01 -4.530131122108432273e-01 -4.985362872664775846e-01 -5.350086727217452376e-01 -5.578262450848077147e-01 -5.625394067658082697e-01 -5.461033356237945391e-01 -5.079249498964036880e-01 -4.500180509818649255e-01 -3.761657895819826014e-01 -2.906889694632335819e-01 -1.975124489954493134e-01 -9.979447028905080730e-02
-5.386535275745426427e-02 -1.084524010921299464e-01 -1.644422786244677803e-01 -2.224249626615499853e-01 -2.828267400784179042e-01 -3.458000749045435640e-01 -4.110549061510535007e-01 -4.776056757340906844e-01 -5.434128647008473756e-01 -6.049427187403547679e-01 -6.568208350432201970e-01 -6.920337325686367613e-01 -7.032513223738333652e-01 -6.852291647842198019e-01 -6.370093263877750767e-01 -5.622388057172653664e-01 -4.673468126527621225e-01 -3.590584355115830628e-01 -2.427914331770136547e-01 -1.222888097348571596e-01
-6.002500271585772817e-02 -1.210396140251785851e-01 -1.840110770406550300e-01 -2.498518377989645267e-01 -3.193637960915616247e-01 -3.931385776277567801e-01 -4.713789447860308734e-01 -5.535804023037362853e-01 -6.379741469952721067e-01 -7.206373824311443910e-01 -7.944332593214357141e-01 -8.486763350334309841e-01 -8.710696444730093857e-01 -8.523414202648392779e-01 -7.909069242193642602e-01 -6.935461591363443201e-01 -5.714569601256836995e-01 -4.352465986972078316e-01 -2.922645433105638402e-01 -1.465611735323202325e-01
-6.519504472136355977e-02 -1.316699742461141520e-01 -2.007105717074001705e-01 -2.736074830705236827e-01 -3.516376836647187032e-01 -4.360082861459960712e-01 -5.277188077671407518e-01 -6.272367599876917943e-01 -7.337438653189223281e-01 -8.435606321235482596e-01 -9.476990093564876538e-01 -1.030134889111009810e+00 -1.070391758737275545e+00 -1.052190937716067198e+00 -9.728977941065670709e-01 -8.449164190604320224e-01 -6.875817261639706190e-01 -5.174854518702254325e-01 -3.442718976721176327e-01 -1.716545476618235033e-01
-6.908520216217028942e-02 -1.397346649339875901e-01 -2.135537434474413521e-01 -2.922297392891537449e-01 -3.775700124207537756e-01 -4.715271226965212503e-01 -5.761723598915478028e-01 -6.934730936973805271e-01 -8.244197492772821212e-01 -9.665617610090255774e-01 -1.109340772530589048e+00 -1.229734311034134109e+00 -1.295302825052130791e+00 -1.279063566386126949e+00 -1.176807537213863997e+00 -1.009695505583934727e+00 -8.092689387528338996e-01 -6.003775491417147059e-01 -3.950437379272014882e-01 -1.956593787963339104e-01
-7.141109908058999867e-02 -1.446297365928570222e-01 -2.215399791046702982e-01 -3.041874745999684770e-01 -3.948825152617970735e-01 -4.963294706653124666e-01 -6.117660729387285334e-01 -7.449472844623202805e-01 -8.992781392456813405e-01 -1.074417004055987501e+00 -1.258843900187001985e+00 -1.421884611570760182e+00 -1.516870615949915235e+00 -1.503691931305561891e+00 -1.376223531537182021e+00 -1.166482705634746431e+00 -9.207706151132464267e-01 -6.733286458529222918e-01 -4.382099075956568113e-01 -2.156134842808953567e-01
-7.192945691016976173e-02 -1.458332000425243136e-01 -2.237889296959050811e-01 -3.080971916030268432e-01 -4.014372402320947053e-01 -5.070864795453796647e-01 -6.292138863828984352e-01 -7.730797715594226460e-01 -9.442514379643552891e-01 -1.144491245906393839e+00 -1.361933759646008157e+00 -1.559793812202475705e+00 -1.679380956953404391e+00 -1.669280379502401823e+00 -1.521720868224575973e+00 -1.278122399117357366e+00 -9.973760521598770135e-01 -7.214205617397290160e-01 -4.656012374508894935e-01 -2.279449436761404602e-01
-7.047352839697197668e-02 -1.429846732494865769e-01 -2.196853030282685526e-01 -3.029744208549957074e-01 -3.956740489743464928e-01 -5.012824167074251269e-01 -6.243258318999121981e-01 -7.706432122295273635e-01 -9.466437521780672881e-01 -1.154945945141633290e+00 -1.383674562991624502e+00 -1.593916906577733883e+00 -1.722639183466240898e+00 -1.714295839506508878e+00 -1.560512560816214034e+00 -1.306150285477911455e+00 -1.014666157389184642e+00 -7.307143285952500955e-01 -4.699875774373651338e-01 -2.296127366212320497e-01
-6.697998339775348975e-02 -1.359466567128243819e-01 -2.089931377949659497e-01 -2.884403489436103696e-01 -3.769922720806987981e-01 -4.779497482564476485e-01 -5.954896661063936447e-01 -7.348409303787221125e-01 -9.014853172566356099e-01 -1.097107271288705554e+00 -1.310001501374045585e+00 -1.504108415531896670e+00 -1.622037082627696192e+00 -1.613564965724709532e+00 -1.471088132845289165e+00 -1.235024008932587236e+00 -9.628936764728516229e-01 -6.957231696378974872e-01 -4.485579076740489057e-01 -2.194437473547236339e-01
-6.149974794151064766e-02 -1.248288299703085719e-01 -1.919001980868867696e-01 -2.648008888727604870e-01 -3.458965183758228035e-01 -4.379546045372289531e-01 -5.442654535046295150e-01 -6.685952834991172322e-01 -8.143044838103714600e-01 -9.810485763767803347e-01 -1.157679961083241782e+00 -1.314724698645623802e+00 -1.407517860487683015e+00 -1.397743718273914304e+00 -1.279528372555485127e+00 -1.083386719337348092e+00 -8.535253292966641370e-01 -6.227111332057134740e-01 -4.044028764290463207e-01 -1.986850123059399897e-01
-5.419017920266294697e-02 -1.099687133804494732e-01 -1.689779068491923386e-01 -2.329660489410020907e-01 -3.038328435885067624e-01 -3.836547964473403516e-01 -4.746482858593673582e-01 -5.789274187180554199e-01 -6.976295512506685004e-01 -8.285491258305486273e-01 -9.617606990199440986e-01 -1.075621381425693857e+00 -1.139726554010540127e+00 -1.128832528123978163e+00 -1.038974315477440014e+00 -8.898721221602164944e-01 -7.109767981273866777e-01 -5.255105255215604121e-01 -3.446263245296354305e-01 -1.702972627062854516e-01
-4.529225503097776551e-02 -9.187793651439681020e-02 -1.410766510744292379e-01 -1.942523379554395302e-01 -2.528113236368406680e-01 -3.181579369277038327e-01 -3.915616396355921514e-01 -4.738323451608627557e-01 -5.645788588850014778e-01 -6.607047136233444862e-01 -7.541326035867813582e-01 -8.302484355064874144e-01 -8.703280259906575056e-01 -8.594811943915383612e-01 -7.952735090033606902e-01 -6.889891986491056830e-01 -5.582203619170493791e-01 -4.179849808534590316e-01 -2.768046126205251367e-01 -1.375846561544775692e-01
-3.510090471765262704e-02 -7.117412604313975988e-02 -1.091984161474882781e-01 -1.501552447320374239e-01 -1.950011724666095014e-01 -2.445944785772176666e-01 -2.995394846545909595e-01 -3.598872572863553998e-01 -4.245992833539899980e-01 -4.906942594127136070e-01 -5.522425928939973527e-01 -6.000347461437363084e-01 -6.233096126011493654e-01 -6.139018028263484306e-01 -5.704002971331822991e-01 -4.987431047610840218e-01 -4.086780644515225491e-01 -3.092644230042097542e-01 -2.064672533330126625e-01 -1.031275437471557976e-01
-2.393723877760487589e-02 -4.851924599633261614e-02 -7.438764001386477531e-02 -1.021690267947913400e-01 -1.324433570915689029e-01 -1.656766333784016054e-01 -2.020952107575710588e-01 -2.414722104608618969e-01 -2.827990487761568028e-01 -3.238564808325368194e-01 -3.608393915046843592e-01 -3.884410973997346472e-01 -4.009102276874026982e-01 -3.940579508283012511e-01 -3.671154789793263373e-01 -3.229932163737873063e-01 -2.667182139743100033e-01 -2.033228940827288278e-01 -1.365155918933105283e-01 -6.842741733503267254e-02
-1.212880457683067868e-02 -2.457798017914485794e-02 -3.766386961261999899e-02 -5.168985794786846999e-02 -6.692653380440276301e-02 -8.357290772694477010e-02 -1.016883699781133965e-01 -1.210846864973988829e-01 -1.411744908812485322e-01 -1.607990125238461521e-01 -1.781173210368613702e-01 -1.907172426479485094e-01 -1.961055758888194112e-01 -1.925145574979195418e-01 -1.796041916617272804e-01 -1.585584655177442737e-01 -1.315004928558095310e-01 -1.006639044265460609e-01 -6.781121896172095931e-02 -3.405992713880719169e-02
