-1.331410198026966021e-03 -2.671751648835557318e-03 -4.028677118051830069e-03 -5.407202944532228314e-03 -6.808181859232541842e-03 -8.226584273360749294e-03 -9.649535980315811917e-03 -1.105414508188406163e-02 -1.240530913845267966e-02 -1.365370071521644808e-02 -1.473446196723986190e-02 -1.556726221378870560e-02 -1.605864367577655022e-02 -1.610765913467820942e-02 -1.561573006813394594e-02 -1.450091387983709103e-02 -1.271568886708751914e-02 -1.026544097034670644e-02 -7.222842553794300499e-03 -3.732359251675629753e-03
-2.653886985627216394e-03 -5.326914992775219973e-03 -8.035754366946624982e-03 -1.079194320515488963e-02 -1.359893012491038278e-02 -1.644861745004660633e-02 -1.931739959394793496e-02 -2.216172749251189497e-02 -2.491337462653094720e-02 -2.747501098223414581e-02 -2.971686126957645557e-02 -3.147592267151425732e-02 -3.255962208685544285e-02 -3.275624952163403575e-02 -3.185433911412849373e-02 -2.967222734277041862e-02 -2.609640879380552975e-02 -2.112322551939752741e-02 -1.489356743520580013e-02 -7.706590338177028189e-03
-3.957218889112440983e-03 -7.946264950620111900e-03 -1.199546687459178244e-02 -1.612587561030187633e-02 -2.034696241235111822e-02 -2.465153048855433376e-02 -2.900970611722189854e-02 -3.336195865826316331e-02 -3.761142640041482271e-02 -4.161608022859251965e-02 -4.518201704906660982e-02 -4.805990327993253652e-02 -4.994764316220722672e-02 -5.050334128925132449e-02 -4.937312638781660157e-02 -4.623724720205692196e-02 -4.087448122406620032e-02 -3.323747972956353491e-02 -2.352160506521957725e-02 -1.220042140817791110e-02
-5.228719006996468237e-03 -1.050545176045791264e-02 -1.587395381543028200e-02 -2.136910613159686417e-02 -2.701148730771376488e-02 -3.280081202167438315e-02 -3.870789392076048191e-02 -4.466494390935349390e-02 -5.055425527978097550e-02 -5.619582514769146803e-02 -6.133518766962299529e-02 -6.563399785851953272e-02 -6.866765481204807620e-02 -6.993631685412314558e-02 -6.889754619074046904e-02 -6.502913175775326682e-02 -5.792677853444373748e-02 -4.743058996966788288e-02 -3.375492523883696916e-02 -1.757348033362756898e-02
-6.452206490049288735e-03 -1.297284891830744954e-02 -1.962576913046924082e-02 -2.646507610207461322e-02 -3.352902988567960096e-02 -4.083229346981692709e-02 -4.835607382624507178e-02 -5.603561584483323504e-02 -6.374477685786851533e-02 -7.127773708409733400e-02 -7.832887380616070094e-02 -8.447320766398203062e-02 -8.915262626749494157e-02 -9.167667465331975907e-02 -9.125157056938550115e-02 -8.705491947462909441e-02 -7.837288041159531926e-02 -6.480312754302681999e-02 -4.649398526209860133e-02 -2.433852319546487078e-02
-7.607243714032030195e-03 -1.530796047044029849e-02 -2.319116194628161043e-02 -3.133636211039470681e-02 -3.980721810994836130e-02 -4.864321239552521492e-02 -5.784843591855375750e-02 -6.737661082722311290e-02 -7.711142643394849894e-02 -8.684142149908306851e-02 -9.622931398771292222e-02 -1.047772929561330418e-01 -1.117929130433067131e-01 -1.163661293539669100e-01 -1.173770627312328979e-01 -1.135660033645081168e-01 -1.037065072862517479e-01 -8.691474960106629344e-02 -6.307890149468634022e-02 -3.328613068406231085e-02
-8.668805687904538801e-03 -1.746056127721570123e-02 -2.649452771331739856e-02 -3.588194001633553121e-02 -4.572022185336255956e-02 -5.608485744383395755e-02 -6.701778985871686967e-02 -7.851088912717167634e-02 -9.048282220815011268e-02 -1.027471242957985476e-01 -1.149696089877627614e-01 -1.266136758833592280e-01 -1.368755332577441808e-01 -1.446177461772016892e-01 -1.483242645299305829e-01 -1.461247118481408813e-01 -1.359703976527291969e-01 -1.160665726284167421e-01 -8.561494593579098422e-02 -4.572057221947690292e-02
-9.607418614152785433e-03 -1.937093157603848176e-02 -2.944440737427411747e-02 -3.997660024475842983e-02 -5.110681738570727745e-02 -6.295816321697994544e-02 -7.562691451687790500e-02 -8.916626873664842967e-02 -1.035617415566015831e-01 -1.186945698089680729e-01 -1.342882263487077954e-01 -1.498321945098057550e-01 -1.644776362404295200e-01 -1.769044782807962235e-01 -1.851751954167479286e-01 -1.866304071766582418e-01 -1.779636977419187804e-01 -1.557267292417078564e-01 -1.175349154256145751e-01 -6.391474625976516222e-02
-1.038993210276703723e-02 -2.097132660587130298e-02 -3.193552992131816481e-02 -4.347316938144312609e-02 -5.577223756385171760e-02 -6.901400930164686143e-02 -8.336538181173029638e-02 -9.896545213371363281e-02 -1.159032115083326320e-01 -1.341810768289002365e-01 -1.536564454166526039e-01 -1.739490806078926310e-01 -1.942976065951993181e-01 -2.133433812249743711e-01 -2.288240843698413907e-01 -2.371981754401138176e-01 -2.333721156650068740e-01 -2.110367076336404080e-01 -1.644285382809055895e-01 -9.188972900376031483e-02
-1.098099831083822718e-02 -2.218888886145565023e-02 -3.385317528177148733e-02 -4.620824968071720468e-02 -5.949487418032598646e-02 -7.396021063074499635e-02 -8.985509307627502495e-02 -1.074268748756804920e-01 -1.269044662316019811e-01 -1.484699952171593951e-01 -1.722072546494482770e-01 -1.980095325796042693e-01 -2.254164348252100936e-01 -2.533245976544161726e-01 -2.794770856237593359e-01 -2.996156019514900071e-01 -3.063807295936210040e-01 -2.888317313133943465e-01 -2.345879450983506254e-01 -1.362044007110612964e-01
-1.134517595439493189e-02 -2.295005238909378006e-02 -3.507999051213453456e-02 -4.801168762174028160e-02 -6.203873685326220799e-02 -7.747679522557918141e-02 -9.466784372173074613e-02 -1.139824113621075163e-01 -1.358176788553247250e-01 -1.605870720322250256e-01 -1.886927591731987763e-01 -2.204631410471206976e-01 -2.560169981030993025e-01 -2.949606141555198291e-01 -3.356889618349616633e-01 -3.738492812005465016e-01 -3.996642792947506240e-01 -3.953787808985902985e-01 -3.370472697937026973e-01 -2.049611139616675237e-01
-1.144966928789760245e-02 -2.318614616407195864e-02 -3.550499591712080044e-02 -4.871970370607602019e-02 -6.317150488633579974e-02 -7.924033254449476538e-02 -9.735701296301507712e-02 -1.180171692118393012e-01 -1.417966537208640854e-01 -1.693677228506837995e-01 -2.015127727680240399e-01 -2.391259771208443241e-01 -2.831707065731665085e-01 -3.344723527689617004e-01 -3.929362790981084097e-01 -4.551840026757577040e-01 -5.094443627276442621e-01 -5.292206690495010468e-01 -4.733846232583442948e-01 -3.015328938020376270e-01
-1.126736985188290380e-02 -2.283985842830502100e-02 -3.503410559599158536e-02 -4.819053831152563666e-02 -6.268718069245539370e-02 -7.895595263479818215e-02 -9.750265024861839991e-02 -1.189325134966342928e-01 -1.439839318449415706e-01 -1.735741563363291939e-01 -2.088627603141361977e-01 -2.513386997566379732e-01 -3.029218662762122594e-01 -3.659549985127201754e-01 -4.424870813057713570e-01 -5.311168997699317051e-01 -6.189761181824597891e-01 -6.703761411443871499e-01 -6.239282169145747847e-01 -4.127428333126431648e-01
-1.077996143387189958e-02 -2.187181287448792394e-02 -3.360098598947142134e-02 -4.632109328019436839e-02 -6.043066980125864213e-02 -7.639360020801784501e-02 -9.476507213396156981e-02 -1.162262376351743537e-01 -1.416322657945258412e-01 -1.720818792256625096e-01 -2.090218548764778139e-01 -2.544083013121180570e-01 -3.109412801519196301e-01 -3.822611857623259279e-01 -4.723676339876739516e-01 -5.819072438467141062e-01 -6.977466429178929008e-01 -7.771953097381205655e-01 -7.421689900770548354e-01 -5.028579463702368413e-01
-9.980678029867129375e-03 -2.026642714635444945e-02 -3.117689561357919401e-02 -4.306211100373735778e-02 -5.632075203076502418e-02 -7.142266553436807386e-02 -8.893776731124118651e-02 -1.095750100450749304e-01 -1.342368947878884167e-01 -1.640987742697428420e-01 -2.007293142227659921e-01 -2.462787194753804365e-01 -3.037604270003947948e-01 -3.773197520533897453e-01 -4.717053368834980831e-01 -5.883802702716076638e-01 -7.142878738667500782e-01 -8.045601216096687214e-01 -7.756139549073631789e-01 -5.298637121308118481e-01
-8.876330462518318767e-03 -1.803631301479727278e-02 -2.777802081391293060e-02 -3.842963491259122899e-02 -5.036752088299294855e-02 -6.403851143189866202e-02 -7.998827701567258475e-02 -9.889909106673225314e-02 -1.216413992245528736e-01 -1.493465288747437558e-01 -1.835121944054171339e-01 -2.261583084091910167e-01 -2.800422833358393038e-01 -3.488150344351247933e-01 -4.363981373212632020e-01 -5.433397171782053947e-01 -6.567848950445541734e-01 -7.354661671968679704e-01 -7.043640859370710050e-01 -4.776944672001179337e-01
-7.488343900825150320e-03 -1.522445343582630971e-02 -2.346920847463787943e-02 -3.251082000512143383e-02 -4.268114199115712049e-02 -5.437554006287391439e-02 -6.807770909706485629e-02 -8.439160785882308946e-02 -1.040829736329011157e-01 -1.281333375991488555e-01 -1.578097945905754251e-01 -1.947506976451462146e-01 -2.410478376758080910e-01 -2.991924644934912392e-01 -3.713160257200245895e-01 -4.561502848080714601e-01 -5.415795730956339815e-01 -5.943271675030539214e-01 -5.576395033784461441e-01 -3.702767805701686621e-01
-5.852601264670299376e-03 -1.190393818617766115e-02 -1.836351332012393922e-02 -2.546323881064766620e-02 -3.347064673062846024e-02 -4.270477134022466342e-02 -5.355537386912839759e-02 -6.650662015821433293e-02 -8.216546280178638195e-02 -1.012937870550844194e-01 -1.248398625740196333e-01 -1.539553202517129349e-01 -1.899582271276124557e-01 -2.341162957632892117e-01 -2.868662721949677974e-01 -3.455856912342784582e-01 -3.999627322872124635e-01 -4.264207860850843801e-01 -3.883726476024108587e-01 -2.500404334098315640e-01
-4.018137097161848630e-03 -8.175180647176386040e-03 -1.261765745571587737e-02 -1.750792619531257518e-02 -2.303340848952587644e-02 -2.941749353998414709e-02 -3.693236893272978938e-02 -4.591400046544794750e-02 -5.677840369055637409e-02 -7.003633834932304625e-02 -8.629903340015510071e-02 -1.062571948770336255e-01 -1.305934515306842458e-01 -1.597337846680690343e-01 -1.932220849921008066e-01 -2.283275796734010599e-01 -2.576370290397898555e-01 -2.667259420032640493e-01 -2.354743196678333594e-01 -1.466891005587634689e-01
-2.044780007487708752e-03 -4.160990455208390774e-03 -6.424004993400726782e-03 -8.917373549280448522e-03 -1.173754996047631123e-02 -1.499941171601248437e-02 -1.884259588806052807e-02 -2.343859389236818344e-02 -2.899777282848997259e-02 -3.577407420158659063e-02 -4.406215760762054873e-02 -5.417535970053687089e-02 -6.638050477587734144e-02 -8.074092487937990781e-02 -9.677635728547827332e-02 -1.128126993916678533e-01 -1.250186338673515141e-01 -1.266980857407995487e-01 -1.092925792196961232e-01 -6.641894411280528654e-02
