-1.943173375575763320e-02 -3.599269071089999245e-02 -4.792858363932378518e-02 -5.480692967820264411e-02 -5.720086031591072734e-02 -5.618114234586557565e-02 -5.288976116559677282e-02 -4.829840969691395064e-02 -4.312700643333781947e-02 -3.785540107723943393e-02 -3.277243723584565005e-02 -2.803035288958282203e-02 -2.369082594289656854e-02 -1.975921797868636365e-02 -1.620805433589900257e-02 -1.299216720355325823e-02 -1.005793002123248937e-02 -7.348524595975673701e-03 -4.806664952135722250e-03 -2.375737309056205702e-03
-4.171116267622758389e-02 -7.658838437350154460e-02 -1.008987265547524603e-01 -1.140894940280927222e-01 -1.178117129937241714e-01 -1.146327931729281685e-01 -1.070792165428712944e-01 -9.717681962045346400e-02 -8.635420629942792969e-02 -7.552215734892739341e-02 -6.520399323573923545e-02 -5.565814660097109096e-02 -4.697373150145375820e-02 -3.913799102387394840e-02 -3.208083103143939685e-02 -2.570268506790765808e-02 -1.989102859807876864e-02 -1.452950390474946028e-02 -9.502398266337589577e-03 -4.696284111248983338e-03
-7.062287879221397502e-02 -1.275581988396000954e-01 -1.648487758298910755e-01 -1.827638879629225055e-01 -1.852917596685874080e-01 -1.774490178370026483e-01 -1.636150791077337352e-01 -1.469750055503872832e-01 -1.295907789489124107e-01 -1.126750183568441394e-01 -9.686322799428051522e-02 -8.242450611123200432e-02 -6.940796011303208835e-02 -5.773818086762878138e-02 -4.727459221403953332e-02 -3.784671239798167303e-02 -2.927399498349897780e-02 -2.137606447492899561e-02 -1.397713886124770689e-02 -6.907000673451444729e-03
-1.118866931603568898e-01 -1.968962382886441653e-01 -2.472493334352788286e-01 -2.663174631711783258e-01 -2.629308754701903394e-01 -2.461896659526040254e-01 -2.229410990845246687e-01 -1.975144438332363528e-01 -1.723584829838313015e-01 -1.487238630889209379e-01 -1.271493880152367029e-01 -1.077686866999547494e-01 -9.049541874077886294e-02 -7.513217751314754667e-02 -6.143264043334380892e-02 -4.913557616186063626e-02 -3.798217293867018479e-02 -2.772361934276074830e-02 -1.812309088135214200e-02 -8.954578506470665250e-03
-1.733234478185883554e-01 -2.944824080392635102e-01 -3.562914381030740096e-01 -3.697752359276992862e-01 -3.528626318367704129e-01 -3.211024713040063761e-01 -2.843650053275467160e-01 -2.477686355310250998e-01 -2.136028429294231090e-01 -1.827123488781536853e-01 -1.552417546797751347e-01 -1.310054299685570467e-01 -1.096728468995909894e-01 -9.086246499748711070e-02 -7.418821063536996940e-02 -5.928077510964684799e-02 -4.579549811097687745e-02 -3.341314686118888183e-02 -2.183702372947521342e-02 -1.078822066103909613e-02
-2.614117372166401276e-01 -4.270315669443102702e-01 -4.959881989200589647e-01 -4.939233908938690520e-01 -4.536005790855464070e-01 -3.997169864722411314e-01 -3.453426064834630993e-01 -2.955368890765376899e-01 -2.515642871890208521e-01 -2.132801357929618169e-01 -1.800997852926247422e-01 -1.513384249945638194e-01 -1.263280690762497160e-01 -1.044566200328033295e-01 -8.517695579087805613e-02 -6.800381191585545826e-02 -5.250589434422584661e-02 -3.829644453990402320e-02 -2.502363315346230535e-02 -1.236127871090561721e-02
-3.716931226175845815e-01 -5.858933962034243992e-01 -6.557309875267526289e-01 -6.283300024251822213e-01 -5.562409319390587692e-01 -4.751425026453992562e-01 -4.008710981763241032e-01 -3.373123285564640916e-01 -2.838153180755861316e-01 -2.387418257211936512e-01 -2.005386397360616468e-01 -1.679203999506735934e-01 -1.398443786600941652e-01 -1.154589836499260030e-01 -9.405917360482234091e-02 -7.505161839875369723e-02 -5.792782016837064868e-02 -4.224310130775097566e-02 -2.759978339451985008e-02 -1.363325853980772856e-02
-4.785222840958773816e-01 -7.352761468672406320e-01 -8.012398855637962169e-01 -7.461956060368321042e-01 -6.423962397276015146e-01 -5.356940904618401333e-01 -4.437616045041046231e-01 -3.686767909510976771e-01 -3.075948093584867649e-01 -2.573281956813388005e-01 -2.153921452391142632e-01 -1.799601282596874630e-01 -1.496700535918973063e-01 -1.234757559534600674e-01 -1.005491299483614459e-01 -8.021566468106221259e-02 -6.191066457275685303e-02 -4.514835674229128459e-02 -2.949913737576046607e-02 -1.457197062901689245e-02
-5.403225899883152827e-01 -8.204268458564997202e-01 -8.829698455717619465e-01 -8.113173506102632215e-01 -6.891924788749148600e-01 -5.681367303982995942e-01 -4.666128012189226792e-01 -3.854595296623148371e-01 -3.204793310934957451e-01 -2.675756972209544782e-01 -2.237409550830872507e-01 -1.868578678176621710e-01 -1.553999435197498669e-01 -1.282248482827717251e-01 -1.044459181667874020e-01 -8.335124199498852859e-02 -6.435081478605556016e-02 -4.694052181303774024e-02 -3.067643643671088063e-02 -1.515548404761219575e-02
-5.270810927554270275e-01 -8.026753752303773526e-01 -8.666901535405060475e-01 -7.993668801450318773e-01 -6.818129250702876787e-01 -5.642852739529362616e-01 -4.650826982310378166e-01 -3.853417568319006947e-01 -3.211872650489079883e-01 -2.687438744069288732e-01 -2.251372780107098737e-01 -1.883303907173005942e-01 -1.568469935306817109e-01 -1.295777678953321521e-01 -1.056584443685115310e-01 -8.439256599212888177e-02 -6.520082780942047795e-02 -4.758647703698461184e-02 -3.111059887740667482e-02 -1.537352633005877912e-02
-4.459673303697110902e-01 -6.912392501843286352e-01 -7.605566303408056728e-01 -7.161518130150134054e-01 -6.238191950206646297e-01 -5.261414823984782441e-01 -4.402705387609398002e-01 -3.689445977533086785e-01 -3.100888184346142773e-01 -2.610653176039764434e-01 -2.197331024252164311e-01 -1.844793703655565054e-01 -1.540798631325998314e-01 -1.275807767586304986e-01 -1.042175171660491284e-01 -8.335974418586594714e-02 -6.447344987355946300e-02 -4.709395629718408222e-02 -3.080595097092638651e-02 -1.522801939455662237e-02
-3.349414801874029957e-01 -5.353280301592345802e-01 -6.084238154262420206e-01 -5.931334465873036033e-01 -5.346413230398751049e-01 -4.646610462768935856e-01 -3.981546682526890812e-01 -3.395769100877490954e-01 -2.890892887664660571e-01 -2.456882984423585381e-01 -2.082498709784746105e-01 -1.757740863899392991e-01 -1.474123026765068456e-01 -1.224479504740469821e-01 -1.002710943109720865e-01 -8.035543901018939172e-02 -6.223926688469205021e-02 -4.550994396607525166e-02 -2.979122520417179856e-02 -1.473259669604871230e-02
-2.322400304503867141e-01 -3.860482299122366401e-01 -4.572483909516912859e-01 -4.652943557393141583e-01 -4.369561347569326237e-01 -3.933954553745830918e-01 -3.466001087333174802e-01 -3.018451879724196041e-01 -2.609654641327281976e-01 -2.243447822498781663e-01 -1.918036799399534809e-01 -1.629547769950693004e-01 -1.373473019217690549e-01 -1.145276206238811934e-01 -9.406346370372804799e-02 -7.555164531327121513e-02 -5.861823282538769497e-02 -4.291532450788334424e-02 -2.811640533764696651e-02 -1.391113967597621542e-02
-1.555920149564808952e-01 -2.693097917976911004e-01 -3.329492618473060550e-01 -3.539128861583484831e-01 -3.461964346739575538e-01 -3.227457217231990416e-01 -2.923785275129479055e-01 -2.601246132463465033e-01 -2.285669618147478932e-01 -1.989200487183557242e-01 -1.716651531990106838e-01 -1.468940250311358831e-01 -1.244945003786560728e-01 -1.042517589387508270e-01 -8.590348632556182862e-02 -6.916944323001072981e-02 -5.376669124328951194e-02 -3.941671469710463643e-02 -2.584792905936948715e-02 -1.279555431296937329e-02
-1.043428060404716085e-01 -1.869013701643876812e-01 -2.399148970224986577e-01 -2.649436609075360161e-01 -2.685612125753564228e-01 -2.581887287574046175e-01 -2.398465712423305529e-01 -2.176720197029012316e-01 -1.942527983875968201e-01 -1.711027761363949073e-01 -1.490428114547738825e-01 -1.284616614023956216e-01 -1.094849087116633035e-01 -9.208142071473023049e-02 -7.612927411427859725e-02 -6.145594640089584865e-02 -4.786237305248373236e-02 -3.513691252336063192e-02 -2.306303942085358855e-02 -1.142314667422070738e-02
-7.094941540901701649e-02 -1.302829429709392306e-01 -1.721444186123314291e-01 -1.958911344284435252e-01 -2.042937420022176986e-01 -2.014049918514949078e-01 -1.911000103141723139e-01 -1.764555652091324700e-01 -1.596682567142029552e-01 -1.421953162500899370e-01 -1.249416390338516508e-01 -1.084248951292329927e-01 -9.290204518788977572e-02 -7.845973560992175466e-02 -6.507623646195320744e-02 -5.266269167098665271e-02 -4.108993877311536286e-02 -3.020552056939293170e-02 -1.984416645019134243e-02 -9.833990828696619058e-03
-4.846184980469520759e-02 -9.045784181331571749e-02 -1.219968987080133210e-01 -1.419125784926672518e-01 -1.512051480264699488e-01 -1.520019808788175275e-01 -1.466844155043043052e-01 -1.373804284338604464e-01 -1.257691304913314267e-01 -1.130685650000438774e-01 -1.001035290399499567e-01 -8.739422999532828196e-02 -7.523863816903347823e-02 -6.377923436657709222e-02 -5.305323891383041668e-02 -4.302864150260939796e-02 -3.362916600716988474e-02 -2.475106310558666464e-02 -1.627411184745250483e-02 -8.068648471408340628e-03
-3.234285068801318747e-02 -6.099667709842673119e-02 -8.340536735629269782e-02 -9.852011548983727329e-02 -1.065968750842247736e-01 -1.087085006702028234e-01 -1.062540755951572879e-01 -1.006123874990179495e-01 -9.295923862666885529e-02 -8.420627710567497870e-02 -7.500967835878143142e-02 -6.580985538366564136e-02 -5.687903835199346197e-02 -4.836532058848432014e-02 -4.032883793361093788e-02 -3.276946539908200812e-02 -2.564701815962512621e-02 -1.889545156809032192e-02 -1.243256579891823671e-02 -6.166489863778767955e-03
-1.990277062305492034e-02 -3.777098956780311489e-02 -5.210077753144643636e-02 -6.216179448544460057e-02 -6.795213343424144625e-02 -6.998056326568118102e-02 -6.901087601528112236e-02 -6.585578158893046208e-02 -6.124915295548496313e-02 -5.578762191147699362e-02 -4.991904960384123402e-02 -4.395647155607513429e-02 -3.810233696069394160e-02 -3.247416830869030019e-02 -2.712732329806694445e-02 -2.207336285973275289e-02 -1.729398794051448598e-02 -1.275115791332796095e-02 -8.394209204628334808e-03 -4.164744169368856351e-03
-9.496447426497920188e-03 -1.808297220433845859e-02 -2.506440759794629353e-02 -3.007384822936323698e-02 -3.306917296685898955e-02 -3.425070273158002665e-02 -3.395307134990435682e-02 -3.255070531536922995e-02 -3.039396605884299093e-02 -2.777600358779980239e-02 -2.492242414878401841e-02 -2.199464111200731542e-02 -1.909966732711935664e-02 -1.630168966127332197e-02 -1.363292192579622364e-02 -1.110267402439795055e-02 -8.704411353167743753e-03 -6.420984163026896910e-03 -4.228367664450636242e-03 -2.098278197789091824e-03
