-2.229122117391248246e-03 -4.541019945982004841e-03 -7.023624847386971369e-03 -9.775669021899012837e-03 -1.291318321105260764e-02 -1.657746056195951584e-02 -2.094492210915608818e-02 -2.623925421359396895e-02 -3.274568932689705253e-02 -4.082583165130040243e-02 -5.092789692338225288e-02 -6.357883395846457286e-02 -7.932435072031000789e-02 -9.853405933077218071e-02 -1.208917718200096941e-01 -1.443106235985352759e-01 -1.633069712532714823e-01 -1.680041594988407605e-01 -1.461559995107548082e-01 -8.929027696647108547e-02
-4.375481339552152529e-03 -8.911334411608233530e-03 -1.377782683413082340e-02 -1.916587434223932310e-02 -2.529959996007447726e-02 -3.245173354084959078e-02 -4.096296409475890660e-02 -5.126639664263486773e-02 -6.391766692738726219e-02 -7.962966085171903352e-02 -9.930610263504954793e-02 -1.240555784870983058e-01 -1.551317644042358723e-01 -1.936395254387701381e-01 -2.395901388388747000e-01 -2.895801505906380746e-01 -3.328814677373298503e-01 -3.484354624963398317e-01 -3.085168824702967383e-01 -1.920022135257283269e-01
-6.361465792926186691e-03 -1.295101494136935427e-02 -2.001046754825425156e-02 -2.781038855887481981e-02 -3.666759325119946233e-02 -4.696687930204723055e-02 -5.918878163423987870e-02 -7.394568870386930559e-02 -9.202888002684336821e-02 -1.144688152976511414e-01 -1.426087604200982906e-01 -1.781826210244516484e-01 -2.233463342854083711e-01 -2.804437131489384560e-01 -3.507850702587460567e-01 -4.309419073409692102e-01 -5.056313783656164462e-01 -5.411463580385685868e-01 -4.899185964116040126e-01 -3.120645552349818885e-01
-8.119371829560148232e-03 -1.652078175509297253e-02 -2.550264444548678081e-02 -3.539760388736195446e-02 -4.659347862655354583e-02 -5.955938132393665679e-02 -7.487956703356266064e-02 -9.329866748281380462e-02 -1.157833111991424663e-01 -1.436074548092425296e-01 -1.784717097229174543e-01 -2.226665252016084562e-01 -2.792532309567452020e-01 -3.520131206363311116e-01 -4.441308975731445008e-01 -5.531961425673496136e-01 -6.605696626997012988e-01 -7.204285467320875602e-01 -6.644667470070411142e-01 -4.315081002055499160e-01
-9.595224384145409346e-03 -1.951007024298859194e-02 -3.008169587612864737e-02 -4.168386002751929553e-02 -5.474928619165318755e-02 -6.979754332754624369e-02 -8.747138450368227569e-02 -1.085860572019134718e-01 -1.341981432971932342e-01 -1.657051196039723007e-01 -2.049939230633136822e-01 -2.546648775435826906e-01 -3.183294429510874490e-01 -4.007247564927142736e-01 -5.064058975624650127e-01 -6.339386445411671067e-01 -7.628390125081140338e-01 -8.394265305363479701e-01 -7.813495628965625439e-01 -5.124664961680399644e-01
-1.075143858898465997e-02 -2.184256013025326348e-02 -3.363018318648911681e-02 -4.650682155192659151e-02 -6.092223491945192304e-02 -7.741006755862070432e-02 -9.662234452183911249e-02 -1.193759998531686989e-01 -1.467179741634020984e-01 -1.800198071325805615e-01 -2.211204549688484677e-01 -2.725447959285571264e-01 -3.377987122040249646e-01 -4.214863534655541311e-01 -5.280074837540887911e-01 -6.557373785180977688e-01 -7.839090917495767918e-01 -8.583984902472918677e-01 -7.963100842442019101e-01 -5.211182988328487697e-01
-1.156795627736216352e-02 -2.347852065500961871e-02 -3.608963329391238345e-02 -4.979097842263302542e-02 -6.502271391687065860e-02 -8.229808772529159655e-02 -1.022318561756115907e-01 -1.255775672488989303e-01 -1.532778193262133715e-01 -1.865344939402995006e-01 -2.269095922973464463e-01 -2.764690320910844767e-01 -3.379490516203218498e-01 -4.147025299159439182e-01 -5.093859065527017727e-01 -6.189290515786121105e-01 -7.237833341325637937e-01 -7.768564706950205068e-01 -7.084458553145357440e-01 -4.565744856275529839e-01
-1.204184751025073538e-02 -2.441391368730148198e-02 -3.745883658338420436e-02 -5.154472245284014154e-02 -6.707953963058876923e-02 -8.452765283589086520e-02 -1.044293781583536529e-01 -1.274245409960233777e-01 -1.542811384434902844e-01 -1.859298539018545970e-01 -2.235038886388399371e-01 -2.683760821424729937e-01 -3.221480335189007560e-01 -3.863803667352437854e-01 -4.613432444094795470e-01 -5.422663858539544801e-01 -6.121484520520639183e-01 -6.352322704388910779e-01 -5.621032592275048145e-01 -3.523486741312555348e-01
-1.218549864903653926e-02 -2.467642968929143615e-02 -3.778705587771941793e-02 -5.184950760133347908e-02 -6.722301960377601027e-02 -8.430354407350054702e-02 -1.035333748419000194e-01 -1.254100021965852407e-01 -1.504922296096042611e-01 -1.793993243883961752e-01 -2.127938711091780233e-01 -2.513272438447596291e-01 -2.954930394943872107e-01 -3.452328524100027329e-01 -3.988871971854868193e-01 -4.507867069863457088e-01 -4.873500767626126606e-01 -4.844188889923863317e-01 -4.119365593302957151e-01 -2.488473801874461766e-01
-1.202369818590344475e-02 -2.431920610380235506e-02 -3.716343024459670130e-02 -5.084320033238775433e-02 -6.565943476536781342e-02 -8.193005415745878428e-02 -9.999049818952507329e-02 -1.201897882862777017e-01 -1.428783953897018177e-01 -1.683810657466220662e-01 -1.969423110512991126e-01 -2.286212402349852568e-01 -2.630907839991596942e-01 -2.992489237877109520e-01 -3.344660577754174358e-01 -3.632640262625107530e-01 -3.756594949082829871e-01 -3.567734444563026575e-01 -2.905704822330504866e-01 -1.686732090767123493e-01
-1.159005295380620588e-02 -2.341322157127469911e-02 -3.570421780465420775e-02 -4.870039246624985330e-02 -6.264141415187135520e-02 -7.776665870427171279e-02 -9.430867455616498418e-02 -1.124801794013046002e-01 -1.324504124337648192e-01 -1.543041030165384908e-01 -1.779720928117397849e-01 -2.031163202394319633e-01 -2.289420718393875287e-01 -2.538984238888688516e-01 -2.752231177860004485e-01 -2.883478800825640120e-01 -2.864481325281342805e-01 -2.609720900582048753e-01 -2.042809937709350043e-01 -1.144488043522305515e-01
-1.092327204270259616e-02 -2.203936281249229204e-02 -3.353979115516286108e-02 -4.561270184162349861e-02 -5.843912398653943602e-02 -7.218642345670681082e-02 -8.699728363961115041e-02 -1.029717610879950923e-01 -1.201389188882836107e-01 -1.384127621874961522e-01 -1.575253661887090484e-01 -1.769277261365502507e-01 -1.956480933321798343e-01 -2.121017561590554934e-01 -2.238662667789730609e-01 -2.274962848471336618e-01 -2.185871343425595525e-01 -1.924730781246066502e-01 -1.459188699085171292e-01 -7.957461035273523386e-02
-1.006364732585949585e-02 -2.028113485200845265e-02 -3.080285509315092152e-02 -4.177147097009493298e-02 -5.331591175053075615e-02 -6.554257378866515382e-02 -7.852218987690895435e-02 -9.227058694117909465e-02 -1.067206585537470442e-01 -1.216825850043018742e-01 -1.367887619899422202e-01 -1.514206503142765947e-01 -1.646179465235353689e-01 -1.749792886010834714e-01 -1.805837026136732359e-01 -1.789998297372201452e-01 -1.675043101062507478e-01 -1.436641412496990344e-01 -1.063473557494860472e-01 -5.692122093447096048e-02
-9.050158349485920226e-03 -1.821865075109991780e-02 -2.761900783363619577e-02 -3.735438912024336561e-02 -4.751045449879151561e-02 -5.814570627639072120e-02 -6.927825608396813439e-02 -8.086766043855991848e-02 -9.279046555805675611e-02 -1.048080763515046587e-01 -1.165263498884349519e-01 -1.273480217626778710e-01 -1.364232783996676690e-01 -1.426115199723390625e-01 -1.444806485311218858e-01 -1.403882369826147947e-01 -1.287041125886448090e-01 -1.082227961387628862e-01 -7.873993529415106163e-02 -4.161621300358554071e-02
-7.918327358626893117e-03 -1.592428723569207921e-02 -2.410011000519006810e-02 -3.251659517711803782e-02 -4.122575993865662536e-02 -5.025148928350584715e-02 -5.957739933465659027e-02 -6.913127108243617702e-02 -7.876539537366036847e-02 -8.823283156919889403e-02 -9.716044872372560370e-02 -1.050217203074654410e-01 -1.111155118272112857e-01 -1.145625731329847491e-01 -1.143381230830722295e-01 -1.093653710238107341e-01 -9.869422382363408908e-02 -8.177097021199540572e-02 -5.875735070912482122e-02 -3.078753267429521975e-02
-6.698862504239797358e-03 -1.346004379936453429e-02 -2.034052102061404549e-02 -2.738607741839559420e-02 -3.462445800722084577e-02 -4.205703291118556564e-02 -4.964853194396335462e-02 -5.731457513414257160e-02 -6.490695941567525828e-02 -7.219733153342680620e-02 -7.886082483062663295e-02 -8.446280692474830709e-02 -8.845439794079776319e-02 -9.018506074964970087e-02 -8.894377385643612022e-02 -8.404061474130408715e-02 -7.493583863684606661e-02 -6.140847764468257419e-02 -4.372962389607625705e-02 -2.277520876347976717e-02
-5.417065901510367647e-03 -1.087648494279301950e-02 -1.641581870702468401e-02 -2.206269031473657299e-02 -2.782890926176136148e-02 -3.370359709814627763e-02 -3.964508006381547295e-02 -4.557150648715895674e-02 -5.135049959949979786e-02 -5.678868504425842179e-02 -6.162265915007855699e-02 -6.551425884179638837e-02 -6.805415907075229587e-02 -6.877944606056424215e-02 -6.721124927001573268e-02 -6.291740436371011380e-02 -5.559996375654337186e-02 -4.519739076208460771e-02 -3.197735751385139685e-02 -1.658359501040233483e-02
-4.092913596848492611e-03 -8.212999042185089096e-03 -1.238356045556242464e-02 -1.661992054964444784e-02 -2.092484393980640137e-02 -2.528332606689921366e-02 -2.965665373422301729e-02 -3.397583722103428294e-02 -3.813482022515958525e-02 -4.198419939979129017e-02 -4.532682880596539121e-02 -4.791736421902619003e-02 -4.946851198798138394e-02 -4.966728276537724779e-02 -4.820432957876615715e-02 -4.481775173677345764e-02 -3.934918109643185252e-02 -3.180374506190816047e-02 -2.239881512029443314e-02 -1.158181492562396567e-02
-2.741587898262960298e-03 -5.499032623226347317e-03 -8.285486403616745821e-03 -1.110855908840686565e-02 -1.396719447995608404e-02 -1.684819307637937247e-02 -1.972234426520590167e-02 -2.254034375139675125e-02 -2.522871521105638642e-02 -2.768642925647937791e-02 -2.978306104632458262e-02 -3.135983116231795542e-02 -3.223521850779420550e-02 -3.221683567344649918e-02 -3.112100195950049178e-02 -2.880006349951071479e-02 -2.517523525152368102e-02 -2.026957223846073339e-02 -1.423234251472088943e-02 -7.344850194966221976e-03
-1.374411285109971301e-03 -2.756058869088879888e-03 -4.150793618695936341e-03 -5.561632385775761543e-03 -6.987180406761890616e-03 -8.419886823125983730e-03 -9.844169660052502074e-03 -1.123443464766737086e-02 -1.255321861437247617e-02 -1.374970050044058319e-02 -1.475911030914531935e-02 -1.550366015046905112e-02 -1.589567658372038894e-02 -1.584381969122838213e-02 -1.526276838498249848e-02 -1.408623640261463458e-02 -1.228211083622250156e-02 -9.866955588148202186e-03 -6.916135546192725067e-03 -3.565246504200863566e-03
