-3.623242156244262796e-03 -7.171752243588721230e-03 -1.057037850700692956e-02 -1.374360114782024328e-02 -1.661644382372340009e-02 -1.911646062650789943e-02 -2.117678075588002098e-02 -2.273991083079547962e-02 -2.376174856530111762e-02 -2.421508797357944248e-02 -2.409191491487360989e-02 -2.340397031842481393e-02 -2.218141682389834779e-02 -2.046983624717961178e-02 -1.832612416016135212e-02 -1.581400508685019968e-02 -1.299990419342000186e-02 -9.949711260874889371e-03 -6.726769834677266170e-03 -3.391141540660693593e-03
-7.321215616269125849e-03 -1.449338777055025895e-02 -2.136615989341244734e-02 -2.778758217757601109e-02 -3.360571366916059732e-02 -3.867261891584230366e-02 -4.285075154986202339e-02 -4.602111453372909056e-02 -4.809199420137560965e-02 -4.900668721864637201e-02 -4.874860028425002240e-02 -4.734254905942898717e-02 -4.485186005275566129e-02 -4.137180622658422763e-02 -3.702065544162300853e-02 -3.192999509582607892e-02 -2.623590192890487560e-02 -2.007217227323045486e-02 -1.356622841096265936e-02 -6.837796182987888015e-03
-1.116823234825666672e-02 -2.211442188098532852e-02 -3.261329104590204864e-02 -4.243485442172022920e-02 -5.134621077664463379e-02 -5.911755104183708670e-02 -6.553249400171447248e-02 -7.040180145077437612e-02 -7.357842741986837798e-02 -7.497106649037357795e-02 -7.455324971280188895e-02 -7.236576622451934560e-02 -6.851167024109788839e-02 -6.314487338798109584e-02 -5.645470042284167489e-02 -4.864941903130649836e-02 -3.994153836450289874e-02 -3.053685017569382140e-02 -2.062817569884010938e-02 -1.039381629807905813e-02
-1.523729153719026973e-02 -3.018277713704711068e-02 -4.453772887483173348e-02 -5.799233557296328001e-02 -7.022672777021042589e-02 -8.091888440842241736e-02 -8.975987564743444225e-02 -9.647517457903863336e-02 -1.008488505680297104e-01 -1.027459045397509374e-01 -1.021275695253381494e-01 -9.905559841894522044e-02 -9.368418497504475695e-02 -8.624132112034896269e-02 -7.700385619953067917e-02 -6.627144580132926510e-02 -5.434398449611285015e-02 -4.150551527364124832e-02 -2.801580976587829744e-02 -1.410929339507584548e-02
-1.959815788138530995e-02 -3.884166729078026431e-02 -5.736251410750015101e-02 -7.477003438542657865e-02 -9.064948353304523587e-02 -1.045713880549636043e-01 -1.161129551876563248e-01 -1.248901758206351631e-01 -1.305959023322925405e-01 -1.330361374756819093e-01 -1.321555312355259248e-01 -1.280448796985026727e-01 -1.209281551132804777e-01 -1.111323748886099833e-01 -9.904796042798351408e-02 -8.508852559913411551e-02 -6.965743940868779349e-02 -5.312541725668399467e-02 -3.582025481832534775e-02 -1.802754772533022090e-02
-2.431367400441356713e-02 -4.822322358059188269e-02 -7.130062952534235721e-02 -9.307580827087504061e-02 -1.130297886451212402e-01 -1.306042336631784151e-01 -1.452303868232435458e-01 -1.563766782145089573e-01 -1.636084517943121597e-01 -1.666472198517123804e-01 -1.654135455449617931e-01 -1.600402414649029215e-01 -1.508511876193818213e-01 -1.383120678862785335e-01 -1.229670894210655313e-01 -1.053772587759348595e-01 -8.607183200449693150e-02 -6.551846183520686207e-02 -4.411224490920982039e-02 -2.218064440990835315e-02
-2.943331648539864939e-02 -5.843692608436065056e-02 -8.654097568806629059e-02 -1.132027830855591027e-01 -1.377896326374244140e-01 -1.595853742552794385e-01 -1.778276852374089945e-01 -1.917777029831697899e-01 -2.008140132813492074e-01 -2.045307492380246395e-01 -2.028111965849864751e-01 -1.958513578450946091e-01 -1.841242925593710722e-01 -1.682976249851538264e-01 -1.491310748944882081e-01 -1.273815918012434767e-01 -1.037341712299343632e-01 -7.876435479004409435e-02 -5.292962247560489136e-02 -2.658278537510683909e-02
-3.498266815995549478e-02 -6.955019194193164112e-02 -1.032235672046874358e-01 -1.354047193267752247e-01 -1.653405866548426639e-01 -1.921199490666184173e-01 -2.147172791845013695e-01 -2.320924369215794092e-01 -2.433391490508579336e-01 -2.478505674274754655e-01 -2.454491326243342930e-01 -2.364297051127724481e-01 -2.214970025879458293e-01 -2.016230706588370281e-01 -1.778779980678827644e-01 -1.512838672000513529e-01 -1.227189103873951997e-01 -9.287516902081796588e-02 -6.225910745505060240e-02 -3.122087763775051664e-02
-4.094716564606535464e-02 -8.155760905734797672e-02 -1.213983849660696390e-01 -1.598519419552900112e-01 -1.960480462880631602e-01 -2.288365451309389842e-01 -2.568290142268883636e-01 -2.785355484831859574e-01 -2.925994744400168268e-01 -2.980831209649006941e-01 -2.947049623175362343e-01 -2.829212640683991808e-01 -2.638109166094630420e-01 -2.388196500044331427e-01 -2.094739825519430498e-01 -1.771569737710089465e-01 -1.429824393465784493e-01 -1.077583083706612072e-01 -7.201076522497222576e-02 -3.604161990720342046e-02
-4.724838668197203079e-02 -9.433469477100067668e-02 -1.409604222255470551e-01 -1.865566063637956185e-01 -2.301630499988344125e-01 -2.703489550050107715e-01 -3.052261159994622552e-01 -3.326201523575439412e-01 -3.504384234837659706e-01 -3.571756188796132436e-01 -3.523647499483680279e-01 -3.367384556839335685e-01 -3.120052555797402372e-01 -2.803704530587177723e-01 -2.440412622843643742e-01 -2.048876002382381267e-01 -1.642955670696555348e-01 -1.231648622089930867e-01 -8.198402749296743175e-02 -4.093483772795748071e-02
-5.371168739558241506e-02 -1.075723600566137611e-01 -1.615519781275688571e-01 -2.152508477155145039e-01 -2.676978447562534114e-01 -3.171675506234497011e-01 -3.610997442193132345e-01 -3.962676268510944011e-01 -4.193393575828442965e-01 -4.277947590362169428e-01 -4.208217429447244085e-01 -3.996508080087579629e-01 -3.670954609235814181e-01 -3.266135235844175311e-01 -2.814324224063354807e-01 -2.340564759158935693e-01 -1.861473499028085399e-01 -1.386215468162417253e-01 -9.182564574685073144e-02 -4.571370486864781424e-02
-6.002599970684517616e-02 -1.206910494592005334e-01 -1.824240372513129538e-01 -2.451955007560112365e-01 -3.082033714875582753e-01 -3.695013569430453115e-01 -4.256802242311811257e-01 -4.718990520777754383e-01 -5.026905352721241504e-01 -5.136559594073102364e-01 -5.033181445355207062e-01 -4.738453726645880937e-01 -4.300623073576216870e-01 -3.775372561184478504e-01 -3.210132344244899794e-01 -2.637574297493927578e-01 -2.076156330635292313e-01 -1.533483092712011886e-01 -1.009833017179648379e-01 -5.009433540292117237e-02
-6.570124338709550094e-02 -1.327415928274865708e-01 -2.022559927964824311e-01 -2.748940976722446528e-01 -3.503755116824807114e-01 -4.268072258190505619e-01 -4.998419384608479010e-01 -5.622181432380574106e-01 -6.047729058056811047e-01 -6.195918922472420931e-01 -6.039045710487427332e-01 -5.616764853416775782e-01 -5.014418362548945796e-01 -4.323379525816106184e-01 -3.612915672728431171e-01 -2.923370849990532538e-01 -2.272082718400913193e-01 -1.661726140948822095e-01 -1.086649047155366227e-01 -5.368033477871229919e-02
-7.003727867022686848e-02 -1.423170419643866591e-01 -2.189560874087882192e-01 -3.017011449164846426e-01 -3.913810949436608011e-01 -4.867752338731748396e-01 -5.827692394592280944e-01 -6.686624860226086930e-01 -7.291199728728467999e-01 -7.498952673908657607e-01 -7.258102017177011644e-01 -6.641474271117778772e-01 -5.800450373917523939e-01 -4.884714526893231823e-01 -3.993067565453520262e-01 -3.170546185986342080e-01 -2.427018748216779598e-01 -1.754682558682293947e-01 -1.138233034666506494e-01 -5.596209504175098798e-02
-7.213044529124230941e-02 -1.475292475106842749e-01 -2.295192697641325608e-01 -3.213905567238949379e-01 -4.258533035720777349e-01 -5.433597355502239878e-01 -6.686269813686352981e-01 -7.865415485498369330e-01 -8.724249842873766925e-01 -9.018051941154939799e-01 -8.655144571833810474e-01 -7.763049037596504443e-01 -6.598860948857822040e-01 -5.398865394225789149e-01 -4.297607245755010741e-01 -3.337346567103123274e-01 -2.510540700386796886e-01 -1.791725085266319961e-01 -1.151977068024256506e-01 -5.634472487673290730e-02
-7.095414892759062397e-02 -1.461388582943395908e-01 -2.301124496899235039e-01 -3.279637579966020455e-01 -4.449295562569540730e-01 -5.841903072655563189e-01 -7.412481233282629534e-01 -8.962483383834496387e-01 -1.012724404408912537e+00 -1.052613722699356824e+00 -1.001342704342853551e+00 -8.790516895758561100e-01 -7.254091160687304862e-01 -5.747961683656208631e-01 -4.442523229600757184e-01 -3.366726478626216879e-01 -2.485432400434402778e-01 -1.749621747471187261e-01 -1.114495661298925550e-01 -5.421904621043846517e-02
-6.554488460468417543e-02 -1.359348245226467411e-01 -2.166347527680742013e-01 -3.142802365819820642e-01 -4.365906564438724602e-01 -5.898251679273778247e-01 -7.711101147686308943e-01 -9.569683913721084290e-01 -1.100077524848826371e+00 -1.149238993097270845e+00 -1.084565457020701285e+00 -9.334392675796442385e-01 -7.489421706089200992e-01 -5.752014121286634918e-01 -4.317253713377131596e-01 -3.192971574410849445e-01 -2.313447515276323974e-01 -1.606663409238575646e-01 -1.014177543877136933e-01 -4.908178210435082400e-02
-5.528659374571139040e-02 -1.153799433679377762e-01 -1.858927762960007335e-01 -2.740470391779625259e-01 -3.888790914584988045e-01 -5.387010221659739306e-01 -7.224490627328220560e-01 -9.160405848505182025e-01 -1.067642803412627517e+00 -1.119875627110890282e+00 -1.050253092919995357e+00 -8.896713083379650389e-01 -6.974325215425848379e-01 -5.215230528467146298e-01 -3.814606760659610130e-01 -2.760215128868017676e-01 -1.966423860920525069e-01 -1.349125591626841036e-01 -8.447071854948631775e-02 -4.069014246261493800e-02
-4.021657923853199507e-02 -8.435447210897002723e-02 -1.371107034981823847e-01 -2.047785898681118433e-01 -2.956100497069076294e-01 -4.177416675854061512e-01 -5.714471596510678486e-01 -7.364882245165024210e-01 -8.672340154673136015e-01 -9.123927422497850603e-01 -8.517491295827466224e-01 -7.130451708058966886e-01 -5.491832419265577636e-01 -4.022045956050706583e-01 -2.882049221415483586e-01 -2.049042368049345531e-01 -1.440031812711505821e-01 -9.783561179515611050e-02 -6.085915416088928664e-02 -2.920783804545254436e-02
-2.122054183261587804e-02 -4.466220337238346882e-02 -7.303896975482597476e-02 -1.101112742046026355e-01 -1.610208874993791783e-01 -2.311602337153527142e-01 -3.214057428536598038e-01 -4.199771121106183336e-01 -4.989231934349826481e-01 -5.262827194786088292e-01 -4.893771743245124983e-01 -4.055873847695758982e-01 -3.078074170918636554e-01 -2.216581024064106786e-01 -1.563159777036206843e-01 -1.096980629663053819e-01 -7.635785128707113512e-02 -5.153419780821642121e-02 -3.191935312189432550e-02 -1.528183702256008872e-02
