-7.917734402675097316e-03 -1.589650210012063386e-02 -2.398683022467471004e-02 -3.221735358656001302e-02 -4.058183053205522556e-02 -4.902426205455302083e-02 -5.742256033331443604e-02 -6.557251591757672082e-02 -7.317561990780224734e-02 -7.983645804621766762e-02 -8.507698508220955247e-02 -8.837434026817872490e-02 -8.922392560843404874e-02 -8.721950701153356744e-02 -8.213055462137626439e-02 -7.395177971477562284e-02 -6.290780197481703195e-02 -4.941474132111445955e-02 -3.401825870908321142e-02 -1.733292974678374287e-02
-1.577443556746946016e-02 -3.168144360678872701e-02 -4.783346575042014132e-02 -6.430075292245945873e-02 -8.108570802898763807e-02 -9.809265754764347200e-02 -1.150934642924318491e-01 -1.316918844671209343e-01 -1.472935060529260154e-01 -1.610932284234906364e-01 -1.720971406346155919e-01 -1.791964453283768632e-01 -1.813018441076242881e-01 -1.775235322256297210e-01 -1.673509157573021267e-01 -1.507687511803365854e-01 -1.282646796214821638e-01 -1.007329008369791806e-01 -6.932536342259106033e-02 -3.531345924138334230e-02
-2.349856423450506077e-02 -4.722137053475394114e-02 -7.136483682001845685e-02 -9.606648546225086960e-02 -1.213675920036159650e-01 -1.471671986183509528e-01 -1.731667550121059607e-01 -1.988080516685605259e-01 -2.232132885758417451e-01 -2.451457898111552014e-01 -2.630218477460416482e-01 -2.750123244388419930e-01 -2.792632437275771595e-01 -2.742215638152750712e-01 -2.589805322997723591e-01 -2.335074101653068501e-01 -1.986491423848583404e-01 -1.559267667849960071e-01 -1.072368155131794981e-01 -5.459554009825558218e-02
-3.099845123704168467e-02 -6.234063828309160948e-02 -9.433802668760379873e-02 -1.272327620105176416e-01 -1.611509788152711564e-01 -1.960417929973063411e-01 -2.315983069848338016e-01 -2.671602684746209322e-01 -3.016057374653985934e-01 -3.332545195404015836e-01 -3.598313085966185487e-01 -3.785658919780565124e-01 -3.865140488137542296e-01 -3.811148095177898099e-01 -3.608381787822047548e-01 -3.256281972016398796e-01 -2.768960112362245374e-01 -2.170874824007597292e-01 -1.490993580269847074e-01 -7.583182654358977537e-02
-3.815460422155700360e-02 -7.680470555044931202e-02 -1.164138724856243756e-01 -1.573755580730963888e-01 -1.999617722867613467e-01 -2.442506885364828240e-01 -2.900243949734370719e-01 -3.366288367173372320e-01 -3.827941296795217552e-01 -4.264323190892237436e-01 -4.644742835572157613e-01 -4.928863019942024137e-01 -5.070788037361660949e-01 -5.028421516375265465e-01 -4.775866924145401038e-01 -4.312395876535317085e-01 -3.662014073221649402e-01 -2.864201790016631666e-01 -1.962388405170217565e-01 -9.963180307687878601e-02
-4.481526212802838111e-02 -9.030970945315960896e-02 -1.371372017114174391e-01 -1.858938289271425126e-01 -2.370698653076486473e-01 -2.909747814815922817e-01 -3.476195858832901719e-01 -4.065354146249857692e-01 -4.665037117191342397e-01 -5.251831489252936080e-01 -5.786782676971468087e-01 -6.212709340396637137e-01 -6.458075234722089331e-01 -6.452450224754074926e-01 -6.150900064633014752e-01 -5.552914966180977352e-01 -4.701085706790969487e-01 -3.660925994274868978e-01 -2.497844559229525918e-01 -1.264517394740491685e-01
-5.079673682710054289e-02 -1.024816721764760380e-01 -1.559313981364222612e-01 -2.119926911126826796e-01 -2.714490730321645895e-01 -3.349588775865613988e-01 -4.029427508706377448e-01 -4.753826520334767380e-01 -5.514665903927061796e-01 -6.289788712740542742e-01 -7.033703715732475548e-01 -7.667782884298548485e-01 -8.080415169775291284e-01 -8.151772780780858207e-01 -7.802123445849877825e-01 -7.032219358467126646e-01 -5.919996589646225882e-01 -4.576942449775777133e-01 -3.102370428252405055e-01 -1.563618125192914043e-01
-5.589001612737701241e-02 -1.128888472549192945e-01 -1.721140307176971251e-01 -2.346964625248350034e-01 -3.017748184283758350e-01 -3.744684003615262879e-01 -4.538053020428492457e-01 -5.405545239110893796e-01 -6.348390900811795579e-01 -7.352601501600778411e-01 -8.371583836927324329e-01 -9.301780537407459137e-01 -9.971416986344070477e-01 -1.017810814707280187e+00 -9.781368799541513281e-01 -8.785235730880558425e-01 -7.331053678050805100e-01 -5.607941226077166608e-01 -3.765718714889926266e-01 -1.886268668996116948e-01
-5.987448299596639240e-02 -1.210696737613796564e-01 -1.849394162137269204e-01 -2.529043018781271801e-01 -3.264851929401955677e-01 -4.073328455998750375e-01 -4.972396783832918055e-01 -5.980828399842086363e-01 -7.115154715201100766e-01 -8.378704365794921172e-01 -9.733056956797883075e-01 -1.104948203802934792e+00 -1.207458936112733028e+00 -1.248325688208317574e+00 -1.204147379220190217e+00 -1.075936178245879615e+00 -8.877438486170822207e-01 -6.700942983212407889e-01 -4.447790709358626637e-01 -2.211192871833189966e-01
-6.253824482388542494e-02 -1.265759529786797122e-01 -1.936696598751276033e-01 -2.654961133842876908e-01 -3.439284212601373403e-01 -4.311335029278223763e-01 -5.296962043337531956e-01 -6.427383816725510401e-01 -7.738044203371604590e-01 -9.256570329952588105e-01 -1.096178404392850858e+00 -1.270403324412432866e+00 -1.413767675127791223e+00 -1.478901314688642721e+00 -1.430798999594415033e+00 -1.271299534569447776e+00 -1.036862556614956743e+00 -7.721095970107978435e-01 -5.064865490692611605e-01 -2.498813470402516113e-01
-6.370254726091204023e-02 -1.290262352854337768e-01 -1.976671584184843677e-01 -2.714820238101520733e-01 -3.525981103029455777e-01 -4.435673891278613112e-01 -5.475908467489982723e-01 -6.688078176974813216e-01 -8.123992127326732371e-01 -9.833767531246119242e-01 -1.181476379328237680e+00 -1.390419037163389104e+00 -1.568015883353395257e+00 -1.654056488576628681e+00 -1.603351853945774952e+00 -1.418497437100971537e+00 -1.146883325237177953e+00 -8.453247193003819993e-01 -5.495624253048517760e-01 -2.695581951421258116e-01
-6.324571087005899372e-02 -1.281592866061578018e-01 -1.964907134158226376e-01 -2.701666420648472511e-01 -3.514134520588244603e-01 -4.429333269465961509e-01 -5.481679944554347372e-01 -6.716569923533364239e-01 -8.192337122940426264e-01 -9.968271529421607324e-01 -1.204975794160778602e+00 -1.426995513275732597e+00 -1.617811280029687770e+00 -1.712231619818473716e+00 -1.661083823642846458e+00 -1.467259965658079146e+00 -1.182422864633745130e+00 -8.681078308597277582e-01 -5.624173817632276418e-01 -2.752366022764629605e-01
-6.112101266527900090e-02 -1.238744891356443195e-01 -1.899697658398937228e-01 -2.612802970294756943e-01 -3.399544104903535202e-01 -4.285687676141837765e-01 -5.303494234516715755e-01 -6.494538486827377000e-01 -7.910632090478822986e-01 -9.601676226445815532e-01 -1.156494378705119841e+00 -1.363874921042895316e+00 -1.540473120701424170e+00 -1.626626237077001713e+00 -1.577565378744825164e+00 -1.395839032379178279e+00 -1.128353103956449832e+00 -8.313637459458469436e-01 -5.402692066961898298e-01 -2.649196635344401307e-01
-5.736385278662432113e-02 -1.162478933784158452e-01 -1.782335627412616474e-01 -2.450302975156005980e-01 -3.185539858527777768e-01 -4.010243327008006231e-01 -4.950848547090800911e-01 -6.039118984707225746e-01 -7.310853852483124582e-01 -8.793810957895732416e-01 -1.046724506833073942e+00 -1.218375467575060211e+00 -1.360343895425293104e+00 -1.426098949677797822e+00 -1.381263896004115699e+00 -1.227602530158813599e+00 -1.000838339940946398e+00 -7.447205944402385258e-01 -4.881177801800604676e-01 -2.406706935289061322e-01
-5.208650766948965533e-02 -1.055196719238947617e-01 -1.616862941984170965e-01 -2.220532982171897762e-01 -2.882061572929230930e-01 -3.618808271618989547e-01 -4.449736689456141869e-01 -5.394770569170261876e-01 -6.471594404516438637e-01 -7.684689657483841918e-01 -8.997274641043873089e-01 -1.028402103384328026e+00 -1.129797138466434037e+00 -1.172243509292900887e+00 -1.132942167226101748e+00 -1.012824276950578195e+00 -8.352132883165431787e-01 -6.297257875274802075e-01 -4.174669502799600029e-01 -2.073503119067607592e-01
-4.546250884050880015e-02 -9.205799517842919166e-02 -1.409386445515510844e-01 -1.932904218642010341e-01 -2.503361482255346826e-01 -3.133147334816327456e-01 -3.834121513270274395e-01 -4.615917671792555410e-01 -5.482025561444159312e-01 -6.421047859661732637e-01 -7.389610706674338836e-01 -8.288702592609376030e-01 -8.952936522133787545e-01 -9.187074564660689946e-01 -8.855345651545446506e-01 -7.961042722751858758e-01 -6.639512919384107370e-01 -5.071773365957908952e-01 -3.400323404464075105e-01 -1.701235263766378847e-01
-3.770553509579407242e-02 -7.631115830531065569e-02 -1.167198698700086107e-01 -1.598335883988378781e-01 -2.065331447747234261e-01 -2.576281467198696662e-01 -3.137534585099627238e-01 -3.751730871333768258e-01 -4.414256064796757695e-01 -5.107142639293411612e-01 -5.789836590093067059e-01 -6.389521200996669537e-01 -6.801115136176042464e-01 -6.910946879957903244e-01 -6.642955620078162537e-01 -5.997256139928797136e-01 -5.046901325194137478e-01 -3.896055798214451693e-01 -2.636136736604308695e-01 -1.326821346318436678e-01
-2.904847541836573163e-02 -5.876123617105156322e-02 -8.979608963108953734e-02 -1.227909166431092464e-01 -1.583346576329965338e-01 -1.969107792469702578e-01 -2.387961762203466010e-01 -2.838923389676489273e-01 -3.314616197820563492e-01 -3.797514537939696844e-01 -4.255493000906701018e-01 -4.638831547806090416e-01 -4.883436027351359399e-01 -4.925111127637419872e-01 -4.722382992237019184e-01 -4.274235638678942073e-01 -3.618755295003158734e-01 -2.814013203998557144e-01 -1.916356959257592696e-01 -9.686878628230509436e-02
-1.972713189018415053e-02 -3.988922318833649366e-02 -6.091233643906152073e-02 -8.319933069604647236e-02 -1.071037835543621891e-01 -1.328840372632521527e-01 -1.606272077817839095e-01 -1.901321618338241148e-01 -2.207444296414935725e-01 -2.511526276702020222e-01 -2.791985468833566575e-01 -3.018307163401606763e-01 -3.154054011201624097e-01 -3.164737731927503295e-01 -3.028643627617155776e-01 -2.744723103194494085e-01 -2.332075526508213537e-01 -1.821552661552579278e-01 -1.245510379094124098e-01 -6.313079496574271199e-02
-9.970830237467157020e-03 -2.015618898365435091e-02 -3.076470289403376163e-02 -4.199028538755171513e-02 -5.399710813358880174e-02 -6.689436317915953278e-02 -8.069630628798374339e-02 -9.526363739159336708e-02 -1.102259540022815926e-01 -1.248950851092742176e-01 -1.381991490482843143e-01 -1.486952085106491572e-01 -1.547334938842679919e-01 -1.548035231471338591e-01 -1.479681946093107381e-01 -1.341669840121423318e-01 -1.141992328829479902e-01 -8.940649520717215692e-02 -6.126468523426631396e-02 -3.109900531837323998e-02
