-1.914365104651469468e-03 -3.859201106667613148e-03 -5.864105490584424311e-03 -7.956712958292380677e-03 -1.016115590207864426e-02 -1.249579258665325758e-02 -1.496987767726549144e-02 -1.757879138704850769e-02 -2.029744825055527016e-02 -2.307159201877889004e-02 -2.580701246002164648e-02 -2.835743511138408626e-02 -3.051318521152115298e-02 -3.199489135237314902e-02 -3.245937682842123945e-02 -3.152760526764136761e-02 -2.884475762070974614e-02 -2.417609459520475915e-02 -1.752505791104991967e-02 -9.233295295841435421e-03
-3.798259384436293573e-03 -7.658333847375561020e-03 -1.164050656648908319e-02 -1.580158924010736932e-02 -2.019211597916181766e-02 -2.485213652328852052e-02 -2.980492618306376795e-02 -3.504783916844383257e-02 -4.053940876698285817e-02 -4.618190583760537621e-02 -5.179902197821423943e-02 -5.710954233096508098e-02 -6.170041394449407579e-02 -6.500700216749505378e-02 -6.631500651870918250e-02 -6.480627572598736397e-02 -5.967530198816901194e-02 -5.033451074865947367e-02 -3.669076067437332389e-02 -1.940803289453580174e-02
-5.620338874449632392e-03 -1.133536800600864342e-02 -1.723799642594836881e-02 -2.341701733171740532e-02 -2.995358090218211769e-02 -3.691570884593668028e-02 -4.434985071765203818e-02 -5.226822941374801440e-02 -6.063043838884608211e-02 -6.931759862510562809e-02 -7.809762416643788174e-02 -8.658129705983869107e-02 -9.417192293739722053e-02 -1.000176849944923313e-01 -1.029873239610291508e-01 -1.017070280536242211e-01 -9.471524773350573079e-02 -8.079505338761829025e-02 -5.949418580870619727e-02 -3.170663322895708042e-02
-7.347729585667188250e-03 -1.482480253096458284e-02 -2.255909239646159900e-02 -3.067489911868201413e-02 -3.928947806701807433e-02 -4.850726532657567702e-02 -5.841053673428506232e-02 -6.904478691843660143e-02 -8.039651211362573713e-02 -9.236042197958041489e-02 -1.046925738320426263e-01 -1.169460945559476078e-01 -1.283882734257928426e-01 -1.379043691122854021e-01 -1.439090274726390895e-01 -1.443173641670561225e-01 -1.366786069701199369e-01 -1.186262851279747260e-01 -8.876918074350471921e-02 -4.790696853279503148e-02
-8.945777965657984374e-03 -1.805702080454315780e-02 -2.749866919711057775e-02 -3.743400454146542794e-02 -4.802216302806399523e-02 -5.941333459481414059e-02 -7.174024169555881514e-02 -8.510386535329125812e-02 -9.955039519728571540e-02 -1.150349962592919495e-01 -1.313661472530328334e-01 -1.481222068176981377e-01 -1.645305238408829862e-01 -1.793014001390949852e-01 -1.904220665417493130e-01 -1.949574793832417330e-01 -1.890099169636598464e-01 -1.681712054060396921e-01 -1.289113705228482898e-01 -7.099378495719302351e-02
-1.037836304821418767e-02 -2.095883322741803889e-02 -3.194455723359316407e-02 -4.354028194036012323e-02 -5.595183065089908564e-02 -6.938366485519281701e-02 -8.403322690693501573e-02 -1.000800331399372689e-01 -1.176661989688694010e-01 -1.368630139923490696e-01 -1.576147896504072332e-01 -1.796459032118704613e-01 -2.023089665092340783e-01 -2.243411218593724388e-01 -2.434858988239941568e-01 -2.559608168541072648e-01 -2.559168794062410268e-01 -2.355071459217152885e-01 -1.867573647823822791e-01 -1.060619996787857677e-01
-1.160884217839577501e-02 -2.345539067933152810e-02 -3.578044203904701126e-02 -4.883072910934972005e-02 -6.286120809381931518e-02 -7.813626285558868123e-02 -9.492896422526177214e-02 -1.135168349342831340e-01 -1.341713462082023967e-01 -1.571360573639432046e-01 -1.825840108202886058e-01 -2.105368285955068197e-01 -2.407117963950314576e-01 -2.722288115435930189e-01 -3.030389211996992738e-01 -3.288551032596413459e-01 -3.415353442952557272e-01 -3.278792166207976089e-01 -2.715469511014281245e-01 -1.607562988969577500e-01
-1.260161483255745757e-02 -2.547344480752864945e-02 -3.889108608535680328e-02 -5.314097908540916376e-02 -6.852600363332579658e-02 -8.537121021935070719e-02 -1.040295273005773929e-01 -1.248869899703287378e-01 -1.483662844316025742e-01 -1.749258291330954007e-01 -2.050480535630773982e-01 -2.392023540193203568e-01 -2.777466762754935425e-01 -3.206667773375586616e-01 -3.668677633351367096e-01 -4.123895421938958972e-01 -4.469146911798549948e-01 -4.497950097470940767e-01 -3.909129974285123210e-01 -2.425986920489558996e-01
-1.332417247872171549e-02 -2.694568532481377357e-02 -4.116947467322472354e-02 -5.631609064188251162e-02 -7.273061222896200217e-02 -9.079304164024204482e-02 -1.109309397126728713e-01 -1.336353050034536916e-01 -1.594809602480535549e-01 -1.891528463857567177e-01 -2.234790846953859378e-01 -2.634680740339916394e-01 -3.103277427207025707e-01 -3.653519290362748917e-01 -4.292121075155062582e-01 -4.994005715423619485e-01 -5.641263327464531852e-01 -5.939039541358863694e-01 -5.398052631203497098e-01 -3.499740824749645318e-01
-1.374938949751728680e-02 -2.781564740470436961e-02 -4.252503222196055144e-02 -5.822329097430815198e-02 -7.528730764205571191e-02 -9.413939969760581894e-02 -1.152658789448795518e-01 -1.392423217375612088e-01 -1.667693866172155204e-01 -1.987253507622172011e-01 -2.362452357244240186e-01 -2.808407722886583358e-01 -3.345660658955993960e-01 -4.001231786465679341e-01 -4.802861228779627401e-01 -5.746980224538896787e-01 -6.710329124643145127e-01 -7.315104726713286265e-01 -6.876004039857085415e-01 -4.604594462195562010e-01
-1.385773759165192208e-02 -2.804248159550589911e-02 -4.289171122210415354e-02 -5.876472856996637489e-02 -7.605592271694687490e-02 -9.521136526897956698e-02 -1.167508490583252928e-01 -1.412987055393457037e-01 -1.696288903415218152e-01 -2.027336594083007371e-01 -2.419320551135197839e-01 -2.890450318362798865e-01 -3.466639899347935816e-01 -4.184222717298367589e-01 -5.085543650581585418e-01 -6.183328778044718810e-01 -7.354438681200340389e-01 -8.170197511039213323e-01 -7.817149142761580238e-01 -5.323710616209368363e-01
-1.363907934546506641e-02 -2.760482813612923775e-02 -4.223459865601581625e-02 -5.788798434617087318e-02 -7.496028430564659339e-02 -9.389928522926674348e-02 -1.152274396212742830e-01 -1.395727516776441024e-01 -1.677137796218122479e-01 -2.006479868494289442e-01 -2.396994621949171678e-01 -2.866925450236214590e-01 -3.442175767575151868e-01 -4.158979845814534393e-01 -5.059452746927506350e-01 -6.156017013317085507e-01 -7.325508311454567156e-01 -8.140216605307474262e-01 -7.789195032254581097e-01 -5.304483759689994082e-01
-1.309375155318520147e-02 -2.650315088120010210e-02 -4.055386720751921747e-02 -5.559231946208513520e-02 -7.199794057091396526e-02 -9.019804622155447316e-02 -1.106868670202065530e-01 -1.340510723348332101e-01 -1.610054618125924264e-01 -1.924446918621025848e-01 -2.295204585740457937e-01 -2.737575987994347870e-01 -3.272128236973570470e-01 -3.925696241239380324e-01 -4.725528905510737454e-01 -5.667415235242792004e-01 -6.628166929321390732e-01 -7.232463998133644711e-01 -6.801155105445292337e-01 -4.554448349026438136e-01
-1.223277558435490603e-02 -2.476015556506854648e-02 -3.788539461105897010e-02 -5.192948058629145297e-02 -6.724110570955348087e-02 -8.420808791960376904e-02 -1.032709040453008015e-01 -1.249392001077416492e-01 -1.498122809085278007e-01 -1.786045913082970615e-01 -2.121764569449871018e-01 -2.515664725762047360e-01 -2.980025696635807964e-01 -3.527766259124678339e-01 -4.165273925241783637e-01 -4.867037971512415684e-01 -5.515569426716802059e-01 -5.819072936868903145e-01 -5.295133729772159015e-01 -3.434244571909927379e-01
-1.107719582185159347e-02 -2.241929894905626136e-02 -3.429807156935728296e-02 -4.699909564371725079e-02 -6.082890910022648728e-02 -7.612229092257048746e-02 -9.324945678539213467e-02 -1.126225363570019511e-01 -1.346998533753841487e-01 -1.599847798794450382e-01 -1.890122299587636556e-01 -2.223074829764228044e-01 -2.602805903389804332e-01 -3.029559708176166599e-01 -3.492578318596674114e-01 -3.952426851523150320e-01 -4.306787264903823020e-01 -4.351944072429720367e-01 -3.791992042708443034e-01 -2.356346343760474527e-01
-9.656709738900228629e-03 -1.954177211154970589e-02 -2.988849390907542466e-02 -4.093991527978750600e-02 -5.295313910307580113e-02 -6.620270623184211500e-02 -8.098209129536325379e-02 -9.760162966588789568e-02 -1.163798041973990866e-01 -1.376223726737640374e-01 -1.615792968075027702e-01 -1.883611963172318882e-01 -2.177810238542456089e-01 -2.490533512086527679e-01 -2.802169631755208612e-01 -3.070723663541970461e-01 -3.215986583274433319e-01 -3.108019286549760785e-01 -2.586356261675202828e-01 -1.535589801772017093e-01
-8.007872432961037762e-03 -1.620258630698930696e-02 -2.477421365228690484e-02 -3.391892812993655554e-02 -4.384102117472084975e-02 -5.475330014984149812e-02 -6.687457107571051496e-02 -8.042208057813103605e-02 -9.559535396477822355e-02 -1.125455801124198435e-01 -1.313210878093078460e-01 -1.517738764369635507e-01 -1.734042117127336802e-01 -1.951098002422784194e-01 -2.147982068737019357e-01 -2.288466151220200362e-01 -2.315592166443422861e-01 -2.152319599705537212e-01 -1.719866653355643649e-01 -9.816515652101051592e-02
-6.172195146907284193e-03 -1.248648745606445801e-02 -1.908684475255805618e-02 -2.612055704566507847e-02 -3.373871384560640091e-02 -4.209489950937089775e-02 -5.134080951679666216e-02 -6.161676535240780128e-02 -7.303394287677926477e-02 -8.564349582329305877e-02 -9.938551692517441638e-02 -1.140082355689610583e-01 -1.289459793413710864e-01 -1.431461602425767865e-01 -1.548485742879233129e-01 -1.613628011989379496e-01 -1.589950116018625514e-01 -1.434552014271950893e-01 -1.111830629275995241e-01 -6.168559856002933661e-02
-4.194422717919730342e-03 -8.484323845410611520e-03 -1.296611973850358979e-02 -1.773773726143203916e-02 -2.289837410135811893e-02 -2.854677192665545232e-02 -3.477700141115187826e-02 -4.167022553576871929e-02 -4.928015238728994385e-02 -5.760893792552476689e-02 -6.656923010709764332e-02 -7.592742186020633166e-02 -8.522414416394287484e-02 -9.367324855572771447e-02 -1.000548670569607751e-01 -1.026488841606504332e-01 -9.930743967187868892e-02 -8.782083187614504738e-02 -6.671164450406583124e-02 -3.636915751770187361e-02
-2.121172097569329947e-03 -4.290266758982111579e-03 -6.555570416731896534e-03 -8.965895111636619855e-03 -1.157027029234722337e-02 -1.441681047921816727e-02 -1.755019849594681783e-02 -2.100698127828603060e-02 -2.480750134853060285e-02 -2.894286964048489036e-02 -3.335503936895930360e-02 -3.790805532207756207e-02 -4.234975833864598055e-02 -4.626681456884020049e-02 -4.904414115085553583e-02 -4.985438087621615888e-02 -4.772275510544363164e-02 -4.172461313588197995e-02 -3.134570466311672327e-02 -1.693269416418663117e-02
