-1.575493943655868062e-02 -3.041907423761480017e-02 -4.304678571231385087e-02 -5.295761830760879058e-02 -5.980777124395841166e-02 -6.359614251955281183e-02 -6.460593574134533557e-02 -6.330456508594878295e-02 -6.023552775766417150e-02 -5.592974681334363096e-02 -5.084897891374438872e-02 -4.536012321638237255e-02 -3.973216060323088439e-02 -3.414624523886673757e-02 -2.871140956386886156e-02 -2.348103773292265634e-02 -1.846757668445312209e-02 -1.365458593433716526e-02 -9.006029658014306702e-03 -4.473220548782312969e-03
-3.260068214869112774e-02 -6.287454161100820837e-02 -8.881042703277793049e-02 -1.089758964101472105e-01 -1.226772930510988124e-01 -1.299708518565883542e-01 -1.315230106408920574e-01 -1.283767904285246508e-01 -1.217078028966999403e-01 -1.126344918101619963e-01 -1.021060569362006593e-01 -9.085935962245716979e-02 -7.942227813615498899e-02 -6.814141467992189394e-02 -5.721837011628752578e-02 -4.674516913267867668e-02 -3.673468629769017363e-02 -2.714474621198361554e-02 -1.789631372557241862e-02 -8.886839865765477214e-03
-5.177301356645050423e-02 -9.966755472915424241e-02 -1.403438866375848748e-01 -1.714576088320116376e-01 -1.919541309846050647e-01 -2.020866118826368241e-01 -2.031383091307061850e-01 -1.969717206250563568e-01 -1.855844093862270838e-01 -1.707943855621798235e-01 -1.540814194138417914e-01 -1.365490053713718233e-01 -1.189561833917881922e-01 -1.017787918174754558e-01 -8.527550630816416177e-02 -6.954660133427693902e-02 -5.458126327323237215e-02 -4.029340098384668473e-02 -2.654764625828072086e-02 -1.317782435189629626e-02
-7.482090532765976743e-02 -1.436732724737317113e-01 -2.014321190939861728e-01 -2.445480020447897973e-01 -2.715879982227539791e-01 -2.832787693366626836e-01 -2.819698257576679912e-01 -2.707866370489179220e-01 -2.528635789106921106e-01 -2.308772271668228515e-01 -2.068762639364449263e-01 -1.822990887242987024e-01 -1.580746825624460561e-01 -1.347420864671888541e-01 -1.125582997763527743e-01 -9.158450348480862147e-02 -7.175038748565075453e-02 -5.289994755173282881e-02 -3.482305312924430934e-02 -1.727681506764214281e-02
-1.038092686391727804e-01 -1.987194622301187430e-01 -2.770873006235408664e-01 -3.336316923984800065e-01 -3.665030725519838883e-01 -3.774281726988126806e-01 -3.706554834146997823e-01 -3.513342586351146379e-01 -3.242041353687369898e-01 -2.929743585776006243e-01 -2.602473153726440613e-01 -2.276964333065193691e-01 -1.963013997018837331e-01 -1.665566200004893194e-01 -1.386311459945622770e-01 -1.124827704654969424e-01 -8.793587747450815062e-02 -6.473296168518077875e-02 -4.256780021574903261e-02 -2.110639202611830356e-02
-1.414913198882462864e-01 -2.699196250353677606e-01 -3.740091987071742508e-01 -4.457833981585337946e-01 -4.828660848984869802e-01 -4.889641377628785590e-01 -4.717423893990399519e-01 -4.396379473086373113e-01 -3.996300484358903948e-01 -3.565658738938443095e-01 -3.134418034994361779e-01 -2.719379122185531239e-01 -2.328778960157124600e-01 -1.965518947854303089e-01 -1.629269576330831248e-01 -1.317796016602687803e-01 -1.027774259994051476e-01 -7.552824320397800995e-02 -4.960881487139368745e-02 -2.458094925831287234e-02
-1.910965306920517637e-01 -3.633029041525790981e-01 -5.001563049830801688e-01 -5.892684876616998135e-01 -6.274473801734168354e-01 -6.220923935308452224e-01 -5.868942447914831106e-01 -5.355517047277462694e-01 -4.780324882978930767e-01 -4.202009148212822454e-01 -3.650136075692967941e-01 -3.137352563121005300e-01 -2.667203779776068928e-01 -2.238461643906088094e-01 -1.847452541102903023e-01 -1.489313080240995402e-01 -1.158660182597004012e-01 -8.499379804090632928e-02 -5.575828052381137656e-02 -2.760860489155459938e-02
-2.547960459098229657e-01 -4.829695526048756737e-01 -6.610427417425281948e-01 -7.695574785180955280e-01 -8.039230038126170541e-01 -7.777952644613678190e-01 -7.147497415410531962e-01 -6.364074868036299071e-01 -5.564114974312512896e-01 -4.811225152157865281e-01 -4.126656991564269794e-01 -3.512678907006682727e-01 -2.964221397700758098e-01 -2.473671594535938323e-01 -2.032766620980516747e-01 -1.633344154352895095e-01 -1.267615751947512304e-01 -9.282267311225801676e-02 -6.082193170761136108e-02 -3.009520076611957654e-02
-3.298219628316061414e-01 -6.238094073426665442e-01 -8.500185213841016107e-01 -9.789304568992969191e-01 -1.003767850239530413e+00 -9.472331165532683617e-01 -8.469277797924915641e-01 -7.349790245312926018e-01 -6.290123601262456177e-01 -5.349911608520746542e-01 -4.532243184250216439e-01 -3.822444436324648476e-01 -3.203328261748052963e-01 -2.659237239416934462e-01 -2.176598749253688125e-01 -1.743681706509904172e-01 -1.350232277189608587e-01 -9.871341360552944588e-02 -6.461159911433812797e-02 -3.195029197747868005e-02
-4.036999356474714751e-01 -7.624886369983441270e-01 -1.036028864173578867e+00 -1.183420738361586011e+00 -1.195227528627543778e+00 -1.104390948623830804e+00 -9.642161634307926388e-01 -8.180473034998442250e-01 -6.870779032813685294e-01 -5.760714709717694726e-01 -4.829125864441672911e-01 -4.041429058035187483e-01 -3.367401895654921762e-01 -2.783350574722982529e-01 -2.270710200055475469e-01 -1.814552028218952839e-01 -1.402497852461141725e-01 -1.023961791920960651e-01 -6.696078887321188500e-02 -3.309439290427450969e-02
-4.547083492924083870e-01 -8.582334786138463567e-01 -1.164427944671434290e+00 -1.323801202125175935e+00 -1.324824925793974373e+00 -1.208158387972456227e+00 -1.038869263538592325e+00 -8.684658910087962314e-01 -7.204337255831814169e-01 -5.983255243240181986e-01 -4.980587386589941379e-01 -4.146563522681847580e-01 -3.441484221438768643e-01 -2.836052761034637548e-01 -2.308340143289228652e-01 -1.841318939603875937e-01 -1.421245536812605625e-01 -1.036607594680065414e-01 -6.774101983800977222e-02 -3.346651490325319722e-02
-4.627295876289278520e-01 -8.732197639734373684e-01 -1.184344127572330096e+00 -1.345087563378281725e+00 -1.343558739567291438e+00 -1.221823708851417001e+00 -1.047074018021496800e+00 -8.722689754082498803e-01 -7.212707445443689025e-01 -5.973783148204130367e-01 -4.961280150158714486e-01 -4.122502260249269468e-01 -3.415896789336009265e-01 -2.811035474270506818e-01 -2.285279456723415259e-01 -1.821138446093470142e-01 -1.404558147809945312e-01 -1.023813097530412997e-01 -6.687605119886257110e-02 -3.303067920086312503e-02
-4.238114445253221563e-01 -8.000110380739616778e-01 -1.085758881473223303e+00 -1.236446838041561413e+00 -1.241789347475091621e+00 -1.138188239782422118e+00 -9.841782364999952515e-01 -8.267315270819248774e-01 -6.880563588907389061e-01 -5.723568298819354805e-01 -4.766009570715746269e-01 -3.966003809767081334e-01 -3.288542140002448932e-01 -2.706912158674362190e-01 -2.200604382618995547e-01 -1.753397920846482549e-01 -1.352035732826868952e-01 -9.853264449298548833e-02 -6.435123777361559383e-02 -3.178017347933490694e-02
-3.533242923385658818e-01 -6.675121473120022575e-01 -9.075673448277694622e-01 -1.039869915525213351e+00 -1.056789685151375613e+00 -9.849551221573347171e-01 -8.679108195877236476e-01 -7.420373185356967660e-01 -6.263212224255342297e-01 -5.262483101028616606e-01 -4.411399277457283552e-01 -3.686749783222137422e-01 -3.065337477836991287e-01 -2.527466034108105108e-01 -2.056828707429515235e-01 -1.639813560100175371e-01 -1.264860800822775744e-01 -9.219448519571245282e-02 -6.021611445812038305e-02 -2.973880464502033638e-02
-2.740534224405943298e-01 -5.185222873627652884e-01 -7.072127114994785080e-01 -8.174940380714985633e-01 -8.442409161663557704e-01 -8.043039319809099919e-01 -7.260922786261519990e-01 -6.348486207424267613e-01 -5.455870274680031384e-01 -4.644833240526790030e-01 -3.929273459092665344e-01 -3.304130963317059577e-01 -2.758580990063991267e-01 -2.280785803026033065e-01 -1.859431458110467339e-01 -1.484167331560820313e-01 -1.145649301492358690e-01 -8.354312845632359819e-02 -5.457995885829749344e-02 -2.695895447208205079e-02
-2.023827934193604683e-01 -3.837354875350513783e-01 -5.256657694535077363e-01 -6.138826946169673171e-01 -6.450195141385648423e-01 -6.286079569314555471e-01 -5.815331022588939858e-01 -5.200180081117969921e-01 -4.551554129327278764e-01 -3.928532017013543487e-01 -3.356234794575914671e-01 -2.841861219780204006e-01 -2.384065145552419496e-01 -1.977664955051093576e-01 -1.615944643301264749e-01 -1.291775403757436658e-01 -9.981379725382223678e-02 -7.283315871710534239e-02 -4.760166805426910980e-02 -2.351707069398812494e-02
-1.440967790921592051e-01 -2.739124607982468818e-01 -3.771046225310092925e-01 -4.448264691286131778e-01 -4.747907348923782744e-01 -4.719878190417350350e-01 -4.459289122897722724e-01 -4.065666210595971219e-01 -3.616280519449425745e-01 -3.160402540460511833e-01 -2.725100576726801616e-01 -2.322994165725028870e-01 -1.958152157764884715e-01 -1.629864776664778914e-01 -1.334907315149238272e-01 -1.068851891199697340e-01 -8.267958073827053056e-02 -6.037406559598725020e-02 -3.947649207959220974e-02 -1.950768657210099483e-02
-9.807631971352387401e-02 -1.869012825538223510e-01 -2.585494850009095735e-01 -3.075896779839499273e-01 -3.324373679128642123e-01 -3.355689530063530879e-01 -3.221820818883184279e-01 -2.981726405768697630e-01 -2.686088204740690322e-01 -2.371406545100896435e-01 -2.060725781387518774e-01 -1.766857757000173390e-01 -1.495684706618209403e-01 -1.248735048266286785e-01 -1.024968367691406201e-01 -8.219293166016432284e-02 -6.364528293628347877e-02 -4.650704535452801491e-02 -3.042257454081138610e-02 -1.503719283454153961e-02
-6.090439626502045650e-02 -1.163051334163733297e-01 -1.615103708323056830e-01 -1.933587083295306985e-01 -2.108225493707389653e-01 -2.150581172778941730e-01 -2.087688488121179076e-01 -1.952293940609675371e-01 -1.774657520319334603e-01 -1.578351827572438415e-01 -1.379529591868542404e-01 -1.188025579539642995e-01 -1.008994101601951715e-01 -8.444227473618541591e-02 -6.943020591003447317e-02 -5.574443514751617479e-02 -4.320159130855814184e-02 -3.158627535511061846e-02 -2.066958114322644743e-02 -1.021853458225321226e-02
-2.917511525517259632e-02 -5.578906102720514876e-02 -7.766273675861183612e-02 -9.333250312504992596e-02 -1.022879285715548731e-01 -1.049796739479845753e-01 -1.025620469968417658e-01 -9.649464247823839880e-02 -8.818534756743938441e-02 -7.878050446556976449e-02 -6.910138772166790622e-02 -5.967207818792412410e-02 -5.078436669113830376e-02 -4.256598257699229643e-02 -3.503730313768923382e-02 -2.815302713290245701e-02 -2.183037768097643647e-02 -1.596690081753941379e-02 -1.045096074763029147e-02 -5.167372701564175615e-03
