-4.844060082648335951e-03 -9.849950750677299513e-03 -1.518682493385141094e-02 -2.103855467004122834e-02 -2.761092686528158688e-02 -3.513820374822821530e-02 -4.388724832632049516e-02 -5.415577487830168513e-02 -6.625772489718953495e-02 -8.048259106377003702e-02 -9.700573942266318972e-02 -1.157125537012226313e-01 -1.358893502283638199e-01 -1.557668945812305528e-01 -1.720680390689244277e-01 -1.800313444396237639e-01 -1.745066997185807378e-01 -1.520389447149044226e-01 -1.126615256727275666e-01 -6.001598406810940145e-02
-9.526280428825313618e-03 -1.936889415600253489e-02 -2.985880638010316238e-02 -4.135646394115468499e-02 -5.426695225691525321e-02 -6.905466133839066600e-02 -8.625503181736626779e-02 -1.064781405315900070e-01 -1.303924067691836497e-01 -1.586656006784438189e-01 -1.918188094166577984e-01 -2.299084701386615859e-01 -2.718950357429611442e-01 -3.145669769830126694e-01 -3.512511418857349743e-01 -3.714640886657218366e-01 -3.632574812591210511e-01 -3.183409690581290863e-01 -2.366239359136482756e-01 -1.262939602619082557e-01
-1.389213250314519019e-02 -2.824052580621087480e-02 -4.352302410796214660e-02 -6.026154396189352391e-02 -7.904579737640900217e-02 -1.005584656506970098e-01 -1.256000929435523994e-01 -1.551093304691822661e-01 -1.901675321552794562e-01 -2.319628837027833679e-01 -2.816560847151425295e-01 -3.400040577119297081e-01 -4.064184114625568056e-01 -4.769882583885434735e-01 -5.415781900773233293e-01 -5.822259357881801600e-01 -5.769593676160987838e-01 -5.099132931173528949e-01 -3.806287465682287041e-01 -2.037067010393570909e-01
-1.780173263928797045e-02 -3.617803338855501982e-02 -5.573124592138616051e-02 -7.712092137292322902e-02 -1.010962801360893032e-01 -1.285333524720753962e-01 -1.604775497195304046e-01 -1.981914004073022928e-01 -2.432034312257879693e-01 -2.973433057464417995e-01 -3.627086074795159432e-01 -4.413614138045903745e-01 -5.341543007031778201e-01 -6.375736483178570113e-01 -7.382536986280936464e-01 -8.088801337565839633e-01 -8.136064374340565841e-01 -7.256447169327031599e-01 -5.439662111332381755e-01 -2.919552720369861243e-01
-2.113676995655248969e-02 -4.293862483938173241e-02 -6.610303786895355138e-02 -9.139465280483978493e-02 -1.196850942575671956e-01 -1.520011468261772136e-01 -1.895853434050409625e-01 -2.339748745504930116e-01 -2.871061797272964067e-01 -3.514506008685536753e-01 -4.301481480169194738e-01 -5.268966458898685090e-01 -6.446744576182411590e-01 -7.813313374569762493e-01 -9.209366975511886766e-01 -1.026274237041926662e+00 -1.045719397196839928e+00 -9.397608361737391780e-01 -7.067747014792229443e-01 -3.802201915442419700e-01
-2.380671924087823105e-02 -4.833668471981623221e-02 -7.434768290613785746e-02 -1.026696139234997696e-01 -1.342483654579162411e-01 -1.702008275902933410e-01 -2.118877989375047843e-01 -2.610157694591087041e-01 -3.197857814487171657e-01 -3.911142199500248218e-01 -4.789190625797072332e-01 -5.882103952805900482e-01 -7.238105740107532160e-01 -8.850066474556818052e-01 -1.054297598180204076e+00 -1.186923040392547257e+00 -1.218729726179772488e+00 -1.099985065525610484e+00 -8.286721367027959362e-01 -4.463762369672855113e-01
-2.575344491538443178e-02 -5.225371901034724792e-02 -8.028144052504833372e-02 -1.106877989825062331e-01 -1.444379587085249939e-01 -1.826660490771733480e-01 -2.267492039510093094e-01 -2.784134483260218840e-01 -3.398925351701372888e-01 -4.141711550063421621e-01 -5.053148639683904264e-01 -6.186229981580591009e-01 -7.593610045840226697e-01 -9.271659296663214977e-01 -1.104070716277903319e+00 -1.243190634960631646e+00 -1.276858798033893683e+00 -1.152505130918284770e+00 -8.680891439064698512e-01 -4.676026289912090239e-01
-2.695335235565417265e-02 -5.464333592957137942e-02 -8.383658426003297304e-02 -1.153621985885045081e-01 -1.501496852474216437e-01 -1.892762512598338553e-01 -2.340295102209118683e-01 -2.859950370242915763e-01 -3.471840434304428458e-01 -4.202209403384310482e-01 -5.085772006383447730e-01 -6.165976509227204527e-01 -7.482260600545558304e-01 -9.019677092913004346e-01 -1.060488255356316190e+00 -1.181132195554807085e+00 -1.203546076918192487e+00 -1.081251256620052281e+00 -8.125980461159107993e-01 -4.370658735248109661e-01
-2.741663918960542817e-02 -5.552971602229205689e-02 -8.505938266679000104e-02 -1.167747617017550615e-01 -1.515223589442170338e-01 -1.902598037598072500e-01 -2.340975560730079175e-01 -2.843521357577770137e-01 -3.426146735224362416e-01 -4.108339228997357484e-01 -4.913742691347252611e-01 -5.868243101090035996e-01 -6.987597075234612820e-01 -8.238302732716685783e-01 -9.463714453570749585e-01 -1.032311569454857247e+00 -1.035648744714586789e+00 -9.217144832684478484e-01 -6.895744427349709271e-01 -3.697879403292922418e-01
-2.718350773838747528e-02 -5.499952390883296183e-02 -8.409651100007237146e-02 -1.151551410443806822e-01 -1.489052253270679860e-01 -1.861431055802076073e-01 -2.277488268204894695e-01 -2.747006758815025429e-01 -3.280805027053422251e-01 -3.890522052565227873e-01 -4.587596658097971014e-01 -5.379712279505518557e-01 -6.259949354346598938e-01 -7.180420239918362535e-01 -8.009187196061912095e-01 -8.501663204655898198e-01 -8.350668635310700694e-01 -7.333427386928482727e-01 -5.449003085616989095e-01 -2.909263427849171357e-01
-2.631789257508521454e-02 -5.318841781470776825e-02 -8.117202432749885677e-02 -1.108441061991549126e-01 -1.428003587987183853e-01 -1.776586387299593506e-01 -2.160540382859430508e-01 -2.586210027327423555e-01 -3.059506291489390573e-01 -3.584998044046312504e-01 -4.164025001361879585e-01 -4.790735813847913360e-01 -5.443788863631325858e-01 -6.070874157756132039e-01 -6.568223258698405731e-01 -6.772979181475782262e-01 -6.498745667748162536e-01 -5.618390896656133560e-01 -4.138372805400621357e-01 -2.197617395926385886e-01
-2.489968304776407973e-02 -5.026427125278284946e-02 -7.655911088551899113e-02 -1.042489425905108735e-01 -1.337935162094259223e-01 -1.656371327949980876e-01 -2.001877728113963806e-01 -2.377786050564576481e-01 -2.785999050758647400e-01 -3.225813306046106388e-01 -3.691911273844428187e-01 -4.170979643470489329e-01 -4.636211475514456781e-01 -5.039437795282036836e-01 -5.303638080250739906e-01 -5.324975244619174486e-01 -4.996424637478885655e-01 -4.251485381424505161e-01 -3.101512965127943278e-01 -1.637484074981510329e-01
-2.301658075262630332e-02 -4.640990465083805194e-02 -7.055124811940936824e-02 -9.579908391338637363e-02 -1.224876755159563652e-01 -1.509086736243679117e-01 -1.812814050444500613e-01 -2.137058121590171555e-01 -2.480887466675671116e-01 -2.840311117060329571e-01 -3.206593498966982536e-01 -3.563849224505111768e-01 -3.885894627977458660e-01 -4.132935267427536585e-01 -4.250192736080393718e-01 -4.172725874092616527e-01 -3.840468713379987520e-01 -3.220950945379947306e-01 -2.327672415598073252e-01 -1.222048397735908259e-01
-2.075674625583682001e-02 -4.180754535807627154e-02 -6.343692437127194939e-02 -8.590849663264590874e-02 -1.094494773482415223e-01 -1.342285144830946408e-01 -1.603234439355948060e-01 -1.876745710118297994e-01 -2.160181691846236041e-01 -2.447943792096874127e-01 -2.730254935500707192e-01 -2.991679276996192516e-01 -3.209601527556103506e-01 -3.353300278099146658e-01 -3.384907847627015576e-01 -3.264065380622939161e-01 -2.957283697947706291e-01 -2.449969299774820419e-01 -1.755616420186453530e-01 -9.170864728307795422e-02
-1.820288133432026653e-02 -3.662661529290717893e-02 -5.548042452422199261e-02 -7.494853709715879053e-02 -9.517326230010259014e-02 -1.162325237982065607e-01 -1.381093329168681660e-01 -1.606509234386451213e-01 -1.835150633956588173e-01 -2.061027236068700419e-01 -2.274796413399608197e-01 -2.462972898225886664e-01 -2.607378504935133345e-01 -2.685299641985613994e-01 -2.671043650003653291e-01 -2.539587304900065012e-01 -2.272358843238957982e-01 -1.863797839061828443e-01 -1.326080879738856522e-01 -6.897477029909793167e-02
-1.542815826447942532e-02 -3.101562593504322146e-02 -4.690965557556014270e-02 -6.323199572949803060e-02 -8.006258001704613658e-02 -9.741902512347332121e-02 -1.152304839931548169e-01 -1.333047731347761222e-01 -1.512885086748886887e-01 -1.686218781551694357e-01 -1.844930577243414638e-01 -1.978033053125196894e-01 -2.071622296801466090e-01 -2.109422149681893510e-01 -2.074257735384793522e-01 -1.950672951752177586e-01 -1.728496652114801246e-01 -1.406517548015538688e-01 -9.949648014429153531e-02 -5.157123946671782894e-02
-1.249411813627951395e-02 -2.509808208813023994e-02 -3.791062856032158951e-02 -5.100727300362409289e-02 -6.442608279746418753e-02 -7.815055547074122033e-02 -9.208884263058494946e-02 -1.060492075669239725e-01 -1.197123666189633395e-01 -1.326032886882195505e-01 -1.440674597548671221e-01 -1.532606648537258587e-01 -1.591654045373813997e-01 -1.606504349174728008e-01 -1.565881716109827348e-01 -1.460332052156906590e-01 -1.284413553650997353e-01 -1.038787450956350916e-01 -7.315307800252378312e-02 -3.781272421182284293e-02
-9.450227870412577363e-03 -1.897194799499679618e-02 -2.862753889488628758e-02 -3.846044379132582125e-02 -4.848398854797916768e-02 -5.866831297329973965e-02 -6.892515834433846078e-02 -7.909086864725002608e-02 -8.890850858488234809e-02 -9.801149768302225285e-02 -1.059128912217843915e-01 -1.120065297114923447e-01 -1.155882889645515610e-01 -1.159059282663925522e-01 -1.122432381528856715e-01 -1.040359317241030951e-01 -9.100369894709547935e-02 -7.326865533981623269e-02 -5.142424338930383365e-02 -2.652649568254659279e-02
-6.334835985560694285e-03 -1.271193537672821519e-02 -1.916713617283432106e-02 -2.572301365312069585e-02 -3.238118200937987329e-02 -3.911357558967552828e-02 -4.585261273697749385e-02 -5.248061582670091735e-02 -5.881933148975949932e-02 -6.462136475364305133e-02 -6.956612695057748375e-02 -7.326430626802281354e-02 -7.527531759674327416e-02 -7.514178773719244753e-02 -7.244295109015477796e-02 -6.686363282222805571e-02 -5.826888610590055806e-02 -4.676794495080946468e-02 -3.274873402453803289e-02 -1.686898064165118574e-02
-3.177165606547658911e-03 -6.373793074822619448e-03 -9.606059949268616963e-03 -1.288331215902155900e-02 -1.620417597830586462e-02 -1.955221603532833474e-02 -2.289111738238988961e-02 -2.615965134394375446e-02 -2.926688344963964197e-02 -3.208855155149260147e-02 -3.446598279612749643e-02 -3.620928833276126912e-02 -3.710688907828165600e-02 -3.694296056948596918e-02 -3.552316911158497764e-02 -3.270676505069024936e-02 -2.844028574200664974e-02 -2.278549660018710371e-02 -1.593373245344700123e-02 -8.200681882934914013e-03
