-1.060373492282903549e-02 -2.110716087547007472e-02 -3.139332593701130159e-02 -4.131383177848825528e-02 -5.067806239289611436e-02 -5.924914772079645925e-02 -6.674960296188808817e-02 -7.287890210602729346e-02 -7.734323295771469708e-02 -7.989365571430720459e-02 -8.036485656503124242e-02 -7.870371085295262137e-02 -7.497866464923978735e-02 -6.936678888369417206e-02 -6.212309930072957426e-02 -5.354200922093539650e-02 -4.392133657918650264e-02 -3.353617051433607082e-02 -2.262531661194397761e-02 -1.138970226525340065e-02
-2.130778872655976833e-02 -4.243159944202297418e-02 -6.315232317162755571e-02 -8.318393869291150489e-02 -1.021492609010590663e-01 -1.195689240500458633e-01 -1.348703491950978550e-01 -1.474227859257354334e-01 -1.566003748196729273e-01 -1.618665398200108685e-01 -1.628620590709119742e-01 -1.594713084140184645e-01 -1.518441436199841066e-01 -1.403653792906285613e-01 -1.255835885462256440e-01 -1.081235834803645768e-01 -8.860715537892009663e-02 -6.759801460862265021e-02 -4.557538203555502182e-02 -2.293349028919671947e-02
-3.219583635529786603e-02 -6.415913793466200554e-02 -9.560044156895110279e-02 -1.261203381751322961e-01 -1.551660978393677448e-01 -1.820069135927344928e-01 -2.057400677152833868e-01 -2.253415082576306627e-01 -2.397689313290276847e-01 -2.481100648257319186e-01 -2.497454974846448628e-01 -2.444752973812694963e-01 -2.325611998955751381e-01 -2.146669736256655026e-01 -1.917222876530497444e-01 -1.647615502860030334e-01 -1.347856791583945668e-01 -1.026733192045279353e-01 -6.914470815163571704e-02 -3.476886693776964909e-02
-4.331641754244289211e-02 -8.640867712151288627e-02 -1.289699614430290797e-01 -1.705308450341395388e-01 -2.103878463607663507e-01 -2.475525121832263253e-01 -2.807414414147006987e-01 -3.084341964922328594e-01 -3.290236852295834180e-01 -3.410591641581507405e-01 -3.435344230892489747e-01 -3.361230454056302608e-01 -3.192582950091615301e-01 -2.940189660057205279e-01 -2.618770171769435606e-01 -2.244146071500949802e-01 -1.831006876178403742e-01 -1.391648449540009713e-01 -9.356126764353989156e-02 -4.699726753296395998e-02
-5.466115155083194066e-02 -1.091891680527159458e-01 -1.633398556424787706e-01 -2.166452052086372815e-01 -2.683018573308871835e-01 -3.170737488188379305e-01 -3.612387191839948053e-01 -3.986295906227921293e-01 -4.268313652675805869e-01 -4.435669415320939724e-01 -4.472082324797463926e-01 -4.372226917263706825e-01 -4.143290177812643527e-01 -3.802730957853739380e-01 -3.373520269987984044e-01 -2.879190936420547575e-01 -2.340375862712998078e-01 -1.773240848217241539e-01 -1.189382614261919463e-01 -5.965893679295713320e-02
-6.613899267847708763e-02 -1.323469570817430996e-01 -1.985550471400850669e-01 -2.644081970692724881e-01 -3.291004355283116967e-01 -3.912011596619170417e-01 -4.485076797745598531e-01 -4.980079731604083459e-01 -5.360933880060750889e-01 -5.591515603604491069e-01 -5.644893638678143422e-01 -5.512139359052876664e-01 -5.205513646748566314e-01 -4.753871715187213964e-01 -4.193369752560757724e-01 -3.558715492815963111e-01 -2.878063374461237722e-01 -2.171555840735314713e-01 -1.452087683779854088e-01 -7.270021990457661842e-02
-7.754783278880365838e-02 -1.555045795368023287e-01 -2.341251149183306290e-01 -3.133318472656279052e-01 -3.924891245117223537e-01 -4.701166268226580347e-01 -5.435621047381907767e-01 -6.087480558093103511e-01 -6.602792074269372424e-01 -6.923040228796545348e-01 -7.002131930933976900e-01 -6.824477997783127137e-01 -6.411824781210038182e-01 -5.813420037074825686e-01 -5.087204251867118998e-01 -4.284190486840594447e-01 -3.441595918712473945e-01 -2.582829423119187284e-01 -1.720409909097395385e-01 -8.593317585020829319e-02
-8.854773672280207009e-02 -1.779983558451614378e-01 -2.691087585978556018e-01 -3.623033972239640965e-01 -4.573984464888866674e-01 -5.531734248822131050e-01 -6.467383081980703219e-01 -7.327895184486762359e-01 -8.032837946860680312e-01 -8.485581241650917983e-01 -8.604779442480678942e-01 -8.362208417383050207e-01 -7.797715285272718289e-01 -6.997773258945750863e-01 -6.056726721851370954e-01 -5.048935029333055935e-01 -4.021233918689043896e-01 -2.997744953145365376e-01 -1.987389382515832026e-01 -9.899148417175232528e-02
-9.864472110326592824e-02 -1.988322372488185719e-01 -3.020071269918659929e-01 -4.093667267724936942e-01 -5.215818887986379826e-01 -6.382352557707713370e-01 -7.567339867206943627e-01 -8.706064142423295404e-01 -9.680423501221518956e-01 -1.033055107639194947e+00 -1.051204889660974917e+00 -1.017342958948784348e+00 -9.387940475484040093e-01 -8.308078493815184151e-01 -7.087400243082748741e-01 -5.832022958025436798e-01 -4.596327217011467736e-01 -3.399473225583646840e-01 -2.241481238433807310e-01 -1.112937695223017304e-01
-1.071988717030736421e-01 -2.166783408987675574e-01 -3.307169329089077459e-01 -4.515446979881303502e-01 -5.811516326651848807e-01 -7.206681702342404572e-01 -8.687032786667102657e-01 -1.018051774332156878e+00 -1.151978881339333016e+00 -1.244880840542599731e+00 -1.272104639626908229e+00 -1.224643906087695022e+00 -1.115363586212746227e+00 -9.701294643019503505e-01 -8.131395982039606452e-01 -6.589446747535230298e-01 -5.131309292024544000e-01 -3.762135026673801286e-01 -2.466099733138355510e-01 -1.220352317142871790e-01
-1.134723165257623123e-01 -2.299642293596678155e-01 -3.526264303534840661e-01 -4.848572191756654881e-01 -6.303035200195243881e-01 -7.923127747606744098e-01 -9.716746921738210752e-01 -1.161196401013095070e+00 -1.338570339184929070e+00 -1.465795767533363492e+00 -1.504423475375155972e+00 -1.440147968222173391e+00 -1.293441860929305465e+00 -1.104432217896285762e+00 -9.085515690821169832e-01 -7.245728612785338196e-01 -5.573651357268448736e-01 -4.051066343464608810e-01 -2.640357994345489678e-01 -1.302365152266970749e-01
-1.167259710404207618e-01 -2.370774390172106783e-01 -3.649429323754012633e-01 -5.047648005496770951e-01 -6.617764282597438097e-01 -8.416204424881973400e-01 -1.047611304579896485e+00 -1.273178958310972719e+00 -1.491049197114508562e+00 -1.651038814523530629e+00 -1.700714344337595385e+00 -1.620340667972554938e+00 -1.438182223885367428e+00 -1.208768883699210095e+00 -9.784625571313587677e-01 -7.696243989723826617e-01 -5.858427535169574707e-01 -4.226822274190607520e-01 -2.741742342825945200e-01 -1.348735498210794914e-01
-1.163538069266772390e-01 -2.366726427360530960e-01 -3.652624585925202116e-01 -5.071673090599203571e-01 -6.685592048936983556e-01 -8.564841370162565859e-01 -1.075879736186753144e+00 -1.320762060391954318e+00 -1.561141103274703124e+00 -1.739727111593084130e+00 -1.795778822276498765e+00 -1.706315750005817033e+00 -1.504258885958356995e+00 -1.252676712737166076e+00 -1.004267382356850424e+00 -7.832842507156159151e-01 -5.923552868838993790e-01 -4.253891243297987512e-01 -2.750789801689427772e-01 -1.350810016637346012e-01
-1.120162014665055245e-01 -2.279918425489300959e-01 -3.522157200861097404e-01 -4.896848786652163721e-01 -6.464646810547646227e-01 -8.294069927486791283e-01 -1.043212786964847760e+00 -1.281868966984585523e+00 -1.516021528626649850e+00 -1.689900649219769679e+00 -1.744510002367489543e+00 -1.657548032214103406e+00 -1.460963460444413942e+00 -1.216029325026190877e+00 -9.740790163942114610e-01 -7.588955572667932525e-01 -5.732090786536857552e-01 -4.111672560493805917e-01 -2.656382877733228787e-01 -1.303683920354599401e-01
-1.037187683764994595e-01 -2.110579913691702225e-01 -3.258746880081729302e-01 -4.525111996529700420e-01 -5.959651463548644168e-01 -7.614507642420611511e-01 -9.517857704568817301e-01 -1.160449817984770871e+00 -1.361855382902229961e+00 -1.509628162534260243e+00 -1.555634770470345929e+00 -1.481804302613136892e+00 -1.314018605742562018e+00 -1.102375264309214842e+00 -8.897970289003803712e-01 -6.973625818570872159e-01 -5.287959194645712735e-01 -3.801716310259680154e-01 -2.459067035317888117e-01 -1.207513324557982076e-01
-9.180058401160083592e-02 -1.866431597043681501e-01 -2.876782990245549398e-01 -3.982440671290858325e-01 -5.218078336217037982e-01 -6.613824308251222694e-01 -8.174404836985966760e-01 -9.831805856961416401e-01 -1.138541613326502056e+00 -1.250043368107672137e+00 -1.284154202665676037e+00 -1.228449105106542483e+00 -1.100711121212560206e+00 -9.359792950954229918e-01 -7.655555568650211917e-01 -6.064164578324521271e-01 -4.632639926507688966e-01 -3.346274358407037020e-01 -2.170424858645824684e-01 -1.067280912313643693e-01
-7.684025003861369441e-02 -1.560338175931131610e-01 -2.399317350095964418e-01 -3.308272194045183690e-01 -4.307458131447647887e-01 -5.408383840357896544e-01 -6.598966826346526204e-01 -7.816002689807679538e-01 -8.915959550257692712e-01 -9.683125291576970550e-01 -9.912090227122681840e-01 -9.528183462595941622e-01 -8.638105089660618185e-01 -7.457696235451756195e-01 -6.191369322209541171e-01 -4.964354627297981049e-01 -3.825694778700265974e-01 -2.779276277377282778e-01 -1.808950189648841633e-01 -8.911736478284483509e-02
-5.952652331799514890e-02 -1.207193176177512317e-01 -1.851794585064738541e-01 -2.543240195454689045e-01 -3.291373323531608941e-01 -4.096650514412312205e-01 -4.940753631108837918e-01 -5.772727537165124323e-01 -6.498064057280615868e-01 -6.989255611120940292e-01 -7.131813511575456621e-01 -6.885072258174375071e-01 -6.306968209257216573e-01 -5.518570110473248747e-01 -4.642482350113865119e-01 -3.763487700077025044e-01 -2.923813595736122761e-01 -2.135752070635904276e-01 -1.394872960130528750e-01 -6.884584426230465348e-02
-4.054651009494972952e-02 -8.213720210044073156e-02 -1.257401889194686151e-01 -1.721320850908798217e-01 -2.216967710874702124e-01 -2.740836321752711524e-01 -3.276878883529011910e-01 -3.790430017639938032e-01 -4.225480642488961824e-01 -4.513007927396285868e-01 -4.594366940229540619e-01 -4.449193735586997600e-01 -4.106379717287747533e-01 -3.628297808771869248e-01 -3.082165051773739228e-01 -2.519288111705537125e-01 -1.969468528708812338e-01 -1.444908331412716185e-01 -9.463144937825571090e-02 -4.677853628263875518e-02
-2.052230874689662393e-02 -4.154272941000440589e-02 -6.351139696834387505e-02 -8.676255364730701969e-02 -1.114058562041363859e-01 -1.371589705221482325e-01 -1.631235464216489184e-01 -1.875699940670419452e-01 -2.079149931264012430e-01 -2.211558232912823330e-01 -2.248381154276735683e-01 -2.181233475502676877e-01 -2.021964097595454202e-01 -1.796777160199665158e-01 -1.535158949245070958e-01 -1.261070393866057238e-01 -9.896603169005564749e-02 -7.280654651720441795e-02 -4.776871783382608677e-02 -2.363681853525946563e-02
