-2.196986435739447727e-03 -4.375236755542161182e-03 -6.513995907407177897e-03 -8.588648663796027635e-03 -1.056922903210927821e-02 -1.241948754762885708e-02 -1.409670407266046081e-02 -1.555243097246862723e-02 -1.673428090855380926e-02 -1.758877046043240411e-02 -1.806507136365758867e-02 -1.811934375061787297e-02 -1.771916093490409627e-02 -1.684744964789651467e-02 -1.550538927714365314e-02 -1.371387793022757311e-02 -1.151341018574322979e-02 -8.962489629389662482e-03 -6.134897352869856865e-03 -3.116217959503472454e-03
-4.412709554678138392e-03 -8.789964002826354539e-03 -1.309209949332082457e-02 -1.727136988011691160e-02 -2.126878057225208354e-02 -2.501201747472741807e-02 -2.841489828088606881e-02 -3.137873929205256540e-02 -3.379592285407226337e-02 -3.555573003119586600e-02 -3.655217208036246751e-02 -3.669314312913482534e-02 -3.590985137570305852e-02 -3.416524867972623586e-02 -3.146023085425343063e-02 -2.783671347721345182e-02 -2.337727403791902206e-02 -1.820165307429926285e-02 -1.246088173445929204e-02 -6.329975502254720290e-03
-6.663886725119081908e-03 -1.327981046634633261e-02 -1.979306630221603497e-02 -2.613594998122231033e-02 -3.222250517374800755e-02 -3.794490259072873933e-02 -4.317213154363046951e-02 -4.775170440835188601e-02 -5.151493941441211144e-02 -5.428605371261321227e-02 -5.589474225356183545e-02 -5.619120415479226388e-02 -5.506185098599456623e-02 -5.244346235473136553e-02 -4.833357063685311122e-02 -4.279547105263777768e-02 -3.595731997833832155e-02 -2.800596616221511306e-02 -1.917700210920385978e-02 -9.742801616579643831e-03
-8.963027375919951564e-03 -1.787232303899150346e-02 -2.666440446413141652e-02 -3.525685612584524009e-02 -4.354038459369926478e-02 -5.137295321728030384e-02 -5.857701689498699682e-02 -6.494100243672100425e-02 -7.022607243914322228e-02 -7.417879826239436036e-02 -7.654953460634393581e-02 -7.711507607446357881e-02 -7.570288183771353707e-02 -7.221317440186013348e-02 -6.663511513576655942e-02 -5.905427654156522599e-02 -4.965056623027942068e-02 -3.868788795746492398e-02 -2.649835677763365954e-02 -1.346422844659510981e-02
-1.131589830517630221e-02 -2.258204781755115617e-02 -3.373536919564436298e-02 -4.468668079461480397e-02 -5.530921956834957548e-02 -6.542950277664738579e-02 -7.482197402810944475e-02 -8.320920998927526513e-02 -9.026954190126434963e-02 -9.565352589765359348e-02 -9.900951491283377370e-02 -1.000166767212019719e-01 -9.842141921334103538e-02 -9.407123164438889462e-02 -8.693943187094790859e-02 -7.713594904601915603e-02 -6.490277476472566809e-02 -5.059665924903745254e-02 -3.466430516320345018e-02 -1.761575376091565129e-02
-1.371851716563507462e-02 -2.740459916133258095e-02 -4.100834070509593726e-02 -5.444527467379145502e-02 -6.758030545665413835e-02 -8.021385921254868545e-02 -9.207216166888114450e-02 -1.028043146240943673e-01 -1.119893537137134770e-01 -1.191562412750951511e-01 -1.238183164496469563e-01 -1.255206911964917293e-01 -1.238948805509587220e-01 -1.187108956269819215e-01 -1.099154267499190402e-01 -9.764730778898167429e-02 -8.222792173525057813e-02 -6.413166498244010638e-02 -4.394644919062183630e-02 -2.233447950304225105e-02
-1.615357128060393790e-02 -3.230948908909943990e-02 -4.844811743020863842e-02 -6.450576824716323932e-02 -8.035286372558335388e-02 -9.577346318959907567e-02 -1.104484933724596968e-01 -1.239465284841811954e-01 -1.357273105121236945e-01 -1.451637643946967760e-01 -1.515868128273622495e-01 -1.543528867024245299e-01 -1.529265111524307774e-01 -1.469620390816278044e-01 -1.363640670778817066e-01 -1.213099306173550940e-01 -1.022299359706599076e-01 -7.975562843869413165e-02 -5.465534466235700412e-02 -2.777571451986280554e-02
-1.858627752563802443e-02 -3.723166700479097618e-02 -5.596886869602768488e-02 -7.477681246962254724e-02 -9.355191540895403668e-02 -1.120786312799428447e-01 -1.300018165699182437e-01 -1.468059900204256030e-01 -1.618095903422334392e-01 -1.741846863091788267e-01 -1.830122784710281891e-01 -1.873775245397509004e-01 -1.864962324705179142e-01 -1.798466762253929929e-01 -1.672688667777705862e-01 -1.489984083851245145e-01 -1.256262607421171074e-01 -9.800556676725481753e-02 -6.714358550638908907e-02 -3.411303318381134209e-02
-2.095987171387755921e-02 -4.206203064059833852e-02 -6.341887432454414164e-02 -8.508069417522647060e-02 -1.069993470720502909e-01 -1.289873247616227792e-01 -1.506741445772065147e-01 -1.714660161671776595e-01 -1.905203649272100841e-01 -2.067530994793946031e-01 -2.189000714126872194e-01 -2.256486766835472113e-01 -2.258341845120058755e-01 -2.186595335094962400e-01 -2.038662864511694706e-01 -1.817885561264744876e-01 -1.532711215406156180e-01 -1.194967865493740122e-01 -8.180039459300410265e-02 -4.153283125976705431e-02
-2.319117705092944154e-02 -4.663770710563661798e-02 -7.056389951431996099e-02 -9.512773493213204368e-02 -1.203774479859646973e-01 -1.461971674956452916e-01 -1.722414115394148848e-01 -1.978635519383827035e-01 -2.220527237808710419e-01 -2.434072014429197461e-01 -2.601860647925215431e-01 -2.704826181825552567e-01 -2.725318612815756936e-01 -2.650905137987882854e-01 -2.477477996677289740e-01 -2.210181628209441917e-01 -1.861727634452201852e-01 -1.449100185698065923e-01 -9.902836038386510220e-02 -5.021789313734594667e-02
-2.516712881629817877e-02 -5.073371860466521083e-02 -7.707127719991700709e-02 -1.044888931433552159e-01 -1.331855350559762730e-01 -1.631824772730341988e-01 -1.942307641182202393e-01 -2.256939879102758117e-01 -2.564195125269182474e-01 -2.846360714837384287e-01 -3.079522701658932160e-01 -3.235599138014438880e-01 -3.287144584792854873e-01 -3.214167015778883751e-01 -3.010111590159248451e-01 -2.683603609155268965e-01 -2.254902461939814473e-01 -1.749416222362154827e-01 -1.191849848571949894e-01 -6.031034910623859352e-02
-2.674361879950716558e-02 -5.405875923474121048e-02 -8.249859403529512247e-02 -1.125710194891202665e-01 -1.446933145938633924e-01 -1.791164217955224791e-01 -2.158050698022245528e-01 -2.542615239815566586e-01 -2.932926953793767999e-01 -3.307568518081399067e-01 -3.634059646066664651e-01 -3.870504715517238958e-01 -3.972922475165387435e-01 -3.907886077095097943e-01 -3.664686393456026425e-01 -3.258899383821607376e-01 -2.724711174701960337e-01 -2.101758096003165655e-01 -1.424581294569733647e-01 -7.183821183930173826e-02
-2.774858628522964762e-02 -5.625910362940252790e-02 -8.629331662211510434e-02 -1.186032709295997273e-01 -1.539002671107434772e-01 -1.927847164520287149e-01 -2.356107753827615392e-01 -2.822498213881773910e-01 -3.317132719729083967e-01 -3.816281180555908814e-01 -4.277032029163292948e-01 -4.636391524903594186e-01 -4.821787429703311423e-01 -4.775022254018653767e-01 -4.477938382768013592e-01 -3.960154417741551525e-01 -3.282128687432243064e-01 -2.507908820087181301e-01 -1.686222233897528011e-01 -8.458204116167952757e-02
-2.799162244694154006e-02 -5.693574985152297790e-02 -8.781229486860539502e-02 -1.216484712138357210e-01 -1.595197003197466601e-01 -2.025107902030381102e-01 -2.515989157796288400e-01 -3.073875156595416436e-01 -3.695687429671672408e-01 -4.359649061997005748e-01 -5.012058881524468212e-01 -5.558583277813489154e-01 -5.877496510142564690e-01 -5.864962583287077758e-01 -5.489222615487604484e-01 -4.807494719374527659e-01 -3.929038430753895028e-01 -2.959121119264319644e-01 -1.965924089921292639e-01 -9.785423499242192069e-02
-2.728215196614387772e-02 -5.567997657520517424e-02 -8.637163599318335716e-02 -1.206585929392970102e-01 -1.600190004632021101e-01 -2.061371624953877713e-01 -2.608664812811896661e-01 -3.260174894970992998e-01 -4.027095880628040470e-01 -4.898122824126039943e-01 -5.811939600773377013e-01 -6.630783796759383009e-01 -7.153395244824468646e-01 -7.197193891273285793e-01 -6.706878918852615667e-01 -5.789351543078452567e-01 -4.637957176865027398e-01 -3.423043642179904866e-01 -2.236935312643516249e-01 -1.101831932022087762e-01
-2.545700867222104938e-02 -5.213036557476306149e-02 -8.133567324078933014e-02 -1.145951915468019083e-01 -1.537596519953899343e-01 -2.011435122454709457e-01 -2.596454128572415199e-01 -3.327229729899381927e-01 -4.237752337388570600e-01 -5.339020302258679074e-01 -6.570103960889829287e-01 -7.740699096103942356e-01 -8.537472986649572437e-01 -8.660732577969290080e-01 -8.019895843114783762e-01 -6.797827992180458523e-01 -5.312281142142502022e-01 -3.822950686563701961e-01 -2.447362894612845619e-01 -1.189874732063116725e-01
-2.241551616396407140e-02 -4.604880204688378137e-02 -7.224548677863062984e-02 -1.026266736642448413e-01 -1.392786550379405686e-01 -1.850094447164398748e-01 -2.436796424866382316e-01 -3.204855754765874032e-01 -4.215627412467812252e-01 -5.511750161646975510e-01 -7.043576692754609514e-01 -8.571600809568505897e-01 -9.659104210875708585e-01 -9.871161820586258351e-01 -9.076119191594316238e-01 -7.546422136602041197e-01 -5.742621834322481078e-01 -4.020198686528084764e-01 -2.515501883955340023e-01 -1.205315831613303773e-01
-1.815625367795067890e-02 -3.740383791147257331e-02 -5.897077812229917226e-02 -8.438703176527369287e-02 -1.157145512402678600e-01 -1.558931387199753438e-01 -2.092545456000370341e-01 -2.821235649521976474e-01 -3.827681955970646532e-01 -5.183929457892914039e-01 -6.860074161257837533e-01 -8.593302779146706483e-01 -9.864473317866951918e-01 -1.014145624916042543e+00 -9.262767988252103013e-01 -7.567250015201607560e-01 -5.617285732222748740e-01 -3.829507916331355566e-01 -2.342825271659383646e-01 -1.106337682891815333e-01
-1.280566070520393861e-02 -2.643951506421778411e-02 -4.184672765075107131e-02 -6.023564769157476601e-02 -8.329314141001330218e-02 -1.135318634959404382e-01 -1.548522638482059399e-01 -2.132964498990794766e-01 -2.973163709548044542e-01 -4.151884435331795742e-01 -5.660613325142787033e-01 -7.263555830512594680e-01 -8.464028635764642150e-01 -8.741730388410809960e-01 -7.938301450498381762e-01 -6.388681134449845089e-01 -4.641492671408599668e-01 -3.090721615040089576e-01 -1.852759208432641080e-01 -8.633527702055340813e-02
-6.626873160773765967e-03 -1.370183212710732699e-02 -2.174093795660002673e-02 -3.141516628525982402e-02 -4.368364293454300024e-02 -6.002054262709377586e-02 -8.280965539476149717e-02 -1.159350845181035816e-01 -1.651672071325425428e-01 -2.367061156525463450e-01 -3.312151486473361439e-01 -4.341372544309819448e-01 -5.126284212755097824e-01 -5.314799322678822602e-01 -4.799224713147035581e-01 -3.808414325385694466e-01 -2.712166326350586298e-01 -1.767419676621139191e-01 -1.040221597352653515e-01 -4.790712553154435893e-02
