-1.891335612182458437e-03 -3.782410529087912743e-03 -5.670895908221962496e-03 -7.550347949483757898e-03 -9.408154063512856602e-03 -1.122360682642043958e-02 -1.296617711968272961e-02 -1.459422630896244077e-02 -1.605446377518900472e-02 -1.728245083658933381e-02 -1.820466348737783888e-02 -1.874231655990117595e-02 -1.881728607607752873e-02 -1.835986470642878357e-02 -1.731787729623868524e-02 -1.566604774178925741e-02 -1.341414586999780355e-02 -1.061230389522613803e-02 -7.352040923881574333e-03 -3.762221715794923822e-03
-3.782928975964382733e-03 -7.567397376774692187e-03 -1.135082047981273053e-02 -1.512233143259909991e-02 -1.885865721507477485e-02 -2.252009386077225700e-02 -2.604686418918557289e-02 -2.935626495599074140e-02 -3.234115709117858783e-02 -3.487067063051744326e-02 -3.679386154627758976e-02 -3.794730032044485446e-02 -3.816694214653309353e-02 -3.730427442297498675e-02 -3.524558218353245759e-02 -3.193214979583957475e-02 -2.737822082217311603e-02 -2.168301817068065199e-02 -1.503363211411411042e-02 -7.696842746054624075e-03
-5.672971806555121912e-03 -1.135341995896607843e-02 -1.704263873628927839e-02 -2.272948984871151629e-02 -2.838403831643901074e-02 -3.395123083043874446e-02 -3.934491421029314567e-02 -4.444278604403403832e-02 -4.908321954774105822e-02 -5.306517987462192054e-02 -5.615279053680113236e-02 -5.808604861528565699e-02 -5.859887819406536802e-02 -5.744468459084625667e-02 -5.442799961630657296e-02 -4.943872934894828763e-02 -4.248354957927932135e-02 -3.370790258113995352e-02 -2.340261833173186423e-02 -1.199151317767009270e-02
-7.555532183923168582e-03 -1.513065629826734239e-02 -2.273681133972102128e-02 -3.036893290573056819e-02 -3.799675209550404387e-02 -4.555585432057140255e-02 -5.293874316925564760e-02 -5.998671837812775964e-02 -6.648372105127128839e-02 -7.215400755709064362e-02 -7.666603644645930693e-02 -7.964519284554436029e-02 -8.069780824389402585e-02 -7.944756138422046088e-02 -7.558297974960558052e-02 -6.891119926770332416e-02 -5.940932549207621205e-02 -4.726241332925284339e-02 -3.287741660341293726e-02 -1.686659023682412009e-02
-9.418495498502087518e-03 -1.887684921298097077e-02 -2.840500648972041353e-02 -3.801265077042416396e-02 -4.767815809286773260e-02 -5.733664839105308969e-02 -6.686744500770085142e-02 -7.608158521872131208e-02 -8.471089551007060514e-02 -9.240105974656231957e-02 -9.871211414254747740e-02 -1.031308434490055825e-01 -1.050995749026406578e-01 -1.040647452764249803e-01 -9.954514290623422967e-02 -9.121373465594155572e-02 -7.898012407964478954e-02 -6.305499011272688858e-02 -4.397804060904859230e-02 -2.259742864297882917e-02
-1.124159284701597462e-02 -2.255323385172840547e-02 -3.399369321274777617e-02 -4.559848749431383297e-02 -5.736653721244299592e-02 -6.924508979570929978e-02 -8.111275098722918464e-02 -9.276122632062656914e-02 -1.038771732090455202e-01 -1.140271670801014103e-01 -1.226504641585387800e-01 -1.290664468403696086e-01 -1.325048510875641572e-01 -1.321666769685648224e-01 -1.273190683688311675e-01 -1.174184451471125129e-01 -1.022424070119002104e-01 -8.199936369536062197e-02 -5.738231467172096034e-02 -2.954508288834060969e-02
-1.299463547616097094e-02 -2.610078046593416676e-02 -3.941802922833836237e-02 -5.302103390241495046e-02 -6.694437500634649318e-02 -8.116436306453232719e-02 -9.557719024786222317e-02 -1.099733387625558140e-01 -1.240093563810446414e-01 -1.371799066781665688e-01 -1.487960737354600826e-01 -1.579795513728045053e-01 -1.636866611971878605e-01 -1.647779840176887833e-01 -1.601459665527731613e-01 -1.488985130502497589e-01 -1.305716451462392014e-01 -1.053177048250274611e-01 -7.400675383573092347e-02 -3.820058354089375663e-02
-1.463615062512588043e-02 -2.943720487415581524e-02 -4.455658078120149079e-02 -6.012321385160121490e-02 -7.622552042055850963e-02 -9.289074490967931530e-02 -1.100582441712840143e-01 -1.275455352264653341e-01 -1.450069417628764290e-01 -1.618869744055261017e-01 -1.773742821603993269e-01 -1.903689491125601374e-01 -1.994841667138710362e-01 -2.031125402795677659e-01 -1.995881716831004182e-01 -1.874578195500530564e-01 -1.658277639500007616e-01 -1.346928914587414983e-01 -9.512630983773896765e-02 -4.925044962193365905e-02
-1.611274207772444428e-02 -3.245527396331713416e-02 -4.924784238546185688e-02 -6.668969018340800692e-02 -8.494369967668129184e-02 -1.041147889378081087e-01 -1.242194516412409577e-01 -1.451435420991801228e-01 -1.665858602095209862e-01 -1.879866829555290608e-01 -2.084450531906172632e-01 -2.266376531229419566e-01 -2.407682626189011910e-01 -2.485992661666547032e-01 -2.476352229418642137e-01 -2.355150578504708325e-01 -2.105865802423756705e-01 -1.724978692793823765e-01 -1.225538348109244252e-01 -6.367422526351775025e-02
-1.735951253630623609e-02 -3.502327488308518144e-02 -5.328979259078291120e-02 -7.244397511061310968e-02 -9.274475616789025489e-02 -1.144052010827420196e-01 -1.375611521000335846e-01 -1.622232670505297514e-01 -1.882062074211635350e-01 -2.150287632590143494e-01 -2.417813948519125511e-01 -2.669676740090445310e-01 -2.883497666027367012e-01 -3.028750935769470853e-01 -3.068260464604101734e-01 -2.963610583548044741e-01 -2.684821576893384742e-01 -2.221368226559522485e-01 -1.589022081210936244e-01 -8.288492509572417677e-02
-1.830200646306901630e-02 -3.698847888409774465e-02 -5.644405203743167038e-02 -7.705163847977483660e-02 -9.918610577610817436e-02 -1.232000296188338062e-01 -1.493966104038249032e-01 -1.779820796014409401e-01 -2.089868604456847911e-01 -2.421405318197561440e-01 -2.766829606493419469e-01 -3.110967494516183596e-01 -3.427696360395831032e-01 -3.676746816791032768e-01 -3.803271386831105771e-01 -3.744535513857385478e-01 -3.446431637727588870e-01 -2.884820630105323080e-01 -2.079070038919649810e-01 -1.088972286280484869e-01
-1.885999725085254347e-02 -3.818454919721091939e-02 -5.844627035734852732e-02 -8.013241042897194244e-02 -1.037479522342513172e-01 -1.298121373112932075e-01 -1.588430794998825224e-01 -1.913214968579806663e-01 -2.276184364487220113e-01 -2.678624014844477319e-01 -3.117062577284867020e-01 -3.579338381117585510e-01 -4.038379691870085386e-01 -4.443979329705078363e-01 -4.716669458294011075e-01 -4.753940617718586670e-01 -4.458474062264285998e-01 -3.780510783177685186e-01 -2.745252354388128535e-01 -1.443673846397254268e-01
-1.895339937639168443e-02 -3.844340762236964082e-02 -5.902405230191776209e-02 -8.128376628345729271e-02 -1.058611243878252589e-01 -1.334574026292084381e-01 -1.648419786573423751e-01 -2.008422489417092116e-01 -2.423022906324892034e-01 -2.899789873512298444e-01 -3.443120395621339092e-01 -4.049324819677725951e-01 -4.696620844268933337e-01 -5.327901912655773620e-01 -5.831593420314340470e-01 -6.042391955637611556e-01 -5.788538131918362639e-01 -4.974804133867176681e-01 -3.637254293864923826e-01 -1.919285290162996704e-01
-1.851015240933312836e-02 -3.761158596735603848e-02 -5.792274262544685332e-02 -8.011747493006741994e-02 -1.049553359184720036e-01 -1.333143080871495578e-01 -1.662250712503270111e-01 -2.049029495110406274e-01 -2.507670587572781162e-01 -3.054192649613803323e-01 -3.705042975101232039e-01 -4.472171304557036597e-01 -5.348883155361966457e-01 -6.278784104718245773e-01 -7.112709469318208022e-01 -7.594784057325069115e-01 -7.437457915877960790e-01 -6.473507697825269247e-01 -4.758274066452981566e-01 -2.517015792735072255e-01
-1.747558189870344544e-02 -3.556999620596081046e-02 -5.493783652237445997e-02 -7.630804834506803302e-02 -1.005284114482643126e-01 -1.286193492071823763e-01 -1.618409214559417553e-01 -2.017767380349183015e-01 -2.504369285278008617e-01 -3.103702167708159987e-01 -3.847114696793539901e-01 -4.768295511169806655e-01 -5.885631951864999101e-01 -7.153829855015642059e-01 -8.386632046256995432e-01 -9.217801992395807664e-01 -9.209987775737200622e-01 -8.101744617491849487e-01 -5.976277692116287454e-01 -3.166075146367667847e-01
-1.582213870573372441e-02 -3.225493425047789436e-02 -4.995053884208064399e-02 -6.964847052779245262e-02 -9.223088268967320758e-02 -1.187936959759982453e-01 -1.507423543190371806e-01 -1.899247810920115520e-01 -2.388191393931540507e-01 -3.007919289826385123e-01 -3.803743709039051346e-01 -4.831449111630710669e-01 -6.137637934161050968e-01 -7.695193437856094887e-01 -9.290905117403415181e-01 -1.045798829978625610e+00 -1.061572741638164841e+00 -9.411590685720094829e-01 -6.957371129950646882e-01 -3.688899690063229264e-01
-1.355800201636747464e-02 -2.767702234031011246e-02 -4.296090092381919107e-02 -6.010440904298929715e-02 -7.995293667009135963e-02 -1.035821328246733369e-01 -1.324097970314997985e-01 -1.683586887907406737e-01 -2.140992321684819788e-01 -2.734064905012785762e-01 -3.515995122080312618e-01 -4.556169834577486477e-01 -5.920264273032714852e-01 -7.597392860143602489e-01 -9.367847302912735152e-01 -1.071790763071960972e+00 -1.099411612422425577e+00 -9.796597829134300328e-01 -7.251903959424524926e-01 -3.847086232823079821e-01
-1.073281564186443458e-02 -2.193422027695241666e-02 -3.411161965178331062e-02 -4.785533447088550357e-02 -6.389430052663834514e-02 -8.317205075050185248e-02 -1.069557633859698070e-01 -1.369982509786135949e-01 -1.757833808042002788e-01 -2.268915333179365446e-01 -2.954576285229657540e-01 -3.882969214552649539e-01 -5.120739673772617406e-01 -6.664376888674480304e-01 -8.314815662426049414e-01 -9.595684867775554627e-01 -9.896947449171210609e-01 -8.844037358111638270e-01 -6.553943544764417872e-01 -3.478448288098804353e-01
-7.439016491871035773e-03 -1.521539813014181897e-02 -2.369601752089978489e-02 -3.331100857943505855e-02 -4.459687180119278199e-02 -5.825595862906684380e-02 -7.524273528249941778e-02 -9.689265264256717580e-02 -1.251171644864367272e-01 -1.626905313115043494e-01 -2.135991038660166874e-01 -2.831144576881532982e-01 -3.763524387040566577e-01 -4.930342041960769084e-01 -6.180609355259598647e-01 -7.154891945409562748e-01 -7.394182871720331729e-01 -6.616433838159447856e-01 -4.907813088271208990e-01 -2.605942553071263212e-01
-3.807836409998338438e-03 -7.792320268182665460e-03 -1.214603871548737904e-02 -1.709581389884794189e-02 -2.292620947563814293e-02 -3.001214883130544700e-02 -3.886641134304499867e-02 -5.021068037382685895e-02 -6.508270152479356252e-02 -8.499253623730537721e-02 -1.121099160795235306e-01 -1.492974715307276434e-01 -1.993243248734885009e-01 -2.620423437861710836e-01 -3.293320676027887139e-01 -3.818908164499917324e-01 -3.950851360934814482e-01 -3.537685572902397602e-01 -2.625245743598105808e-01 -1.394266766813020697e-01
