-5.265149331174125667e-03 -1.038587384817502186e-02 -1.522081375853007006e-02 -1.963534219950165485e-02 -2.350621503853432895e-02 -2.672714594700392049e-02 -2.921473284478983551e-02 -3.091378337795321063e-02 -3.180087937211624471e-02 -3.188523108251244825e-02 -3.120636439155815081e-02 -2.982889013110312515e-02 -2.783520857770512003e-02 -2.531739888486763887e-02 -2.236954065382779425e-02 -1.908139091431991854e-02 -1.553406146005311197e-02 -1.179778435333424420e-02 -7.931661095391236149e-03 -3.985013191401520424e-03
-1.067472454899078861e-02 -2.105753277268018753e-02 -3.086202858542389654e-02 -3.981431620668711424e-02 -4.766235188800067857e-02 -5.418761943420796062e-02 -5.921800276398328511e-02 -6.263952415053972156e-02 -6.440450621414962884e-02 -6.453368542672330288e-02 -6.311134132229936911e-02 -6.027399272489009779e-02 -5.619454181318637997e-02 -5.106484552972935520e-02 -4.507936095025050216e-02 -3.842194689950880621e-02 -3.125705983245687103e-02 -2.372542636006204353e-02 -1.594385335744782223e-02 -8.008407819917705284e-03
-1.637622569542370593e-02 -3.230750934206779584e-02 -4.735544899699393323e-02 -6.109753039286659748e-02 -7.314123572248015792e-02 -8.314298950550767786e-02 -9.083014207061507195e-02 -9.602183971981288757e-02 -9.864397120479241610e-02 -9.873367681332793910e-02 -9.643135716066451868e-02 -9.196121278040944591e-02 -8.560413319414736377e-02 -7.766809725805669251e-02 -6.846110208069321190e-02 -5.826997176025838082e-02 -4.734681363433103363e-02 -3.590301722350913022e-02 -2.410994813152914432e-02 -1.210477803060768485e-02
-2.252269036102622080e-02 -4.444085832294499688e-02 -6.515473816609933244e-02 -8.407913718529302916e-02 -1.006620716576618058e-01 -1.144129908417214209e-01 -1.249377719741196491e-01 -1.319737658232593702e-01 -1.354159016653072867e-01 -1.353257251576797660e-01 -1.319192231309295193e-01 -1.255354174314290139e-01 -1.165927247281654394e-01 -1.055423531742726989e-01 -9.282699726194719447e-02 -7.885004348379680283e-02 -6.395721582717059372e-02 -4.842990539183474052e-02 -3.248817135135475404e-02 -1.630077740019442861e-02
-2.927370496604840555e-02 -5.777854861826288435e-02 -8.474354888828032617e-02 -1.094022458693383465e-01 -1.310149769355930804e-01 -1.489091914857101073e-01 -1.625342754020552283e-01 -1.715196224142552239e-01 -1.757202071732884563e-01 -1.752341415230025679e-01 -1.703844401904124339e-01 -1.616685689459893827e-01 -1.496890691236625881e-01 -1.350816651411129166e-01 -1.184545446480732983e-01 -1.003460292437836215e-01 -8.120212429865739101e-02 -6.137124803028970454e-02 -4.111207985603463483e-02 -2.061018255013679149e-02
-3.679360582129977131e-02 -7.265611348281778015e-02 -1.066386860674040926e-01 -1.377713628797810619e-01 -1.650864139868979397e-01 -1.876745869057327987e-01 -2.047705758689531419e-01 -2.158502969791835646e-01 -2.207112016959177081e-01 -2.195062316593875684e-01 -2.127158565400558143e-01 -2.010654071734773729e-01 -1.854133815258443563e-01 -1.666407684860414795e-01 -1.455635380732761275e-01 -1.228774533900347937e-01 -9.913402342266394718e-02 -7.474089935575926880e-02 -4.997874169726961718e-02 -2.502787215142639882e-02
-4.524461324512912136e-02 -8.941366292188869525e-02 -1.313837419490635483e-01 -1.699581431092839490e-01 -2.038847839703986642e-01 -2.319322178017388103e-01 -2.530232182427614163e-01 -2.663998489425102867e-01 -2.717681139123012124e-01 -2.693637658076818986e-01 -2.599073911030420070e-01 -2.444638835621945894e-01 -2.242583488426492244e-01 -2.005045583335877402e-01 -1.742814436772258946e-01 -1.464662505983221341e-01 -1.177156469271908729e-01 -8.847960429507399638e-02 -5.903411905974217944e-02 -2.952257605703847293e-02
-5.477118988072128547e-02 -1.083701849301682008e-01 -1.595244610722808820e-01 -2.067926674252667518e-01 -2.485623298802236703e-01 -2.831462287715420523e-01 -3.089901468722896505e-01 -3.249576670904927855e-01 -3.305975374886389040e-01 -3.262732921127465824e-01 -3.130860450075111934e-01 -2.926244347631211662e-01 -2.666516218896188284e-01 -2.368377215022745841e-01 -2.045914639371941290e-01 -1.709905026376294102e-01 -1.367827283387761383e-01 -1.024277823508629309e-01 -6.815556640324776927e-02 -3.402832254832725140e-02
-6.546997543325433488e-02 -1.297714383227993595e-01 -1.915512318819783677e-01 -2.491255650295059187e-01 -3.004251234321480002e-01 -3.430990907173814275e-01 -3.748316234021180082e-01 -3.938409142970868415e-01 -3.993890595682641487e-01 -3.920444460880496140e-01 -3.735384079756666753e-01 -3.462959742522158102e-01 -3.128859634353285402e-01 -2.756032837972947624e-01 -2.362562397611416842e-01 -1.961216072939800936e-01 -1.559970451260020707e-01 -1.162932604385484014e-01 -7.713206523915612511e-02 -3.843516316589620785e-02
-7.733725628491359971e-02 -1.536942486433805766e-01 -2.277828487684758485e-01 -2.977309482092905246e-01 -3.609071127075176300e-01 -4.139799496731969009e-01 -4.533749443335109985e-01 -4.761595397439328248e-01 -4.810497991399876883e-01 -4.689607996046760152e-01 -4.427186767131874312e-01 -4.061317853779364828e-01 -3.629920196323359605e-01 -3.164330334465520478e-01 -2.687086210685962762e-01 -2.212427050332758938e-01 -1.747906440193083000e-01 -1.296162122303736175e-01 -8.564430796362558496e-02 -4.258027722159262590e-02
-9.018466069325704881e-02 -1.798843470501213238e-01 -2.681496367134401093e-01 -3.530885956785061452e-01 -4.314379303255115317e-01 -4.984243086974820547e-01 -5.483468875063067793e-01 -5.761535063187526173e-01 -5.794898225558500204e-01 -5.598918831802203178e-01 -5.221711525863128589e-01 -4.724916549568279334e-01 -4.165086633376908209e-01 -3.584262766483304885e-01 -3.009022264374192068e-01 -2.453499653510889944e-01 -1.923066798060958649e-01 -1.417366861544740175e-01 -9.324870241606907084e-02 -4.624164374843369590e-02
-1.035159216940551158e-01 -2.075016380566956642e-01 -3.118080396813891486e-01 -4.149091003733865191e-01 -5.129810237476849499e-01 -5.991972516960626383e-01 -6.642663093077142422e-01 -6.992101633925977833e-01 -6.995786591570722912e-01 -6.680559566170155561e-01 -6.131155047543609404e-01 -5.449693421782043634e-01 -4.720687479296092892e-01 -3.998484384496849287e-01 -3.311218818591304403e-01 -2.669480319625155418e-01 -2.073494623356907651e-01 -1.517751794637647866e-01 -9.937219372683908647e-02 -4.913758672036776937e-02
-1.163718543135149469e-01 -2.347630709331116616e-01 -3.565024827125781171e-01 -4.811410669333375245e-01 -6.046715524552194188e-01 -7.175360980948630729e-01 -8.046196663339387767e-01 -8.499860543409860636e-01 -8.452977035475165435e-01 -7.953036698618697331e-01 -7.149912433716606452e-01 -6.212967973091267915e-01 -5.266758030788003531e-01 -4.377145223876221514e-01 -3.567780876635320286e-01 -2.839694507917787103e-01 -2.183678690627144647e-01 -1.586423801881028661e-01 -1.033273055410344893e-01 -5.093649761658380209e-02
-1.271879691723442618e-01 -2.585464283960431930e-01 -3.976726277666339793e-01 -5.462004449895671021e-01 -7.007207012977190175e-01 -8.484332334742896720e-01 -9.656770086777383133e-01 -1.025502767415188643e+00 -1.013205823075847389e+00 -9.368673921749759437e-01 -8.218516843649072978e-01 -6.952104780590759869e-01 -5.746159214621571198e-01 -4.673255885864321391e-01 -3.742666634912015788e-01 -2.937786344104790226e-01 -2.235097188686624159e-01 -1.610991536845214345e-01 -1.043581394216816088e-01 -5.128109233475581369e-02
-1.337763285494557308e-01 -2.741984958761704005e-01 -4.276914490129901103e-01 -5.988841084365101874e-01 -7.859244379924202883e-01 -9.727910738995847462e-01 -1.125340210446803768e+00 -1.202292973333749515e+00 -1.180456153297810173e+00 -1.072320519059380750e+00 -9.168349236690511717e-01 -7.537283815672402021e-01 -6.064326981774484926e-01 -4.820608677870749648e-01 -3.790727447891813484e-01 -2.933540917499061762e-01 -2.207918168436393547e-01 -1.578862865270178051e-01 -1.017250229288665653e-01 -4.982971749361419372e-02
-1.335973592264257381e-01 -2.760084856345848547e-01 -4.362983370051513599e-01 -6.221770814433762453e-01 -8.338482524958609199e-01 -1.052948626887664885e+00 -1.235821482689331674e+00 -1.327556208894213663e+00 -1.296736654822442381e+00 -1.160099770156015619e+00 -9.695747222651289743e-01 -7.765998846254290600e-01 -6.093443475521425068e-01 -4.740452537081665252e-01 -3.663725092042214859e-01 -2.797420945155488226e-01 -2.084141297156041905e-01 -1.479289642873663213e-01 -9.482594499344751404e-02 -4.631277493051593613e-02
-1.244092541361163234e-01 -2.586992063116186902e-01 -4.133459394539575893e-01 -5.978962797883528024e-01 -8.141059572882469730e-01 -1.043053073377302686e+00 -1.236759238830093866e+00 -1.333618751473870434e+00 -1.298064550078712243e+00 -1.148939760896534823e+00 -9.445670917906352493e-01 -7.418503704916739050e-01 -5.706798034762764482e-01 -4.362043729080612997e-01 -3.322489427316407395e-01 -2.507776414348003580e-01 -1.851886942779945311e-01 -1.305891509406442996e-01 -8.333703387423400943e-02 -4.059544447496463149e-02
-1.051022241957133285e-01 -2.195207224315167127e-01 -3.532109709233434702e-01 -5.154009104158561172e-01 -7.081870390801113802e-01 -9.144405785648453966e-01 -1.089878044682693448e+00 -1.177353936526601919e+00 -1.143806326615222302e+00 -1.006704592804446463e+00 -8.201292337352772410e-01 -6.366609924086309436e-01 -4.835919534221082006e-01 -3.651626209367881959e-01 -2.751767240776309409e-01 -2.058698283995418488e-01 -1.509678062969506407e-01 -1.059014776817924774e-01 -6.733759388208782060e-02 -3.273198118162142650e-02
-7.625876330478438547e-02 -1.596726946295704275e-01 -2.578491482870726159e-01 -3.777672110124318250e-01 -5.209287948765675136e-01 -6.743575241296972944e-01 -8.048404770389619989e-01 -8.697153194899034379e-01 -8.443497995471480611e-01 -7.417448122225138718e-01 -6.022220612670233786e-01 -4.651271592599662275e-01 -3.510253300841376656e-01 -2.631998011366259438e-01 -1.969962065689436492e-01 -1.465007566537230577e-01 -1.069056206177837198e-01 -7.471095169246889933e-02 -4.737987053559899325e-02 -2.299489575461926422e-02
-4.010588625135994706e-02 -8.408285806705403931e-02 -1.360327825244586619e-01 -1.996961908644532824e-01 -2.758535856484406468e-01 -3.575368418357284250e-01 -4.269968959844915313e-01 -4.614805142044888231e-01 -4.478613317647365255e-01 -3.930638544788818689e-01 -3.185809656084730435e-01 -2.454176776993593767e-01 -1.845887690641114520e-01 -1.378792905731250351e-01 -1.028067726932397619e-01 -7.619188498873667725e-02 -5.543903229432994850e-02 -3.865654514682932003e-02 -2.447603985896486256e-02 -1.186773285881677700e-02
