-2.800758537649841035e-02 -5.529643511963343305e-02 -8.102248071278707331e-02 -1.041423354792284095e-01 -1.234461067856282290e-01 -1.377370653259925859e-01 -1.461328544329883183e-01 -1.483633842170088424e-01 -1.448947925098380829e-01 -1.367961350300150591e-01 -1.254284838358463439e-01 -1.121238215650833397e-01 -9.797526028844040502e-02 -8.376082178363404573e-02 -6.996016537054869366e-02 -5.681351884193337753e-02 -4.438808006944645890e-02 -3.263517116830077364e-02 -2.143321814276774942e-02 -1.061751588758952890e-02
-5.673381900687053669e-02 -1.121551762678240777e-01 -1.646494258579674630e-01 -2.120961169316622486e-01 -2.518957324176051005e-01 -2.813552261983964242e-01 -2.984147720308000240e-01 -3.024117866599561610e-01 -2.944103567658089560e-01 -2.768566100040819600e-01 -2.527922129267504703e-01 -2.250910477615384320e-01 -1.960162826285366533e-01 -1.671078376954318323e-01 -1.392663210581313871e-01 -1.129058325841413579e-01 -8.810364289819969108e-02 -6.471941520355826982e-02 -4.248020257280778200e-02 -2.103685999401938914e-02
-8.677154033137654543e-02 -1.719365116829227325e-01 -2.533081558723775384e-01 -3.276552760748852600e-01 -3.906021097398247877e-01 -4.372469325881634394e-01 -4.636139793782986795e-01 -4.683321268366837375e-01 -4.533947168351369350e-01 -4.233859369984573351e-01 -3.837768715369495598e-01 -3.394273366019413540e-01 -2.938900102351846289e-01 -2.493877679306215067e-01 -2.070914330690500349e-01 -1.674398554338090983e-01 -1.304012634195520215e-01 -9.565868145361160202e-02 -6.273135453856827637e-02 -3.104974431008042726e-02
-1.184091312585202477e-01 -2.354802828554811989e-01 -3.488839415800164545e-01 -4.543311900873551190e-01 -5.450435477564035125e-01 -6.125570715696956325e-01 -6.494746929117927170e-01 -6.530479960817184848e-01 -6.268826098160252824e-01 -5.792313573301014484e-01 -5.193941956573970842e-01 -4.549204474929008368e-01 -3.907219217226062802e-01 -3.294607000187156354e-01 -2.722716606707129006e-01 -2.193608900946679430e-01 -1.704028865567221163e-01 -1.247827188799519177e-01 -8.173680383321942078e-02 -4.043078373184371549e-02
-1.513500423371348103e-01 -3.025323726220760512e-01 -4.518622819915900091e-01 -5.942810118280195120e-01 -7.197625431910320559e-01 -8.140351516950475874e-01 -8.635919443722047673e-01 -8.630710523908188270e-01 -8.189304016169295375e-01 -7.457982158669640427e-01 -6.590925126458146988e-01 -5.699785736698588234e-01 -4.845817511855992077e-01 -4.054557465838971031e-01 -3.331729326563968030e-01 -2.673291153664618669e-01 -2.070666875096675852e-01 -1.513325151500695964e-01 -9.900236088645748833e-02 -4.893659204473968516e-02
-1.843232210925341563e-01 -3.708151763386688948e-01 -5.595884084984058537e-01 -7.454615308888380421e-01 -9.142800558230278485e-01 -1.042933626341270736e+00 -1.107914186469426632e+00 -1.099404554234953091e+00 -1.028540947404685824e+00 -9.202183546119894197e-01 -7.990287567303073768e-01 -6.806954153893333137e-01 -5.720347378302116370e-01 -4.745851720325715561e-01 -3.876324193624096637e-01 -3.097157216324729068e-01 -2.392022217168534026e-01 -1.744783015075729860e-01 -1.140035354847747512e-01 -5.631321977763596720e-02
-2.147266508270845586e-01 -4.349758763256438843e-01 -6.638091149450492390e-01 -8.968003233667984908e-01 -1.115177463589427154e+00 -1.284295182483995879e+00 -1.366885582248310360e+00 -1.346840886284436101e+00 -1.241771055840393378e+00 -1.090568373572450733e+00 -9.296826020259745249e-01 -7.798913910015428108e-01 -6.478737146348029219e-01 -5.331512427587445924e-01 -4.330475732530705280e-01 -3.446983865519412382e-01 -2.655481513508397007e-01 -1.933749529093504449e-01 -1.262202648637358593e-01 -6.231274914929141318e-02
-2.387074074175407346e-01 -4.864208279501743282e-01 -7.494946180944098701e-01 -1.024829397232205785e+00 -1.289503702277825958e+00 -1.497243317244046690e+00 -1.596423261987903297e+00 -1.564269120235312727e+00 -1.425181322144647433e+00 -1.232586073505359314e+00 -1.034818339405591647e+00 -8.571654505875520025e-01 -7.055130734426975359e-01 -5.769490814736334405e-01 -4.666895619645980986e-01 -3.704803911487297152e-01 -2.849169611302448946e-01 -2.072531297754729718e-01 -1.351898428851458778e-01 -6.671751623479223181e-02
-2.521506934365010943e-01 -5.154754729196880936e-01 -7.984571162299183289e-01 -1.098993904760324325e+00 -1.391743435294968689e+00 -1.623186377682597437e+00 -1.732587939247283826e+00 -1.692908887545308882e+00 -1.532870142652553502e+00 -1.315095332176427823e+00 -1.095298430993641103e+00 -9.013807611047991442e-01 -7.385252233211798689e-01 -6.021881527085903851e-01 -4.862493962273910508e-01 -3.856136831635652573e-01 -2.963860165244007194e-01 -2.155308037667711396e-01 -1.405684852785341332e-01 -6.936748478382817606e-02
-2.524446659633977630e-01 -5.158062158884276771e-01 -7.983140230551236671e-01 -1.097723024173946849e+00 -1.388881689130405439e+00 -1.618936726329934794e+00 -1.728012082774041280e+00 -1.689471271127828800e+00 -1.531619085735047792e+00 -1.316202975854095847e+00 -1.098247223183528742e+00 -9.054304100068432115e-01 -7.430341384866847587e-01 -6.067009344501550494e-01 -4.904651372361337747e-01 -3.893350831138526758e-01 -2.994824054752618925e-01 -2.179156175915431537e-01 -1.421858149944031646e-01 -7.018395236620765532e-02
-2.398905236413738651e-01 -4.881257534413095955e-01 -7.504225300902372942e-01 -1.023334838741178032e+00 -1.284424757337556011e+00 -1.489054944013269877e+00 -1.587691369218231507e+00 -1.558534778693143386e+00 -1.424971224435114703e+00 -1.238286093597764648e+00 -1.045110572649729619e+00 -8.701589063014953940e-01 -7.195394976192585057e-01 -5.907956259625137818e-01 -4.795349982901970232e-01 -3.817753478211347029e-01 -2.942926801031597872e-01 -2.144634578768175037e-01 -1.400752150092216819e-01 -6.918250173290711735e-02
-2.175603425972226501e-01 -4.398134822610168526e-01 -6.690530705403189282e-01 -9.004633429210401330e-01 -1.115843139379828264e+00 -1.282390308902795484e+00 -1.365150304382986013e+00 -1.349081535781351260e+00 -1.250666408073626723e+00 -1.106408237363005975e+00 -9.508140322125884225e-01 -8.039584950264154761e-01 -6.727311304772951583e-01 -5.571694236657515065e-01 -4.550741589067714976e-01 -3.639358608396212058e-01 -2.814493544406737602e-01 -2.055703431624350264e-01 -1.344690801341263398e-01 -6.647083531154064640e-02
-1.897331985949819166e-01 -3.808234087646696353e-01 -5.726681783037509410e-01 -7.597408771292423202e-01 -9.283464497650909530e-01 -1.056823794570636244e+00 -1.123446571196221377e+00 -1.119202956152364425e+00 -1.054347861854969093e+00 -9.519031350561830696e-01 -8.348927534581275234e-01 -7.184237275206476481e-01 -6.094491232995409291e-01 -5.099432751538174324e-01 -4.196396765722078537e-01 -3.374430576755710898e-01 -2.619984748554823883e-01 -1.918994979613502516e-01 -1.257599408819698450e-01 -6.223173952050586183e-02
-1.602065545289659831e-01 -3.195066675570067960e-01 -4.755848793949957187e-01 -6.230557040837638727e-01 -7.521247654358471646e-01 -8.493773429122738472e-01 -9.023575446517135834e-01 -9.061661500929424351e-01 -8.667192290792582465e-01 -7.974990141178061043e-01 -7.129420585901299345e-01 -6.238161415115026642e-01 -5.363542859061076751e-01 -4.534580505729907118e-01 -3.760911451250821824e-01 -3.041976208011509253e-01 -2.372019986643960077e-01 -1.742692791462843449e-01 -1.144394704194168638e-01 -5.669617902261413905e-02
-1.314758030065165673e-01 -2.609042851582402123e-01 -3.853428725991952519e-01 -5.001136921578314132e-01 -5.984044190050247236e-01 -6.720837421263132772e-01 -7.142165525492862876e-01 -7.222539638902151227e-01 -6.995337357794926270e-01 -6.537617716334693796e-01 -5.937885534679209210e-01 -5.270349509637869412e-01 -4.585827726802101934e-01 -3.914251801107542228e-01 -3.270669949391986631e-01 -2.660541028551306475e-01 -2.083426741077405997e-01 -1.535361889182648432e-01 -1.010324955683331721e-01 -5.011352515895878268e-02
-1.047653294876972618e-01 -2.071675982199917276e-01 -3.043364195098086644e-01 -3.925116514882767138e-01 -4.670157534687471301e-01 -5.228811471162435609e-01 -5.562005342616210823e-01 -5.656411585901820471e-01 -5.531166005532566210e-01 -5.230829655417665869e-01 -4.809818691453934814e-01 -4.318276888298816507e-01 -3.794895513670977771e-01 -3.265884728015984728e-01 -2.746970259049919538e-01 -2.246091181419020699e-01 -1.765784429514604958e-01 -1.305003314874987885e-01 -8.604082771023013887e-02 -4.272543094629718818e-02
-8.041292861991318486e-02 -1.586413372522503806e-01 -2.322434055116158469e-01 -2.983692364977775791e-01 -3.538428892773660128e-01 -3.955835243470751106e-01 -4.213267376778214723e-01 -4.303519938759713392e-01 -4.237849806202517722e-01 -4.042596491575914941e-01 -3.751478723601812115e-01 -3.397813259821298448e-01 -3.009542913086875604e-01 -2.607413392575719246e-01 -2.205234599902136106e-01 -1.811068908397802379e-01 -1.428616683292442402e-01 -1.058458869012714604e-01 -6.990505996521302612e-02 -3.474738788437248954e-02
-5.824436669060633481e-02 -1.147381915609508168e-01 -1.676153658703927463e-01 -2.148492302563613787e-01 -2.543435593314192777e-01 -2.841931900629825480e-01 -3.030673474367880926e-01 -3.105649265055320796e-01 -3.073521592443169692e-01 -2.949930078595371374e-01 -2.755573721549675614e-01 -2.511922782189673353e-01 -2.238042889164738314e-01 -1.948990745332610797e-01 -1.655486029502199197e-01 -1.364333224082499296e-01 -1.079154595578214887e-01 -8.011649540987766938e-02 -5.298615211136754877e-02 -2.635906842154456947e-02
-3.782630179553711502e-02 -7.445138874508078208e-02 -1.086294704245738263e-01 -1.390655885416827997e-01 -1.644826152246204320e-01 -1.837687419806762201e-01 -1.961735470597159858e-01 -2.014786452932595118e-01 -2.000593988759911124e-01 -1.927996953058449814e-01 -1.808951460553443746e-01 -1.656258028367469937e-01 -1.481714828307020282e-01 -1.295020922982625944e-01 -1.103385704673661288e-01 -9.116235803673973515e-02 -7.225035923773116819e-02 -5.371848705921775102e-02 -3.556402479101668235e-02 -1.770273340373372528e-02
-1.860946419422539536e-02 -3.661157189699017905e-02 -5.338545329853282978e-02 -6.830078031977920849e-02 -8.075206746172197692e-02 -9.022486164118392882e-02 -9.637860018666270789e-02 -9.911596530850119713e-02 -9.860659422060272239e-02 -9.525097912501379049e-02 -8.959760859039517245e-02 -8.224429782925003762e-02 -7.375376026826493958e-02 -6.459927179042132539e-02 -5.514125736506486630e-02 -4.562718646904924402e-02 -3.620515588522334877e-02 -2.694309429853985333e-02 -1.784873859697330700e-02 -8.887867814217262005e-03
