-2.100510633142748176e-02 -4.256700345489460025e-02 -6.519635556684319488e-02 -8.928888656279616864e-02 -1.150089962223885542e-01 -1.421017356186196345e-01 -1.696290751551585152e-01 -1.957018530391782529e-01 -2.174298193481395969e-01 -2.314220499423266519e-01 -2.349365502637660308e-01 -2.271347632721016085e-01 -2.095084324982262880e-01 -1.851152559307889245e-01 -1.572587210541401548e-01 -1.285114565779875984e-01 -1.004129398730785883e-01 -7.361915543876838830e-02 -4.818484241011574548e-02 -2.380829179159764039e-02
-4.145342909142479132e-02 -8.406654733214968811e-02 -1.289293478989042840e-01 -1.769487031020089696e-01 -2.286368355542018338e-01 -2.837313824170423771e-01 -3.405877293781023329e-01 -3.954326080724048786e-01 -4.419900402094613656e-01 -4.724425821198912634e-01 -4.802213174802083540e-01 -4.632860725070847008e-01 -4.252725099544947818e-01 -3.734486923364985222e-01 -3.153190283661274629e-01 -2.563495755759332417e-01 -1.995160038731067786e-01 -1.458780110251060025e-01 -9.531183008090299280e-02 -4.704832016272204182e-02
-6.074209229761776130e-02 -1.233163333205510442e-01 -1.895048058760760989e-01 -2.609321524216940968e-01 -3.388142183225316684e-01 -4.234056025008972601e-01 -5.129122156591242598e-01 -6.018187902274541035e-01 -6.795280415642900307e-01 -7.315948585960082573e-01 -7.452190283443983487e-01 -7.163416483975859617e-01 -6.522059447443380176e-01 -5.668213652559541682e-01 -4.737586247624291369e-01 -3.819248839544231444e-01 -2.953969520106472513e-01 -2.150608582319399331e-01 -1.401356663043219486e-01 -6.907312994856093513e-02
-7.819860339475252775e-02 -1.589515429099809529e-01 -2.448375274774205468e-01 -3.384311446866573592e-01 -4.421098958452435168e-01 -5.574062949595859351e-01 -6.833082550767657359e-01 -8.130111673819820917e-01 -9.304625515022467708e-01 -1.011402873376347600e+00 -1.033134149422821446e+00 -9.883097710541717262e-01 -8.900463131755479429e-01 -7.629120550833442538e-01 -6.291658589820859904e-01 -5.016973445373089646e-01 -3.849822281970950999e-01 -2.788163649004835598e-01 -1.810949020471902260e-01 -8.910838435907439403e-02
-9.310073905433374764e-02 -1.894525949865729919e-01 -2.924511292263162754e-01 -4.057568285182742152e-01 -5.332761773562764152e-01 -6.785503896072166974e-01 -8.423973984205371801e-01 -1.017482649638618231e+00 -1.181555574881551163e+00 -1.297618845962414502e+00 -1.329468598763851483e+00 -1.265193857237036701e+00 -1.126056933587672448e+00 -9.508901829425190355e-01 -7.729420109194388155e-01 -6.092409904509127339e-01 -4.637100249067409585e-01 -3.340786816915484181e-01 -2.163133940866228955e-01 -1.062649956135998663e-01
-1.047515830098505601e-01 -2.133044356976948608e-01 -3.297316626039597520e-01 -4.586703948544466614e-01 -6.055359960879266312e-01 -7.760561045520429913e-01 -9.733575709255650743e-01 -1.190272782538724927e+00 -1.398854200334604947e+00 -1.549230192428530106e+00 -1.591103592567313596e+00 -1.507748693943687268e+00 -1.329011940996690955e+00 -1.108515173674624599e+00 -8.904242166866824792e-01 -6.952944017633171381e-01 -5.258445790873179648e-01 -3.773651111438035000e-01 -2.438018425321186178e-01 -1.196370356506258475e-01
-1.126008505761382644e-01 -2.292775478807437262e-01 -3.544564967118739585e-01 -4.933185791106803886e-01 -6.521768682884266921e-01 -8.381394191839595109e-01 -1.055891192906152964e+00 -1.298568402591930182e+00 -1.534814173856520414e+00 -1.706660283048409887e+00 -1.754803092878642223e+00 -1.659423045623763748e+00 -1.455878718340960942e+00 -1.207212298208739876e+00 -9.643954038731823442e-01 -7.500041794075149593e-01 -5.658255412624122460e-01 -4.055479651793319484e-01 -2.618693680484470154e-01 -1.284792646142909334e-01
-1.163738528959225998e-01 -2.367427517672953119e-01 -3.654410304777910845e-01 -5.075327974745870163e-01 -6.691732411234546651e-01 -8.572597093494206399e-01 -1.076241405119222838e+00 -1.319120870514228994e+00 -1.554728887277341487e+00 -1.725702456682912889e+00 -1.773451591735043964e+00 -1.678405179977367156e+00 -1.475477584995716240e+00 -1.226970981615538525e+00 -9.833678017541710448e-01 -7.671776602490345542e-01 -5.803754022388347700e-01 -4.168895201869219913e-01 -2.696193239216328474e-01 -1.324079999316764011e-01
-1.161513944880583904e-01 -2.358730510787485357e-01 -3.629760428401089256e-01 -5.017692708879581964e-01 -6.572335763577190626e-01 -8.345318483090796713e-01 -1.036172294637467406e+00 -1.254631614624376112e+00 -1.462399672110580529e+00 -1.611058196006169618e+00 -1.652025538977182073e+00 -1.569172625914679431e+00 -1.391277494221349942e+00 -1.170181977116378613e+00 -9.488792751154770944e-01 -7.477843357122520018e-01 -5.701091009371868079e-01 -4.117778741067861792e-01 -2.672818949338056083e-01 -1.315308095558304358e-01
-1.123583673011580991e-01 -2.276178984018868701e-01 -3.487791987223442525e-01 -4.790158502864818590e-01 -6.216097267164804041e-01 -7.793230918683435871e-01 -9.521464356591736733e-01 -1.132238925072081681e+00 -1.297747860435606748e+00 -1.413203619198127203e+00 -1.444228865768843129e+00 -1.379547677733489852e+00 -1.239280253547172306e+00 -1.060363799936111739e+00 -8.748277334185344811e-01 -6.996369320830045924e-01 -5.393843817718892986e-01 -3.926545040305939871e-01 -2.561784082533989926e-01 -1.264313994663592289e-01
-1.056640051154911775e-01 -2.134586753200894693e-01 -3.254835724259652063e-01 -4.437256612401112021e-01 -5.698242280025099804e-01 -7.044200372258150322e-01 -8.455652621228629817e-01 -9.857918695663461239e-01 -1.109116283186726282e+00 -1.192248762329130685e+00 -1.213742520963817073e+00 -1.166690349902923085e+00 -1.063409459090205900e+00 -9.271783434465320495e-01 -7.795285581843662825e-01 -6.335465666562232201e-01 -4.945093194802634429e-01 -3.631779715048647494e-01 -2.383339114888242127e-01 -1.180152942881243505e-01
-9.683891003573416589e-02 -1.950682620763350139e-01 -2.959607662478804246e-01 -4.005023576806155949e-01 -5.090965304351253717e-01 -6.210101276530852754e-01 -7.333756745799961951e-01 -8.397489273511120622e-01 -9.290651560214048255e-01 -9.870177877742851713e-01 -1.001247878059084107e+00 -9.678669287018905054e-01 -8.937922629190248047e-01 -7.926073846368487663e-01 -6.779064054972324671e-01 -5.592285022678333828e-01 -4.416603848417043343e-01 -3.271717328425250981e-01 -2.159589054028241140e-01 -1.072953951886619350e-01
-8.662335993456407590e-02 -1.740143969445869243e-01 -2.627856556505676067e-01 -3.532016956913967554e-01 -4.449054041927665293e-01 -5.365147392478777366e-01 -6.250657342724620369e-01 -7.054229548853133691e-01 -7.701456262751189552e-01 -8.106476411811346372e-01 -8.200008773923406213e-01 -7.960796200373034814e-01 -7.426441234691608662e-01 -6.674081078016667057e-01 -5.787544085172243724e-01 -4.833854145453914120e-01 -3.856452703030647799e-01 -2.878759591013543839e-01 -1.910329486819604405e-01 -9.520723616746419593e-02
-7.564014609156130553e-02 -1.515802618016388048e-01 -2.279649959808774107e-01 -3.046073131817877977e-01 -3.807733522226425804e-01 -4.549222846758243510e-01 -5.244312643668849194e-01 -5.854213059765286387e-01 -6.329362334857721040e-01 -6.617797588199512138e-01 -6.680134164755456849e-01 -6.504554972484157815e-01 -6.111763327013561842e-01 -5.546096548126702164e-01 -4.859480568677025936e-01 -4.098116077933147694e-01 -3.296380808193423717e-01 -2.476505321763173006e-01 -1.650893103680799168e-01 -8.250057016317179082e-02
-6.435697706000399754e-02 -1.287015362911448080e-01 -1.928866209213106198e-01 -2.564881046717276680e-01 -3.186518628846966572e-01 -3.779409243630052484e-01 -4.322193762688895102e-01 -4.786511380534715920e-01 -5.139313262544139560e-01 -5.348435449010406906e-01 -5.390708084978417247e-01 -5.259293805098597119e-01 -4.966017781663429331e-01 -4.537170378943958249e-01 -4.005478358652327375e-01 -3.402559557361762854e-01 -2.754409785525936405e-01 -2.079981754433274932e-01 -1.391731449897206929e-01 -6.970574007770581615e-02
-5.308625703569588850e-02 -1.059823089847495708e-01 -1.583918628864164624e-01 -2.098064911221616258e-01 -2.594041771110985883e-01 -3.059661619664680310e-01 -3.478406608658955457e-01 -3.829982545376307002e-01 -4.092286260334616621e-01 -4.244967064876600249e-01 -4.273916714379710768e-01 -4.175016278560564897e-01 -3.955288483694822110e-01 -3.630822808841072113e-01 -3.222606577833964092e-01 -2.752207569736007664e-01 -2.238711838902142093e-01 -1.697279928517490266e-01 -1.138993796425419175e-01 -5.714927033848189036e-02
-4.200575748321478536e-02 -8.374962173504614527e-02 -1.248920474931284469e-01 -1.649418253944510415e-01 -2.031921245863982373e-01 -2.386784944188327096e-01 -2.701774583208451652e-01 -2.962689861104641498e-01 -3.154812213547181776e-01 -3.265128071873900084e-01 -3.284863227627518034e-01 -3.211472731364963251e-01 -3.049238200695873480e-01 -2.808197841163627140e-01 -2.501907642075808513e-01 -2.144949767043556610e-01 -1.750949791519487431e-01 -1.331432566599654033e-01 -8.954714437686815687e-02 -4.499198479178155574e-02
-3.118717449572429301e-02 -6.211839760278152489e-02 -9.248490359720080989e-02 -1.218766526549425050e-01 -1.497440202500146533e-01 -1.753782411716145462e-01 -1.979216393952842323e-01 -2.164187736719569988e-01 -2.299139524803472112e-01 -2.375861863203597435e-01 -2.388926804145903304e-01 -2.336765983435432625e-01 -2.221989638670239520e-01 -2.050820805960681392e-01 -1.831876023695953593e-01 -1.574734083668203888e-01 -1.288705235703743734e-01 -9.820293410851795024e-02 -6.615399181497140513e-02 -3.327153906735899613e-02
-2.062456156716460653e-02 -4.105190407644997846e-02 -6.105253660947957545e-02 -8.033587077100738660e-02 -9.852907012727646352e-02 -1.151688415510861568e-01 -1.297121041519258000e-01 -1.415705375031185709e-01 -1.501696231751621924e-01 -1.550252716799213337e-01 -1.558215758905350801e-01 -1.524674616144819361e-01 -1.451133515954146913e-01 -1.341219959361414360e-01 -1.200041784675335704e-01 -1.033405423043491367e-01 -8.471078793522415773e-02 -6.464398057714622337e-02 -4.359435646069333148e-02 -2.194019151099728046e-02
-1.025917206280101482e-02 -2.041213736025266137e-02 -3.033747304161474659e-02 -3.988522700929605230e-02 -4.886756453031022851e-02 -5.705595637483249633e-02 -6.418743373221447168e-02 -6.998167875201030674e-02 -7.416875544834658496e-02 -7.652373399048442715e-02 -7.690091017986296074e-02 -7.525834538370874960e-02 -7.166502026243516676e-02 -6.628839951583437307e-02 -5.936659414247044686e-02 -5.117381154809936411e-02 -4.198810910848950473e-02 -3.206784000886510333e-02 -2.163926652426170771e-02 -1.089486381956494485e-02
