-1.317643636629703408e-02 -2.618645112176713405e-02 -3.884004699918937320e-02 -5.090387777495941624e-02 -6.208960440101885664e-02 -7.205526445869875340e-02 -8.042405252152430573e-02 -8.682212185589681386e-02 -9.093119035108424009e-02 -9.254416875323143166e-02 -9.160678219211915163e-02 -8.823005996965441189e-02 -8.266862873234419318e-02 -7.527283966184962483e-02 -6.643101715857778478e-02 -5.651791748167001028e-02 -4.585915507775029099e-02 -3.471398712294166550e-02 -2.327383103905823064e-02 -1.167195763080810904e-02
-2.651929497907773783e-02 -5.272932120285650504e-02 -7.826985943417659464e-02 -1.026858590271031851e-01 -1.253992750368516651e-01 -1.457074010675504794e-01 -1.628188231391108076e-01 -1.759332434424885350e-01 -1.843584700006116739e-01 -1.876386993899445410e-01 -1.856528995016488714e-01 -1.786448274514335077e-01 -1.671716158063507596e-01 -1.519917129371388398e-01 -1.339333121987696662e-01 -1.137814988651966314e-01 -9.220471726540467594e-02 -6.972296295310516367e-02 -4.670938075217164615e-02 -2.341399987098059451e-02
-4.017142299668122890e-02 -7.994167943830284007e-02 -1.188242096904717354e-01 -1.561704220384091957e-01 -1.911142315037809569e-01 -2.225562329090519931e-01 -2.492105773692009640e-01 -2.697335237323443824e-01 -2.829306951091174471e-01 -2.879992035178428056e-01 -2.847212388272218897e-01 -2.735247041923143385e-01 -2.553812782463643072e-01 -2.315890776335079448e-01 -2.035290183811468978e-01 -1.724700479144386511e-01 -1.394552516087131933e-01 -1.052637675267388689e-01 -7.042672798425740621e-02 -3.527466166555921767e-02
-5.422471795410604284e-02 -1.080417638705794131e-01 -1.609148759216140478e-01 -2.120573770230644584e-01 -2.603309594797615922e-01 -3.041926048515695702e-01 -3.417334373097734579e-01 -3.708590172421551978e-01 -3.896307614296040112e-01 -3.967052684517842764e-01 -3.917073812316412273e-01 -3.753509818161036571e-01 -3.492394764604054291e-01 -3.154542121424557255e-01 -2.761236082226081745e-01 -2.331144151290995559e-01 -1.878824708264822119e-01 -1.414501266622191500e-01 -9.445910171211172046e-02 -4.725791851623909606e-02
-6.868568556560565586e-02 -1.370857788293514956e-01 -2.047361344768594826e-01 -2.708131521614269288e-01 -3.339592010049001747e-01 -3.921483799580003371e-01 -4.426679672021321954e-01 -4.823314327270037394e-01 -5.080179484688797098e-01 -5.174725037992361498e-01 -5.100425963716378464e-01 -4.869263449173398817e-01 -4.507685214328727707e-01 -4.048636153403412652e-01 -3.523964846050359756e-01 -2.959814654025279546e-01 -2.375100747517968069e-01 -1.781951618156322470e-01 -1.187016318212062715e-01 -5.929790955466752306e-02
-8.343224336871063462e-02 -1.668795116989438831e-01 -2.501305773041282432e-01 -3.324990078881471800e-01 -4.125403953016448799e-01 -4.877605917846928318e-01 -5.544251244853746208e-01 -6.077161317026005261e-01 -6.425424539156915360e-01 -6.550192011656120750e-01 -6.439758466392602188e-01 -6.114869797580283484e-01 -5.620174377572166868e-01 -5.008252707278477711e-01 -4.326144763812130867e-01 -3.609042986777143414e-01 -2.879811036958861981e-01 -2.151188000801906308e-01 -1.428543510945570194e-01 -7.123208778804918095e-02
-9.816376269378723762e-02 -1.968693065257801911e-01 -2.964065804517040381e-01 -3.965056358879719967e-01 -4.959150038579289155e-01 -5.918351544116540186e-01 -6.793181504273073656e-01 -7.511066736828521107e-01 -7.987449881740870117e-01 -8.153409510339829636e-01 -7.987280067642662518e-01 -7.526288097179900660e-01 -6.847959145363632372e-01 -6.037348232399554204e-01 -5.163122020505114262e-01 -4.270360104544133617e-01 -3.383905763413386780e-01 -2.514445013914003435e-01 -1.663648767677831930e-01 -8.277608951387688263e-02
-1.123534275976135199e-01 -2.260266220253270286e-01 -3.421150349775701205e-01 -4.611682412820450883e-01 -5.826294386551559290e-01 -7.038449453146758961e-01 -8.186272791272448668e-01 -9.161792657256280226e-01 -9.823775600800420671e-01 -1.004863906031525200e+00 -9.795958628443823812e-01 -9.133554926475737634e-01 -8.197640900742512171e-01 -7.126254493486884334e-01 -6.017578389586794030e-01 -4.925147185579650810e-01 -3.870971374697776968e-01 -2.859033216076929951e-01 -1.883845248682207707e-01 -9.350739029861793172e-02
-1.252230262160822227e-01 -2.527656705920816593e-01 -3.848351866686579026e-01 -5.232854134473243768e-01 -6.689804074133041123e-01 -8.202412336557698413e-01 -9.699540006121389890e-01 -1.102541259057568501e+00 -1.194992309156895471e+00 -1.225799235914661889e+00 -1.187692078861516620e+00 -1.092670963620055113e+00 -9.640448702910537904e-01 -8.236936822645779532e-01 -6.851481503339817980e-01 -5.540771849912944358e-01 -4.315654550356940455e-01 -3.166853699122062493e-01 -2.077623477393346907e-01 -1.028689352743535901e-01
-1.357720823669904819e-01 -2.749684249504682487e-01 -4.211019676738719242e-01 -5.777329886669378967e-01 -7.478826120196336857e-01 -9.318591919948175928e-01 -1.122293291812990201e+00 -1.297930127037313364e+00 -1.423720570838337585e+00 -1.465134492526569687e+00 -1.410218825451520219e+00 -1.278506787191647565e+00 -1.106961245467037003e+00 -9.281609099800749441e-01 -7.597321649520141218e-01 -6.068000588085646907e-01 -4.683573820951247857e-01 -3.415049395393413012e-01 -2.231100621639199033e-01 -1.102059670942851372e-01
-1.428947097174226577e-01 -2.902119063824181167e-01 -4.467010184982230792e-01 -6.176665208980907096e-01 -8.085458316842920601e-01 -1.022195809094950558e+00 -1.251674438994695882e+00 -1.470270825906053513e+00 -1.630139236950246762e+00 -1.682435911885792779e+00 -1.609995907189117226e+00 -1.440712143297800285e+00 -1.226461452746030911e+00 -1.011020217687783829e+00 -8.156990768088475674e-01 -6.443765830638731318e-01 -4.934542361286058942e-01 -3.578542593412694650e-01 -2.329658265466975353e-01 -1.148447893994938990e-01
-1.455909982581909679e-01 -2.962442658121039463e-01 -4.575212744699400091e-01 -6.359181101555612114e-01 -8.386015756099203244e-01 -1.070373135681234489e+00 -1.324875223598400709e+00 -1.571861377798982939e+00 -1.754629653816851986e+00 -1.814232341052312902e+00 -1.729799252359095485e+00 -1.535157282145336088e+00 -1.292673270065487934e+00 -1.053801035038617995e+00 -8.421246617951790858e-01 -6.603861182541675978e-01 -5.030425071418131999e-01 -3.634695061766374247e-01 -2.360521268740904122e-01 -1.162072189066607891e-01
-1.432198302953937574e-01 -2.916000932575661952e-01 -4.508145251058108816e-01 -6.275023264409465007e-01 -8.290171653821858389e-01 -1.060366411214881177e+00 -1.315293860059434161e+00 -1.563330832754788569e+00 -1.747128779186670533e+00 -1.806979518836496101e+00 -1.721731247222645811e+00 -1.525660253539274258e+00 -1.281918820317009766e+00 -1.042512528886178735e+00 -8.311493427880703999e-01 -6.504296035404807386e-01 -4.946094395714487058e-01 -3.568988000396334237e-01 -2.315631727785200655e-01 -1.139317653968710958e-01
-1.356829342317278919e-01 -2.760678679406431968e-01 -4.262188008623667423e-01 -5.918294984285449312e-01 -7.788279418411512278e-01 -9.905943364223835923e-01 -1.220436399426855001e+00 -1.441092826129214188e+00 -1.603138394704918701e+00 -1.655882939881009319e+00 -1.581479254550751445e+00 -1.408908656748003141e+00 -1.191956852466086847e+00 -9.757513733877414275e-01 -7.819130752526748385e-01 -6.139698847271639615e-01 -4.678109316693166986e-01 -3.379221225359844705e-01 -2.193671572292766325e-01 -1.079564720430851027e-01
-1.234399410692807453e-01 -2.507279506714751860e-01 -3.858417432427551641e-01 -5.328887453631674376e-01 -6.955373361202294991e-01 -8.747473647337907776e-01 -1.063452152499150705e+00 -1.239782408920224288e+00 -1.366940258846330414e+00 -1.408369712460299850e+00 -1.351371590458803951e+00 -1.216667502738867146e+00 -1.043317246416316735e+00 -8.653998634948397717e-01 -7.008877784033368252e-01 -5.544851453708276035e-01 -4.245442687815942362e-01 -3.075876457111901274e-01 -2.000246632331844354e-01 -9.852681178327392375e-02
-1.073464753209975170e-01 -2.175377937543520879e-01 -3.333428653085278026e-01 -4.572436233130677818e-01 -5.907975020864690840e-01 -7.329833070567808306e-01 -8.770157196479922979e-01 -1.006889335443633016e+00 -1.098280025597726306e+00 -1.128157048003167295e+00 -1.088689424045894416e+00 -9.927649828896282225e-01 -8.652664398525672373e-01 -7.291950736307765135e-01 -5.982960762722527859e-01 -4.778108933537775771e-01 -3.681772106996975547e-01 -2.678454753789686893e-01 -1.746157470429377245e-01 -8.612602090440844849e-02
-8.840709682441240391e-02 -1.787230100828051671e-01 -2.726644395585315905e-01 -3.714550644170797056e-01 -4.752525488775550255e-01 -5.820710055622473345e-01 -6.861412425152385586e-01 -7.765741683862827927e-01 -8.385840368354484653e-01 -8.589878211374813999e-01 -8.334315771255191851e-01 -7.691766880847832333e-01 -6.806811366674211383e-01 -5.822833369686681859e-01 -4.837535406004735417e-01 -3.899615679856746064e-01 -3.024565638983351401e-01 -2.209950498437359134e-01 -1.444662520297412545e-01 -7.136148361707257692e-02
-6.755854223207131970e-02 -1.362790446916363751e-01 -2.071085530829433474e-01 -2.804943860324672356e-01 -3.559541667692691647e-01 -4.314459725807653356e-01 -5.026361831412755610e-01 -5.625806061388155532e-01 -6.027828401942707526e-01 -6.161287428833834845e-01 -6.003464305659296230e-01 -5.592932040872398147e-01 -5.009062986113906879e-01 -4.336382163281460866e-01 -3.639551407965490037e-01 -2.957162131764848878e-01 -2.306750215906396562e-01 -1.692097995930018917e-01 -1.108925332001612918e-01 -5.485364691352759975e-02
-4.554793688152063841e-02 -9.172513728101980290e-02 -1.389891203693822963e-01 -1.874175355335154780e-01 -2.364366196621837113e-01 -2.844937774231283689e-01 -3.287755070336682017e-01 -3.652373959260610814e-01 -3.893128630701668258e-01 -3.973774730082789697e-01 -3.883099335856061707e-01 -3.640515628175974294e-01 -3.287117207592560320e-01 -2.869314962955379356e-01 -2.425802349581794581e-01 -1.982452583443201077e-01 -1.553130609590535893e-01 -1.142760552535346114e-01 -7.504038479760709313e-02 -3.716056659041375859e-02
-2.290805155182258981e-02 -4.608426810410175961e-02 -6.970385739539257386e-02 -9.374183676859157432e-02 -1.178447527065149686e-01 -1.411952314681781395e-01 -1.624245164146509712e-01 -1.796817910146617236e-01 -1.909773358608848615e-01 -1.947860193474285351e-01 -1.906465144890755192e-01 -1.793700465217412110e-01 -1.627055662347406950e-01 -1.427035059051048327e-01 -1.211634080465582991e-01 -9.936612656496503215e-02 -7.805504652934336374e-02 -5.754087272116906182e-02 -3.783237310806635001e-02 -1.874823504862851639e-02
