-2.450877899116175786e-03 -4.840789685106918969e-03 -7.109806463873462844e-03 -9.200281013407819383e-03 -1.105842550452736106e-02 -1.263624948467035290e-02 -1.389371610217818992e-02 -1.480085083593022342e-02 -1.533945447666800084e-02 -1.550406698023516251e-02 -1.530194520088641250e-02 -1.475197767021459855e-02 -1.388267426879135832e-02 -1.272952971137280252e-02 -1.133215656887391273e-02 -9.731591400297945338e-03 -7.968090503346557732e-03 -6.079633135662370312e-03 -4.101196425872944210e-03 -2.064772690042309625e-03
-4.962722945357722799e-03 -9.802474335737901279e-03 -1.439815711837856733e-02 -1.863289283645727309e-02 -2.239717251556506972e-02 -2.559285784445957182e-02 -2.813776456544167873e-02 -2.997023427868086842e-02 -3.105290089680348004e-02 -3.137486962924251888e-02 -3.095173706571078751e-02 -2.982329187436787155e-02 -2.804919037585937303e-02 -2.570328767004922271e-02 -2.286750670646417113e-02 -1.962611882307347885e-02 -1.606113914119842306e-02 -1.224924646867256266e-02 -8.260380135712027880e-03 -4.157894483459063234e-03
-7.597538984741378752e-03 -1.500822905491852599e-02 -2.204745424607081408e-02 -2.853596128595072001e-02 -3.430451374387070984e-02 -3.920024324626504575e-02 -4.309424942459713637e-02 -4.588941952336276359e-02 -4.752704457629339935e-02 -4.799077327073809907e-02 -4.730684113220045423e-02 -4.554026130959429319e-02 -4.278750623520091029e-02 -3.916692326682696956e-02 -3.480846165180020296e-02 -2.984423860862157885e-02 -2.440109980775528875e-02 -1.859583346828137460e-02 -1.253318357385066820e-02 -6.306424742427862822e-03
-1.041920380479811545e-02 -2.058544650943753065e-02 -3.024746848008460012e-02 -3.915898186943018305e-02 -4.708467482612625071e-02 -5.380934871030520344e-02 -5.914956601498926048e-02 -6.296614512597951963e-02 -6.517508123092359551e-02 -6.575433310980270674e-02 -6.474458886373214705e-02 -6.224340144875414871e-02 -5.839364536681122819e-02 -5.336843288980980260e-02 -4.735517536763576146e-02 -4.054127103991330555e-02 -3.310318631235991543e-02 -2.519980275279932319e-02 -1.697009402743106590e-02 -8.534620716596018342e-03
-1.349382807584796444e-02 -2.666688190666073599e-02 -3.919798750456790493e-02 -5.076781808564142379e-02 -6.106584981776377180e-02 -6.980290449762061034e-02 -7.672851325580480608e-02 -8.165050764439603370e-02 -8.445279360762533716e-02 -8.510688330805749047e-02 -8.367377268937604973e-02 -8.029510335016223910e-02 -7.517523435267502163e-02 -6.855798093649542735e-02 -6.070252996437924820e-02 -5.186247931807593664e-02 -4.227056771947576563e-02 -3.213009327406608773e-02 -2.161276650726112747e-02 -1.086196202943283569e-02
-1.688922473243248748e-02 -3.339026340741620830e-02 -4.910977804851843209e-02 -6.364844975077363354e-02 -7.660799779176512281e-02 -8.760790062004183976e-02 -9.631107012084806629e-02 -1.024545708329452492e-01 -1.058786973587289848e-01 -1.065466263316404288e-01 -1.045485095596069836e-01 -1.000879988803103776e-01 -9.345420146746073742e-02 -8.498572131634564431e-02 -7.503447914559216447e-02 -6.393554406080886876e-02 -5.198650819189550715e-02 -3.943723307374107090e-02 -2.648891431291124435e-02 -1.330045971098138199e-02
-2.067280645664848135e-02 -4.089516607632066869e-02 -6.020240915147030691e-02 -7.810820248577024505e-02 -9.410978745332491957e-02 -1.077096271004124306e-01 -1.184532908579731536e-01 -1.259780040503072629e-01 -1.300607930321961148e-01 -1.306524103169319218e-01 -1.278856345816356821e-01 -1.220541761524926022e-01 -1.135678460806015949e-01 -1.028962198462987365e-01 -9.051411727037879384e-02 -7.685870654619540721e-02 -6.230268432337347784e-02 -4.714341449519436622e-02 -3.160519534439116401e-02 -1.585096194071682410e-02
-2.490683402902445914e-02 -4.931518420025269439e-02 -7.269648852358155666e-02 -9.447216072314860991e-02 -1.140133208732224679e-01 -1.306675251390201908e-01 -1.438144583509335661e-01 -1.529433564623057240e-01 -1.577340550910996120e-01 -1.581165820248136844e-01 -1.542874373792742504e-01 -1.466752193923231418e-01 -1.358667829614793876e-01 -1.225171893793449290e-01 -1.072670600786317374e-01 -9.068247671030059409e-02 -7.322210563864572919e-02 -5.522854208097618955e-02 -3.693749008668348321e-02 -1.849819112817813541e-02
-2.963934448718326745e-02 -5.876224598924649489e-02 -8.679619643545560814e-02 -1.130706277948765742e-01 -1.368038037986594457e-01 -1.571326878263404059e-01 -1.731936526595071468e-01 -1.842468978080042119e-01 -1.898154788803841919e-01 -1.897924143819366138e-01 -1.844723029449955587e-01 -1.744924735321329301e-01 -1.607068677147430458e-01 -1.440386891890441390e-01 -1.253544500198600364e-01 -1.053820298170602271e-01 -8.467471501027221126e-02 -6.361115617110253695e-02 -4.241802951405012484e-02 -2.120431274298119340e-02
-3.488829632927990809e-02 -6.929825546799038560e-02 -1.026554191721946035e-01 -1.342103406541670652e-01 -1.629985647184272746e-01 -1.878657408726094324e-01 -2.075805206398349256e-01 -2.210350398445848075e-01 -2.274884783601029137e-01 -2.267652328834020847e-01 -2.193168448369595680e-01 -2.061154767351606465e-01 -1.884295115670590048e-01 -1.675762385364039653e-01 -1.447300128121068175e-01 -1.208164705176901221e-01 -9.648356130671409403e-02 -7.212333333467571550e-02 -4.791915660439732133e-02 -2.390102872507315901e-02
-4.061558424799621703e-02 -8.088705655827457819e-02 -1.203168719622648569e-01 -1.581167088598570414e-01 -1.931142426637173781e-01 -2.237508681513705744e-01 -2.482270334199859485e-01 -2.648233664962765799e-01 -2.723371674221642946e-01 -2.704623574917250362e-01 -2.599138283582075881e-01 -2.422228137112721891e-01 -2.193193597397583849e-01 -1.931067073133951872e-01 -1.651728791000279806e-01 -1.366702700438039708e-01 -1.083197211927117570e-01 -8.047945527827754519e-02 -5.323423256793573949e-02 -2.648064510555378157e-02
-4.668698060777955183e-02 -9.331749391450820663e-02 -1.396081963922716218e-01 -1.848249178630813061e-01 -2.275892896820519706e-01 -2.657925436347407522e-01 -2.967458355125521252e-01 -3.176831877721902897e-01 -3.265622269950980150e-01 -3.228229041398207322e-01 -3.076467319894389263e-01 -2.835394128849595963e-01 -2.535172387304874264e-01 -2.203580229395848689e-01 -1.861844517762409612e-01 -1.523719923741254645e-01 -1.196455906510266592e-01 -8.824052987774885781e-02 -5.805767086604295829e-02 -2.878731814275259371e-02
-5.281482227427006237e-02 -1.060875753977470470e-01 -1.599725305121655061e-01 -2.139811744338716293e-01 -2.666110085778810590e-01 -3.150473973030071817e-01 -3.552095722664272426e-01 -3.824974220928281099e-01 -3.932903911120250728e-01 -3.865233814906540166e-01 -3.642489994836197731e-01 -3.307410103030066217e-01 -2.908412203573822463e-01 -2.486206543826838533e-01 -2.068342690266749551e-01 -1.669875519567426136e-01 -1.296501018828897789e-01 -9.477939944875556078e-02 -6.196860094134774843e-02 -3.061095662110942250e-02
-5.848457857668944160e-02 -1.182442663931183163e-01 -1.802062452334153575e-01 -2.444855357903259752e-01 -3.097230343825725374e-01 -3.723138249427581092e-01 -4.260406384140836833e-01 -4.630646278422440587e-01 -4.767555479946497532e-01 -4.650391852987685870e-01 -4.316437352469180699e-01 -3.841212434927949726e-01 -3.304078915293301444e-01 -2.764274183810612184e-01 -2.255398498616483505e-01 -1.790931092484387976e-01 -1.371877737592593904e-01 -9.925835307996869195e-02 -6.442637515501771495e-02 -3.168790704814515580e-02
-6.287839227505395701e-02 -1.281922506091283109e-01 -1.980851455984813103e-01 -2.738655044436195674e-01 -3.549235032129812173e-01 -4.370225830421567981e-01 -5.108301722387489363e-01 -5.629489672638777753e-01 -5.811731670376398817e-01 -5.614880530072540177e-01 -5.107776568277953011e-01 -4.425385026842618141e-01 -3.698190366796654804e-01 -3.010239191437814044e-01 -2.397798941029976316e-01 -1.866533162331310003e-01 -1.407490475924450257e-01 -1.006398169509190449e-01 -6.479063454397475386e-02 -3.171429534404263811e-02
-6.483332589962124970e-02 -1.335348739491372672e-01 -2.099227072675572681e-01 -2.972859313176078877e-01 -3.967921530318334056e-01 -5.041893519618805275e-01 -6.060474967264460888e-01 -6.802491794422432791e-01 -7.052204935581204426e-01 -6.735910269241882631e-01 -5.976421831764378023e-01 -5.007015259099448778e-01 -4.035715891281158041e-01 -3.175877758129607709e-01 -2.458011268407602201e-01 -1.869750345725169904e-01 -1.385133220838280776e-01 -9.776105041581363564e-02 -6.238203615962235188e-02 -3.037863943744376419e-02
-6.290941984191232572e-02 -1.311093390059569486e-01 -2.103062530602806401e-01 -3.064423022026604437e-01 -4.236444395385864925e-01 -5.587499995066607106e-01 -6.938936462820690654e-01 -7.955222688210377147e-01 -8.290094077007633677e-01 -7.822009438652554048e-01 -6.750211255380895725e-01 -5.443269163535354727e-01 -4.207836247821210574e-01 -3.184566107219984343e-01 -2.385465203215043350e-01 -1.768820633399268427e-01 -1.285620674505970618e-01 -8.950846470014788003e-02 -5.659778077020500425e-02 -2.741822336668347723e-02
-5.566998174666161481e-02 -1.174937626912429811e-01 -1.926221049936530372e-01 -2.895312808754630374e-01 -4.157921491888907917e-01 -5.704875149461963169e-01 -7.326621177277790053e-01 -8.580752818460222198e-01 -8.990239466790901357e-01 -8.384438565907540442e-01 -7.040509045957764611e-01 -5.460763663366506870e-01 -4.040597907601437000e-01 -2.933766830710078377e-01 -2.123028735042677972e-01 -1.533260125879635227e-01 -1.093300693006114266e-01 -7.511164365125189146e-02 -4.708230659873016699e-02 -2.269646841969750334e-02
-4.223200183901386351e-02 -9.022856758055455839e-02 -1.511399113955744777e-01 -2.343291187009843013e-01 -3.494745699848279541e-01 -4.982707679078378082e-01 -6.605638245375680118e-01 -7.890619036682541276e-01 -8.309273029105860298e-01 -7.669883510501708246e-01 -6.282116067674233806e-01 -4.697995103855851506e-01 -3.332671822276920826e-01 -2.323745654933844496e-01 -1.626334981600691121e-01 -1.145770230184735144e-01 -8.029490673624886665e-02 -5.452338227129670950e-02 -3.392316843573932317e-02 -1.628533590721346902e-02
-2.296883246100776474e-02 -4.958105999748434189e-02 -8.464662471353216755e-02 -1.350581723805887868e-01 -2.088159105361028500e-01 -3.089370310567993716e-01 -4.222311081722358583e-01 -5.139693208754120279e-01 -5.439339548831705340e-01 -4.973321537611495313e-01 -3.979629415231626943e-01 -2.875431434470839265e-01 -1.960295714871867212e-01 -1.316672217772895948e-01 -8.947909517765813281e-02 -6.176639753673612843e-02 -4.271440434657373941e-02 -2.876062170076454025e-02 -1.780142831991661165e-02 -8.521693837239162003e-03
