-5.902660411657643415e-03 -1.190201204612144868e-02 -1.809091870257425322e-02 -2.455363957351892890e-02 -3.135903863642120620e-02 -3.855064408442283180e-02 -4.613232345443026711e-02 -5.404847994816063678e-02 -6.215839971781509515e-02 -7.020595388615284704e-02 -7.778925166405188663e-02 -8.433986155471762114e-02 -8.912767843167347659e-02 -9.131137688872453806e-02 -9.004903775726094683e-02 -8.466199397052476261e-02 -7.481081680550981383e-02 -6.061924378616623255e-02 -4.269667411675005797e-02 -2.206002278067153294e-02
-1.170863650310790746e-02 -2.361447102277367330e-02 -3.590802695683268514e-02 -4.876460105762504826e-02 -6.233187441766246256e-02 -7.671122610738656533e-02 -9.193018075646443299e-02 -1.079032132289936968e-01 -1.243791650134488391e-01 -1.408761695043246331e-01 -1.566111807819595969e-01 -1.704424681131809227e-01 -1.808593329780273928e-01 -1.860684532818755177e-01 -1.842222045073655390e-01 -1.737873758056461826e-01 -1.539613075470483150e-01 -1.249689458817899168e-01 -8.810713971213675333e-02 -4.554328908447947272e-02
-1.731741982694938106e-02 -3.493922676011560619e-02 -5.316211999156600365e-02 -7.226487365063823110e-02 -9.249264209603867692e-02 -1.140322334770994400e-01 -1.369739911127259291e-01 -1.612550530814710059e-01 -1.865789018738778504e-01 -2.123083582835567917e-01 -2.373366969377699587e-01 -2.599588838944286162e-01 -2.777968664856960146e-01 -2.878766597630281754e-01 -2.869767134388940266e-01 -2.722946266171143437e-01 -2.422689174986562277e-01 -1.971812888920695117e-01 -1.392158177732598923e-01 -7.200436740411685077e-02
-2.262183266551941879e-02 -4.566291020754813246e-02 -6.953636440005814268e-02 -9.464014346457280680e-02 -1.213416000262315941e-01 -1.499511013343088617e-01 -1.806785331909922798e-01 -2.135641314931486789e-01 -2.483730123638042964e-01 -2.844413824091945875e-01 -3.204668483296955750e-01 -3.542534449310115741e-01 -3.824746000726102491e-01 -4.006240501244147101e-01 -4.034442101331450758e-01 -3.860560940747603809e-01 -3.455508546613447196e-01 -2.822064096826621959e-01 -1.995338521733597825e-01 -1.032427282587754652e-01
-2.750701230440094278e-02 -5.555424506909248383e-02 -8.468030264680442842e-02 -1.154177576143916029e-01 -1.482825381778307694e-01 -1.837520891057559946e-01 -2.222249439455966091e-01 -2.639499518980467085e-01 -3.089073555138952543e-01 -3.566151898198659520e-01 -4.058247003415243470e-01 -4.540695902965558584e-01 -4.970937687129959315e-01 -5.284076201556121566e-01 -5.396201591966173217e-01 -5.222885955099713096e-01 -4.710389473364965940e-01 -3.860894322764393816e-01 -2.732057102762536216e-01 -1.413196923611207412e-01
-3.185198602220040698e-02 -6.436677706084503736e-02 -9.821285918384412006e-02 -1.340680764988757823e-01 -1.726187304583359505e-01 -2.145498080557427800e-01 -2.605192367357327954e-01 -3.111032169430873462e-01 -3.666895728444320990e-01 -4.272754534031669160e-01 -4.920857706721990521e-01 -5.588658957702899999e-01 -6.227094191625665021e-01 -6.746867026665075429e-01 -7.016021166170670620e-01 -6.888999741528116783e-01 -6.267591090195728798e-01 -5.153309212075483092e-01 -3.644296044861897177e-01 -1.882113391265803348e-01
-3.553416268154152569e-02 -7.184804193823832175e-02 -1.097363055745908811e-01 -1.500229965330821258e-01 -1.935745368846832071e-01 -2.413092326620500661e-01 -2.941989584052970286e-01 -3.532533698279133882e-01 -4.194650710567533469e-01 -4.936619251992629964e-01 -5.761218880771226125e-01 -6.655998455874247988e-01 -7.572269931248747366e-01 -8.393597257794219724e-01 -8.918319724773801083e-01 -8.902540166072284711e-01 -8.173669951370485798e-01 -6.733501428301571501e-01 -4.749484691138691761e-01 -2.445257765795644522e-01
-3.843662824604803657e-02 -7.775493822101955943e-02 -1.188613496726902558e-01 -1.627131069466938029e-01 -2.103472335241536040e-01 -2.629136623244158755e-01 -3.217138338391136165e-01 -3.882437502026320209e-01 -4.642326414819565317e-01 -5.516297750492048513e-01 -6.523367374387658568e-01 -7.670400628101236018e-01 -8.919080880185601412e-01 -1.012704619154008556e+00 -1.100323856673050438e+00 -1.116658511115135477e+00 -1.033779316796382908e+00 -8.520884447879730761e-01 -5.985330443682920221e-01 -3.068528854273953610e-01
-4.045741515065007926e-02 -8.187375262078841476e-02 -1.252410745247484747e-01 -1.716209110724907783e-01 -2.221876711947843031e-01 -2.782843859900782091e-01 -3.414985125253363063e-01 -4.137691634786044848e-01 -4.975375574478985152e-01 -5.959166765234500396e-01 -7.126384561064003087e-01 -8.508123757227449291e-01 -1.008396246140012442e+00 -1.169145990439716343e+00 -1.294706341417449558e+00 -1.331899514683226649e+00 -1.240852614719052394e+00 -1.022361695158364281e+00 -7.150132363753405329e-01 -3.650482319833995848e-01
-4.151927744972559037e-02 -8.404160060729862214e-02 -1.286083237352730058e-01 -1.763418377733250719e-01 -2.284982179540696323e-01 -2.865376904604344244e-01 -3.522257947381622900e-01 -4.277859397965191324e-01 -5.161332637491222730e-01 -6.211895544655222645e-01 -7.480210026986353622e-01 -9.016030600116233806e-01 -1.081447176150357459e+00 -1.270191867926142804e+00 -1.422997604732349153e+00 -1.475732928178274284e+00 -1.379749810951565792e+00 -1.136194436151112708e+00 -7.923006781720377534e-01 -4.034093658397343019e-01
-4.157809896034344449e-02 -8.416506103416322715e-02 -1.288088180332276622e-01 -1.766399699740818507e-01 -2.289257110535255491e-01 -2.871423459604542927e-01 -3.530798213928196816e-01 -4.290005705535577807e-01 -5.178849371276209590e-01 -6.237667548082928004e-01 -7.518990945317166608e-01 -9.075230771220672565e-01 -1.090379944224827202e+00 -1.282972376950319626e+00 -1.439575581378557789e+00 -1.494540419886185134e+00 -1.397997169771717285e+00 -1.151141973544951957e+00 -8.024138940860987557e-01 -4.084119317952421557e-01
-4.062804916980934655e-02 -8.223174890186832342e-02 -1.258219558312811404e-01 -1.724835661592734326e-01 -2.234223708291929733e-01 -2.800261212767768404e-01 -3.439493077494195639e-01 -4.172360289213574713e-01 -5.024987799392705012e-01 -6.031366187633059317e-01 -7.233444774432317148e-01 -8.668686014903297377e-01 -1.032184641475165865e+00 -1.202645611269360426e+00 -1.337666442871787043e+00 -1.380329330467752857e+00 -1.287769597098841201e+00 -1.060891746807453240e+00 -7.412109579046904928e-01 -3.780620881419848311e-01
-3.870234918095062648e-02 -7.831193594413234094e-02 -1.197637284463001078e-01 -1.640500315925953190e-01 -2.122541242250609028e-01 -2.655904468830341258e-01 -3.254542662835037681e-01 -3.934832208461830350e-01 -4.716269395473506876e-01 -5.621826151795541460e-01 -6.675804798296234299e-01 -7.891828435383205775e-01 -9.236244993345512633e-01 -1.056043035116732920e+00 -1.154677003695676829e+00 -1.177160506136044615e+00 -1.092202185117335356e+00 -9.002921865631551279e-01 -6.316140915682241230e-01 -3.234173696089492345e-01
-3.586940432592247707e-02 -7.254992855541313179e-02 -1.108710323154820931e-01 -1.516987677175328231e-01 -1.959537041532732338e-01 -2.446272776003203253e-01 -2.987935261324703440e-01 -3.596083685190325507e-01 -4.282771398982657685e-01 -5.059361988960061618e-01 -5.932867676402399093e-01 -6.895557755755820084e-01 -7.900789591191468286e-01 -8.824730718191700074e-01 -9.442484471491139342e-01 -9.475370843145294319e-01 -8.723911633119636466e-01 -7.190146025939500030e-01 -5.066693633978281985e-01 -2.605754567490857210e-01
-3.222532323664784731e-02 -6.514735408787399040e-02 -9.947173817573269627e-02 -1.359203654079425561e-01 -1.752346954834404780e-01 -2.181714556519470383e-01 -2.654839419346590734e-01 -3.178763386170209704e-01 -3.759072044956589531e-01 -4.397944767028760804e-01 -5.090218727062850723e-01 -5.815535084014614720e-01 -6.524341252104781663e-01 -7.120158149468088782e-01 -7.454054117372912458e-01 -7.357252829741230959e-01 -6.714107751754391229e-01 -5.525859866944824450e-01 -3.906319539547953856e-01 -2.016124409399230599e-01
-2.788452945912212391e-02 -5.634241848860457175e-02 -8.594824741645225308e-02 -1.172763273675451051e-01 -1.508933060214720512e-01 -1.873399332763340530e-01 -2.270943883838094646e-01 -2.705047496440841082e-01 -3.176706903071787047e-01 -3.682427421355528030e-01 -4.210914695445843181e-01 -4.737878914090521976e-01 -5.218913260635906770e-01 -5.583102232680399180e-01 -5.735350195191216693e-01 -5.577412364605558448e-01 -5.045537802681890893e-01 -4.141441155148793962e-01 -2.931341489177134441e-01 -1.516033830678839289e-01
-2.297034563939906460e-02 -4.638954789456862376e-02 -7.070253365193829298e-02 -9.634344821967376349e-02 -1.237223203205202321e-01 -1.532006003269312799e-01 -1.850489038800978980e-01 -2.193773326525595979e-01 -2.560254554123710946e-01 -2.943962006167372691e-01 -3.332194147310712506e-01 -3.702473040570895546e-01 -4.019411557069990093e-01 -4.233426309594128245e-01 -4.284952200316076709e-01 -4.117375525546483894e-01 -3.696149053741620283e-01 -3.023628660983333494e-01 -2.139389529984797866e-01 -1.107201891852674508e-01
-1.760728819485200131e-02 -3.554287183508118841e-02 -5.412892110521057981e-02 -7.367267687758621841e-02 -9.445196910866161810e-02 -1.166912625859641006e-01 -1.405233016967283588e-01 -1.659301842313831987e-01 -1.926571357752953906e-01 -2.200936767110260317e-01 -2.471242009065449385e-01 -2.719682045618160293e-01 -2.920680626844851524e-01 -3.041395470538877377e-01 -3.045397580348643829e-01 -2.900312594965442359e-01 -2.587593389927466681e-01 -2.109765051682174486e-01 -1.491011468848902621e-01 -7.715169788335077272e-02
-1.191590358107301982e-02 -2.404571451746973648e-02 -3.659762211956740785e-02 -4.976641402095135364e-02 -6.372166293116214575e-02 -7.858920070397333590e-02 -9.442284262461449196e-02 -1.111629804454000309e-01 -1.285791880388217900e-01 -1.461966759085297218e-01 -1.632127786618413345e-01 -1.784224155438208503e-01 -1.901911530121686844e-01 -1.965353393718443364e-01 -1.953695569325321624e-01 -1.849287777502756080e-01 -1.642583159400407833e-01 -1.335665069472968536e-01 -9.427202270779889981e-02 -4.875755561131659560e-02
-6.010589662095012706e-03 -1.212644109684106117e-02 -1.844944829427689476e-02 -2.507373739090587930e-02 -3.207910697848063292e-02 -3.952104825712655922e-02 -4.741590238129436696e-02 -5.571971372011225165e-02 -6.429998347754130317e-02 -7.290104677948400225e-02 -8.110753564341395550e-02 -8.831630599630251044e-02 -9.373516900897614634e-02 -9.643289958285015950e-02 -9.546039085662011425e-02 -9.003791360513260789e-02 -7.976094074471304363e-02 -6.474601662102422162e-02 -4.565550323330518773e-02 -2.360332928263673621e-02
