-7.295573388600554154e-03 -1.475181774447843069e-02 -2.252764848148977248e-02 -3.077696831538638544e-02 -3.964214321605663560e-02 -4.924191556034608619e-02 -5.965077091479949883e-02 -7.086618838909183871e-02 -8.276035809276441335e-02 -9.501525980908302749e-02 -1.070467907903400462e-01 -1.179378989595342292e-01 -1.264228062610139036e-01 -1.309835970051406451e-01 -1.301060853188185096e-01 -1.226612206396531513e-01 -1.082599092653735717e-01 -8.739029138707718469e-02 -6.127086915455109972e-02 -3.154317633514184399e-02
-1.443047438136870093e-02 -2.918404766968409753e-02 -4.458180582701262024e-02 -6.093807943387108406e-02 -7.854968754426189248e-02 -9.767474627722837199e-02 -1.184949785499529729e-01 -1.410536184718701180e-01 -1.651599452080553532e-01 -1.902536691680597469e-01 -2.152330230798233102e-01 -2.382787216340851166e-01 -2.567614245598445200e-01 -2.673895498243451518e-01 -2.667563148900015113e-01 -2.522532824774560423e-01 -2.229667107037593965e-01 -1.800168104852245821e-01 -1.261434846945413135e-01 -6.489945787797557486e-02
-2.124227458406972857e-02 -4.297209056594346321e-02 -6.567744512502840526e-02 -8.984385343548410841e-02 -1.159437790437010396e-01 -1.444124013399031015e-01 -1.756007717803662049e-01 -2.096933169975005173e-01 -2.465718093608948169e-01 -2.856045582800395000e-01 -3.253445838831712789e-01 -3.631547196897246255e-01 -3.948841564717565644e-01 -4.149215802052065305e-01 -4.170794526036807337e-01 -3.964116655132105538e-01 -3.511551765042504325e-01 -2.834515870569793705e-01 -1.983314524426527947e-01 -1.018910081971677872e-01
-2.756653287966483873e-02 -5.578459319325328181e-02 -8.531202892981225305e-02 -1.168161089450019952e-01 -1.509691726872491868e-01 -1.884303030836242121e-01 -2.298023612703500862e-01 -2.755467911278223769e-01 -3.258273229753409495e-01 -3.802360175313576618e-01 -4.373324792164693386e-01 -4.939324921782787259e-01 -5.442457422856671334e-01 -5.794631388855628895e-01 -5.889620340201596749e-01 -5.637617992735604044e-01 -5.006224476530397594e-01 -4.035622471039107539e-01 -2.814837845114289139e-01 -1.442034508027074946e-01
-3.323926304672108339e-02 -6.728772028337581812e-02 -1.029699674842767254e-01 -1.411393795999466849e-01 -1.826864984992898899e-01 -2.285372645998819119e-01 -2.796314437654842111e-01 -3.368628305568678871e-01 -4.009444785973691472e-01 -4.721204684319316724e-01 -5.495557396544528128e-01 -6.301247461522931914e-01 -7.064939594169336035e-01 -7.654817065668362286e-01 -7.893707501343487642e-01 -7.622406942567678811e-01 -6.783149543314839214e-01 -5.450803299602946517e-01 -3.781026947671985994e-01 -1.928068409732495436e-01
-3.810279940703135276e-02 -7.715705567574360213e-02 -1.181407406706751623e-01 -1.620849418913106466e-01 -2.101001723479703764e-01 -2.634007731624346538e-01 -3.233228297432024223e-01 -3.913236931846564293e-01 -4.689296362243571270e-01 -5.575267213185458592e-01 -6.576804222094229102e-01 -7.672931939680692759e-01 -8.779592475591231349e-01 -9.709240986012853680e-01 -1.017985618680696591e+00 -9.923468879974209900e-01 -8.842675990346045012e-01 -7.069971836557396028e-01 -4.866268655716602387e-01 -2.465849663395855984e-01
-4.201487755040407557e-02 -8.509696098287117261e-02 -1.303509949354653141e-01 -1.789594700296662233e-01 -2.322284660885432783e-01 -2.916427193131940210e-01 -3.589340441497873568e-01 -4.361657194407728144e-01 -5.258181694071234480e-01 -6.307630904657742787e-01 -7.536430894169716677e-01 -8.943776269482736074e-01 -1.044253618895170321e+00 -1.178357470553489605e+00 -1.255391461280190635e+00 -1.234385720009900655e+00 -1.100444404487215255e+00 -8.746307429088377994e-01 -5.968570485623631017e-01 -3.003612696225121947e-01
-4.485974906190354217e-02 -9.086491239576507950e-02 -1.392068042523327553e-01 -1.911734696760104824e-01 -2.482114842061276805e-01 -3.120073710896582586e-01 -3.846020167977992621e-01 -4.685577620817995559e-01 -5.671902360556251299e-01 -6.847620342110967151e-01 -8.260111679261802342e-01 -9.931426574333849233e-01 -1.177748164822588706e+00 -1.349607010624134684e+00 -1.455117225180748486e+00 -1.439627214404360700e+00 -1.283269395719493389e+00 -1.014836162722901003e+00 -6.876570514988612493e-01 -3.441041243473793032e-01
-4.655920591116487206e-02 -9.429613235202487231e-02 -1.444378359300761694e-01 -1.983161140642296094e-01 -2.574366028635571291e-01 -3.235729092238192051e-01 -3.989042368020619400e-01 -4.862260583959084337e-01 -5.892623872442085409e-01 -7.129871050908429542e-01 -8.632564691699311510e-01 -1.043560706988899689e+00 -1.245797457122455265e+00 -1.437083915885543517e+00 -1.557359316995592158e+00 -1.544694110275782073e+00 -1.376581967501992576e+00 -1.085987128810488977e+00 -7.334127526438930511e-01 -3.660234455776880114e-01
-4.708094133684431748e-02 -9.532257393360800413e-02 -1.459322904796313547e-01 -2.002165411212496748e-01 -2.596458758757034802e-01 -3.259429935771018250e-01 -4.012102868990403137e-01 -4.881224703905686635e-01 -5.902061136790217599e-01 -7.121090863287110606e-01 -8.591906456438505035e-01 -1.034371411502982063e+00 -1.229378042196096255e+00 -1.412376199823099254e+00 -1.525922193437528218e+00 -1.511059560198650731e+00 -1.346375982782990199e+00 -1.063160591729579219e+00 -7.190337543363701789e-01 -3.592726217784566467e-01
-4.644198655528761210e-02 -9.398093033527417373e-02 -1.437522094955557550e-01 -1.969718808272754029e-01 -2.549873384909310814e-01 -3.193425038630303692e-01 -3.918661952292624706e-01 -4.747943426291010294e-01 -5.709234466533122943e-01 -6.836857663947569774e-01 -8.165944028019128664e-01 -9.705047758144988990e-01 -1.136698813018849119e+00 -1.287653680229668529e+00 -1.376254402888301032e+00 -1.355141098883748674e+00 -1.207135931821476937e+00 -9.569759064652436642e-01 -6.509561594235193649e-01 -3.267751911697768241e-01
-4.470607296086944599e-02 -9.040695078079130642e-02 -1.381237345104126546e-01 -1.889314290270982799e-01 -2.439890751525987389e-01 -3.045732067855412284e-01 -3.721139625495550329e-01 -4.482280344382508774e-01 -5.347221127548101860e-01 -6.334564890983032104e-01 -7.456816395647338780e-01 -8.699152254766715497e-01 -9.973615036822852664e-01 -1.106448295999552522e+00 -1.163347311529552730e+00 -1.135303705308871480e+00 -1.010472452602610760e+00 -8.054833406313440802e-01 -5.524207920433558128e-01 -2.791599979315807500e-01
-4.197535315044281790e-02 -8.481706194999018289e-02 -1.294043444383491670e-01 -1.766410211974653865e-01 -2.274643128662285629e-01 -2.828471332316643827e-01 -3.437864527076435750e-01 -4.112619294490454380e-01 -4.861287390029060407e-01 -5.688542154584937949e-01 -6.588720891315420491e-01 -7.531217195127123398e-01 -8.434807276783348184e-01 -9.142600596389687251e-01 -9.434454015203148636e-01 -9.108239595622600326e-01 -8.091392118178175608e-01 -6.482861756334019621e-01 -4.482390916060823849e-01 -2.280287826534692086e-01
-3.837827576020123865e-02 -7.748159518661591749e-02 -1.180355554043762412e-01 -1.607639912245655001e-01 -2.063800136824309461e-01 -2.555644957724209632e-01 -3.089219924651806504e-01 -3.668965132836318754e-01 -4.296155505797266683e-01 -4.966040422495781592e-01 -5.662639367578203853e-01 -6.349838947458898986e-01 -6.959211012919721551e-01 -7.382106709461790928e-01 -7.483033018489686494e-01 -7.145354382305340035e-01 -6.327922484035490847e-01 -5.086127398026476509e-01 -3.538063231223892990e-01 -1.809220945790892821e-01
-3.405615298868419627e-02 -6.869548419807550155e-02 -1.044922853866972062e-01 -1.419993693033611004e-01 -1.817272479110615124e-01 -2.241088206555778839e-01 -2.694402625634103043e-01 -3.177841413367414880e-01 -3.688142244853173657e-01 -4.215738711865446575e-01 -4.741171063721657530e-01 -5.230297431294022026e-01 -5.629591330005123684e-01 -5.865826421819657632e-01 -5.857052500419857033e-01 -5.537373755349799254e-01 -4.884402957057924488e-01 -3.929467523937465456e-01 -2.742701936017220010e-01 -1.406943656650563590e-01
-2.915085197569718817e-02 -5.875190113788301277e-02 -8.923873102511027666e-02 -1.210139491581298382e-01 -1.544207834314043903e-01 -1.897032666679240587e-01 -2.269460358086314300e-01 -2.659849942945720636e-01 -3.062790049880684262e-01 -3.467349604255767770e-01 -3.854900430704354397e-01 -4.196885599579242565e-01 -4.453652493276032409e-01 -4.576550372658403365e-01 -4.515772994566297216e-01 -4.233775827938502379e-01 -3.718670686139713966e-01 -2.989310107711660724e-01 -2.088967160200744799e-01 -1.073168234946950406e-01
-2.379535430231062218e-02 -4.792253794548897300e-02 -7.269678815382714376e-02 -9.839691043095663558e-02 -1.252386678321171509e-01 -1.533374222910693363e-01 -1.826556040426933480e-01 -2.129306911857283269e-01 -2.435810738001153997e-01 -2.735925014378712827e-01 -3.014000847920750292e-01 -3.248042041688444792e-01 -3.409936494683593056e-01 -3.467789184896940546e-01 -3.391113686855805609e-01 -3.158211403408441309e-01 -2.762949997453202911e-01 -2.217444574519784883e-01 -1.549395377647457273e-01 -7.962910875302664504e-02
-1.810802856688831924e-02 -3.644610880830227717e-02 -5.522897312622260246e-02 -7.463823476265550594e-02 -9.479955225024300214e-02 -1.157521474050273447e-01 -1.374082620551441702e-01 -1.595010735896049414e-01 -1.815219907407672750e-01 -2.026532927362411918e-01 -2.217109945153505068e-01 -2.371258678962810118e-01 -2.470043180285060036e-01 -2.493135610366440380e-01 -2.422069123333643048e-01 -2.244330886378836931e-01 -1.956908609929949028e-01 -1.567764823487088344e-01 -1.094706645036519765e-01 -5.625380520582155819e-02
-1.219065066960342558e-02 -2.452489564050473053e-02 -3.713475982767085182e-02 -5.012750045695979484e-02 -6.356915622781357522e-02 -7.746334972296073373e-02 -9.172421979833753070e-02 -1.061433472402002198e-01 -1.203525094005721829e-01 -1.337876216068892010e-01 -1.456644676214780831e-01 -1.549830795545947826e-01 -1.605819800041954903e-01 -1.612598513996749416e-01 -1.559634556662295168e-01 -1.440066269493575080e-01 -1.252531759983882553e-01 -1.001963347338209048e-01 -6.991109471722702084e-02 -3.591481563971683083e-02
-6.129677873221183772e-03 -1.232806053234663038e-02 -1.865766766909573993e-02 -2.516784754705161595e-02 -3.188621964594057223e-02 -3.880787253339260806e-02 -4.588191961246967931e-02 -5.299558573718517185e-02 -5.995707681381613752e-02 -6.648021277232436799e-02 -7.217615375818493828e-02 -7.655993460457040378e-02 -7.908050175535306925e-02 -7.918008257548819762e-02 -7.637995791909103771e-02 -7.037626506943261973e-02 -6.111844366147621554e-02 -4.884430662941960377e-02 -3.406243108805490777e-02 -1.749431215098624579e-02
