-1.030052057223942129e-02 -1.989709500419482510e-02 -2.818836892679224895e-02 -3.475291539081453579e-02 -3.938526387204974166e-02 -4.208762278418582553e-02 -4.302702499881552733e-02 -4.247529208436943982e-02 -4.074926128089526728e-02 -3.816302879107753843e-02 -3.499672074357287888e-02 -3.148073864578635611e-02 -2.779168527115195506e-02 -2.405563910786186199e-02 -2.035517199466691310e-02 -1.673759678106526497e-02 -1.322295715083765533e-02 -9.811038572866231239e-03 -6.487183204494432337e-03 -3.226971772622631591e-03
-2.130498782171340658e-02 -4.109948827906773766e-02 -5.810346501590057250e-02 -7.143802692949136057e-02 -8.070051660731616949e-02 -8.593820208189228982e-02 -8.754518482169314220e-02 -8.612488246238315936e-02 -8.235872315558737111e-02 -7.690613344392611961e-02 -7.034311525102096563e-02 -6.313454994097407458e-02 -5.563036448392735117e-02 -4.807570003582458534e-02 -4.062745246907273344e-02 -3.337225831945330595e-02 -2.634319303503208226e-02 -1.953401505400161053e-02 -1.291072338837395694e-02 -6.420704585849623322e-03
-3.381992889303596372e-02 -6.509238640970893552e-02 -9.168795166832290067e-02 -1.121951904742091721e-01 -1.260405602182842200e-01 -1.334194784941552525e-01 -1.350906281725034741e-01 -1.321203302928095902e-01 -1.256546159267892260e-01 -1.167596666421267665e-01 -1.063350590439294252e-01 -9.508398293447047067e-02 -8.351952566927871302e-02 -7.198934563249211049e-02 -6.070668090350873208e-02 -4.978079173373401584e-02 -3.924354207273029332e-02 -2.907110686784509027e-02 -1.920099143132813352e-02 -9.545124223369323355e-03
-4.888211195159888889e-02 -9.376182262358244424e-02 -1.313603535853269944e-01 -1.596138603976703929e-01 -1.778468135665780825e-01 -1.866084037795092687e-01 -1.872774758860224487e-01 -1.816111838103102449e-01 -1.713797437951135039e-01 -1.581428603555267154e-01 -1.431534754753938932e-01 -1.273468005841163486e-01 -1.113744152913355434e-01 -9.565547839427962495e-02 -8.042913651923390417e-02 -6.580068723135600040e-02 -5.177907820366406400e-02 -3.830588093744666245e-02 -2.527701298521715934e-02 -1.255880200024791886e-02
-6.794359860178481036e-02 -1.297076806748822531e-01 -1.803722409206645894e-01 -2.170481944334217150e-01 -2.391211617989369431e-01 -2.478881932552494671e-01 -2.457990544197407035e-01 -2.356670059585080079e-01 -2.201102778749274569e-01 -2.012785536153127441e-01 -1.807891859423693404e-01 -1.597753346531584628e-01 -1.389758611430769175e-01 -1.188290210780984651e-01 -9.955370199226858119e-02 -8.121374541049496132e-02 -6.376620454543664718e-02 -4.709632841589803803e-02 -3.104237834499483373e-02 -1.541307218492323113e-02
-9.315309796290723032e-02 -1.767046740154850637e-01 -2.433163968036249625e-01 -2.890357933083982367e-01 -3.136681813781557193e-01 -3.200072850095451171e-01 -3.123570631891122718e-01 -2.951456218771555395e-01 -2.721153973196221987e-01 -2.460718250302026677e-01 -2.189493786283600862e-01 -1.919894951880115330e-01 -1.659246800164317914e-01 -1.411310467202710195e-01 -1.177429091836403874e-01 -9.573439223562686673e-02 -7.497566972810670860e-02 -5.527085263732971904e-02 -3.638310085788460518e-02 -1.805110856743711439e-02
-1.277213189975736352e-01 -2.402685998896346986e-01 -3.267186865300104603e-01 -3.817271854083972848e-01 -4.062520968267406274e-01 -4.059856724817063056e-01 -3.884263032171359487e-01 -3.604284557353832907e-01 -3.271306514535468057e-01 -2.919434360165167330e-01 -2.569469467054418810e-01 -2.233085871141961276e-01 -1.916023210493197904e-01 -1.620275808318890898e-01 -1.345524999608043448e-01 -1.090052491989256661e-01 -8.513123398719522894e-02 -6.262831468931860657e-02 -4.116806477464242386e-02 -2.040826101229346184e-02
-1.760451242579151310e-01 -3.277510908473893481e-01 -4.390259885171438059e-01 -5.026633951113216314e-01 -5.221295038633290142e-01 -5.084973414923303903e-01 -4.746419663699477098e-01 -4.309261321044415283e-01 -3.840165177617651526e-01 -3.376211774186422820e-01 -2.935859926254451580e-01 -2.526955533322065017e-01 -2.151484388873146636e-01 -1.808244599569636679e-01 -1.494342651683508716e-01 -1.206028765086731153e-01 -9.391570801166894411e-02 -6.894311045928436243e-02 -4.525258336591422154e-02 -2.241386999820900797e-02
-2.424263905456684742e-01 -4.460164864232286641e-01 -5.877374288351147058e-01 -6.578564038259402391e-01 -6.644718931734652223e-01 -6.278680093579389609e-01 -5.694246859712888131e-01 -5.042406416001308234e-01 -4.403048393536308502e-01 -3.809248233578078069e-01 -3.270785302859008370e-01 -2.787390327056945005e-01 -2.354714139444679388e-01 -1.966875591454751437e-01 -1.617572284620378276e-01 -1.300562911382019404e-01 -1.009856164198237316e-01 -7.397583992409531572e-02 -4.848528840784618182e-02 -2.399463448382729153e-02
-3.265559702146653143e-01 -5.937616408736972051e-01 -7.703398895299442550e-01 -8.432694054340205136e-01 -8.277653565312442785e-01 -7.577842658001409104e-01 -6.666060926706504075e-01 -5.750414705251792880e-01 -4.917578147581539993e-01 -4.186479330321951076e-01 -3.550583401292475849e-01 -2.997100692018415113e-01 -2.513105910628662953e-01 -2.086971367683299050e-01 -1.708508039844985615e-01 -1.368794487450434583e-01 -1.059946345191819378e-01 -7.748934736332716011e-02 -5.071809649581216634e-02 -2.507937874441922010e-02
-4.163710055412457867e-01 -7.497094577644728419e-01 -9.606239982770922170e-01 -1.032415904492765879e+00 -9.888673288238681858e-01 -8.801569267016455811e-01 -7.531242952403652824e-01 -6.343410298361276123e-01 -5.323255744493973207e-01 -4.467316154932814420e-01 -3.747817107254078905e-01 -3.137308681877515881e-01 -2.613636451604097188e-01 -2.159395925838676344e-01 -1.760694066045536410e-01 -1.406160728049352104e-01 -1.086241310946351873e-01 -7.926882283970879128e-02 -5.181837233620183170e-02 -2.560478243023512832e-02
-4.856944763887539596e-01 -8.690767106997212554e-01 -1.104901948382072785e+00 -1.173509143752741402e+00 -1.105812630059332502e+00 -9.654085611899977382e-01 -8.100773890575670988e-01 -6.706605274878854051e-01 -5.550994000950751905e-01 -4.609414033520866649e-01 -3.835768506675195644e-01 -3.190652484914069942e-01 -2.644733309201537375e-01 -2.176281758487865481e-01 -1.768711612437553204e-01 -1.408913104845468667e-01 -1.086170012872169216e-01 -7.914344502548339988e-02 -5.168178733355806992e-02 -2.552137854135528780e-02
-5.059426902435739670e-01 -9.034822922916606602e-01 -1.145676629107351685e+00 -1.211968823380463078e+00 -1.135604627600961924e+00 -9.845103856330617020e-01 -8.199452945514454916e-01 -6.740398623173410320e-01 -5.544631186667010603e-01 -4.580216400976222513e-01 -3.794763783708873794e-01 -3.144758472520520209e-01 -2.598359621881353720e-01 -2.132286061812813105e-01 -1.728957556995489586e-01 -1.374610129025378991e-01 -1.058091243495347528e-01 -7.700617295777710536e-02 -5.024395503176946887e-02 -2.479894306113892416e-02
-4.667772421865473143e-01 -8.354805001542815468e-01 -1.062252247869705402e+00 -1.128217076874521885e+00 -1.062916993865832493e+00 -9.272073118748097587e-01 -7.765998593501192149e-01 -6.410201955755847614e-01 -5.284667883518241460e-01 -4.368330758732444363e-01 -3.617838830479254697e-01 -2.995212559019375664e-01 -2.471657395687841541e-01 -2.025545162472923433e-01 -1.640222461210339433e-01 -1.302478659144740980e-01 -1.001523173285844420e-01 -7.282817141647320025e-02 -4.748891732307445462e-02 -2.343043858947183034e-02
-3.846668470069933288e-01 -6.928168134256195154e-01 -8.874552436657200394e-01 -9.531578480131133180e-01 -9.117270103524839353e-01 -8.092780736823710352e-01 -6.891906593048460206e-01 -5.765120385523533342e-01 -4.796812461116621296e-01 -3.987469055834611531e-01 -3.312650826047335850e-01 -2.746557384370159616e-01 -2.267509504657301278e-01 -1.858014623092500983e-01 -1.503908489083944089e-01 -1.193558941365768927e-01 -9.172411244504694028e-02 -6.666528329585150181e-02 -4.345310435390049159e-02 -2.143389326305862250e-02
-2.892443781063600561e-01 -5.256948228802099665e-01 -6.809558835568584323e-01 -7.434536096160659913e-01 -7.266983259180184174e-01 -6.608786221050255705e-01 -5.758767732419065588e-01 -4.907656171388418698e-01 -4.138083724903553473e-01 -3.470087829346550357e-01 -2.898484936703833448e-01 -2.410832348446836360e-01 -1.993806906777451371e-01 -1.635095265714401613e-01 -1.323837962273330671e-01 -1.050607541876960316e-01 -8.072296112992580208e-02 -5.865574805592494584e-02 -3.822432416690101781e-02 -1.885202865763192792e-02
-2.032395837500951263e-01 -3.731398741831976618e-01 -4.896515139192135213e-01 -5.445409493551186531e-01 -5.449299787644525939e-01 -5.084307791620348294e-01 -4.537409712941273821e-01 -3.942623742540288800e-01 -3.372027986526648924e-01 -2.855350609771586390e-01 -2.400246554950598021e-01 -2.004468477819212613e-01 -1.661789689592643449e-01 -1.364721552534473303e-01 -1.105740584725602021e-01 -8.778036993747470595e-02 -6.745123519135945434e-02 -4.901042699119026458e-02 -3.193641481203122329e-02 -1.574989597793739760e-02
-1.346964902972974110e-01 -2.495869085229220352e-01 -3.315759681932145542e-01 -3.750688419948228214e-01 -3.832835794361585391e-01 -3.656701610678630421e-01 -3.331247464563484861e-01 -2.943873308006136336e-01 -2.549948980288586631e-01 -2.178687586103913998e-01 -1.842637507142286524e-01 -1.545001060769728429e-01 -1.284161539560707554e-01 -1.056260676570287133e-01 -8.565991369976239111e-02 -6.803543755235946788e-02 -5.229118650309985683e-02 -3.799831244337354558e-02 -2.476101111908722910e-02 -1.221113874140730693e-02
-8.155377734421717650e-02 -1.521685263174958613e-01 -2.041180553656411489e-01 -2.339213004667089757e-01 -2.428130552497035077e-01 -2.354820355291943057e-01 -2.177933883539247273e-01 -1.949029305410546753e-01 -1.704623001961113049e-01 -1.466715455591412476e-01 -1.246602459972366572e-01 -1.048735563132272425e-01 -8.735946612300390934e-02 -7.195604910306599433e-02 -5.840409276538322675e-02 -4.641028404389039436e-02 -3.567976492844949360e-02 -2.593062701732694320e-02 -1.689817754729055696e-02 -8.333646461460836666e-03
-3.842339137337057869e-02 -7.199202565826244571e-02 -9.714923530744527802e-02 -1.122226213531197087e-01 -1.175867357942494557e-01 -1.151552349933183256e-01 -1.074730349942056296e-01 -9.691309379533875890e-02 -8.526754338222437835e-02 -7.369282233599076803e-02 -6.283187300815820664e-02 -5.297438422243134354e-02 -4.419210517256455528e-02 -3.643456981311871817e-02 -2.959012652387763009e-02 -2.352184333523539561e-02 -1.808696536780045674e-02 -1.314625403949216259e-02 -8.567425047266418250e-03 -4.225268026897860581e-03
