-1.450988641160211139e-03 -2.963790716737030404e-03 -4.605212979067713208e-03 -6.452723127796764976e-03 -8.601593749557554305e-03 -1.117461586697213530e-02 -1.433599424785282975e-02 -1.831191362395341235e-02 -2.342171282514348557e-02 -3.012596386107846760e-02 -3.910142126834634940e-02 -5.135744748907868779e-02 -6.840610551291279040e-02 -9.244051044287533714e-02 -1.261974524207625237e-01 -1.714555712871161375e-01 -2.244900284015186043e-01 -2.687757755710710739e-01 -2.713279902837262836e-01 -1.916593182696832987e-01
-2.840163023272756701e-03 -5.798959815044817459e-03 -9.004337074489230167e-03 -1.260408517124901422e-02 -1.677903503214681763e-02 -2.176087383125404826e-02 -2.785744555043059845e-02 -3.548994423876118687e-02 -4.524896507710879368e-02 -5.798057725579949806e-02 -7.492029226198972103e-02 -9.790147495917635168e-02 -1.296611174504416486e-01 -1.741615357894694682e-01 -2.363370390101176555e-01 -3.193469265967491255e-01 -4.162625038255737819e-01 -4.967263728388036648e-01 -5.002740903582951759e-01 -3.527520214639199847e-01
-4.110702067939369340e-03 -8.387546844644662436e-03 -1.300908875609372954e-02 -1.818024428801372216e-02 -2.414958630239144241e-02 -3.123239653160845078e-02 -3.984296582496656136e-02 -5.054144910420532710e-02 -6.410360853404142856e-02 -8.162682973952735399e-02 -1.046941287796592235e-01 -1.356296298169282211e-01 -1.778777827264176326e-01 -2.364132966863331797e-01 -3.174416925968698844e-01 -4.249195866574359548e-01 -5.498610024161099119e-01 -6.530144928697377837e-01 -6.560458160837476793e-01 -4.625183206688215920e-01
-5.215097018060946103e-03 -1.063143409375603629e-02 -1.646422512833675342e-02 -2.295821590208651022e-02 -3.040666789421046096e-02 -3.917615747051644837e-02 -4.974056795436768846e-02 -6.272927175264456090e-02 -7.899716772783833829e-02 -9.972865095257911483e-02 -1.265948971038816095e-01 -1.619940925922095931e-01 -2.094011289636435458e-01 -2.737244843374558312e-01 -3.609093449664910747e-01 -4.742666082652224335e-01 -6.034402000737224547e-01 -7.067281131494700386e-01 -7.024538685584200692e-01 -4.912714240419999157e-01
-6.118250144908238611e-03 -1.245886566534313254e-02 -1.925815987213464614e-02 -2.678172562429700226e-02 -3.534271082321807644e-02 -4.532499506625081026e-02 -5.721387242498552489e-02 -7.163789658907145086e-02 -8.942711505887625256e-02 -1.116953437168155816e-01 -1.399576823225190947e-01 -1.762979299253698839e-01 -2.235883313477404211e-01 -2.856428654764289754e-01 -3.666349422705209582e-01 -4.677111337044760897e-01 -5.776202749228049882e-01 -6.583834270118431586e-01 -6.393977991834898233e-01 -4.381538990591755667e-01
-6.799036875603231903e-03 -1.382761645628757113e-02 -2.132782142905580158e-02 -2.956781365250027091e-02 -3.885745327124800336e-02 -4.956723585981839819e-02 -6.215202556941138573e-02 -7.718132103241784336e-02 -9.537803093064195492e-02 -1.176676378181261140e-01 -1.452386112236575544e-01 -1.796102307665304876e-01 -2.226822814602503198e-01 -2.766393086886506092e-01 -3.432064871865259659e-01 -4.208974772603064074e-01 -4.984091676839943474e-01 -5.454572450341572676e-01 -5.105824744380897950e-01 -3.381910579724324295e-01
-7.250280043473115305e-03 -1.472474007042622567e-02 -2.265769294578387147e-02 -3.130425168208983422e-02 -4.095204876877054506e-02 -5.193446646532644956e-02 -6.464566695214912784e-02 -7.955732474277646404e-02 -9.723603313356422861e-02 -1.183583917416643760e-01 -1.437165444393987690e-01 -1.741975076899308084e-01 -2.106956684512593103e-01 -2.538463411037645279e-01 -3.032642687090436051e-01 -3.555881804838521565e-01 -4.006126583065734992e-01 -4.167980545643365509e-01 -3.718954673218282103e-01 -2.354017897717134156e-01
-7.477342444868594756e-03 -1.516336905851108086e-02 -2.327395495177670554e-02 -3.203944606400230266e-02 -4.171201926050507880e-02 -5.257290801964292770e-02 -6.493884542386842151e-02 -7.916627046762152176e-02 -9.565037239332596641e-02 -1.148132673808359844e-01 -1.370706061366666340e-01 -1.627565023846865577e-01 -1.919684331460492499e-01 -2.242548777680085093e-01 -2.579879857341032534e-01 -2.891655898893594756e-01 -3.095595274589998391e-01 -3.052346326280646061e-01 -2.584037488161685658e-01 -1.555576091134441286e-01
-7.495720585251068081e-03 -1.517743669287258297e-02 -2.323530789752151909e-02 -3.186755219651978693e-02 -4.128366722276272799e-02 -5.170629611010686688e-02 -6.337052884994993918e-02 -7.651853314626597125e-02 -9.138590802965458615e-02 -1.081736649406108697e-01 -1.269957417648089892e-01 -1.477856752444167143e-01 -1.701365912681442882e-01 -1.930353360795023510e-01 -2.144380445923459166e-01 -2.306538227450063150e-01 -2.356798293819001300e-01 -2.211544226947299019e-01 -1.782539740327300504e-01 -1.024845017300714672e-01
-7.328103651202318505e-03 -1.481534745839002513e-02 -2.262228362725191705e-02 -3.091178133636140676e-02 -3.984879497071303761e-02 -4.959807493172470327e-02 -6.031843580228421486e-02 -7.215141820166078024e-02 -8.520105282940873548e-02 -9.949972626473027604e-02 -1.149529190135268886e-01 -1.312528776448803614e-01 -1.477491267945337805e-01 -1.632648610830721714e-01 -1.758603899766052470e-01 -1.825881453065286708e-01 -1.793983114500720677e-01 -1.615604014555787060e-01 -1.251039242610297864e-01 -6.941139733973006321e-02
-7.001346710471257652e-03 -1.413356571046731416e-02 -2.152669371213004543e-02 -2.930848883601821012e-02 -3.760164999132815239e-02 -4.651876927886108848e-02 -5.615371618508745166e-02 -6.656764639535073247e-02 -7.776715020634396291e-02 -8.967125878163358099e-02 -1.020633051403524449e-01 -1.145235902995301869e-01 -1.263406428707503359e-01 -1.364053682389890498e-01 -1.431083807088553705e-01 -1.442941180328313477e-01 -1.373815774625672115e-01 -1.198218302074030434e-01 -9.003818351618454729e-02 -4.873946490856687075e-02
-6.543719156589064556e-03 -1.319087357637403930e-02 -2.004243432733700259e-02 -2.719382466553801198e-02 -3.473054095922649409e-02 -4.272163156133172018e-02 -5.121001008474477395e-02 -6.019829479206458694e-02 -6.962863567403115850e-02 -7.935484280051220696e-02 -8.910544240346682243e-02 -9.843750039619726666e-02 -1.066842541148583096e-01 -1.129062106011109734e-01 -1.158673748087330202e-01 -1.140766521078963314e-01 -1.059550307082134935e-01 -9.019363822521013485e-02 -6.631618809103705103e-02 -3.531226676717684476e-02
-5.982656414110280180e-03 -1.204377555926358818e-02 -1.825834116546934047e-02 -2.469382966302455934e-02 -3.140505119234368592e-02 -3.842720098582126653e-02 -4.576639218557339295e-02 -5.338688211579490500e-02 -6.119424608002207305e-02 -6.901402648177380750e-02 -7.656611206598064323e-02 -8.343670472042383213e-02 -8.905263205339830623e-02 -9.266768473872066814e-02 -9.337754337806816740e-02 -9.018763211222650955e-02 -8.216182050904946577e-02 -6.866870075633202397e-02 -4.970134247510776121e-02 -2.617131002981008120e-02
-5.343131259677959786e-03 -1.074323042998639316e-02 -1.625332139111798982e-02 -2.191809572001050810e-02 -2.776862690690437563e-02 -3.381572252580291454e-02 -4.004146906377155368e-02 -4.638858711376236260e-02 -5.274743241874495919e-02 -5.894089484202554713e-02 -6.470826922614830723e-02 -6.969056594185937814e-02 -7.342187756098486617e-02 -7.533433480573151209e-02 -7.478741696711159459e-02 -7.113430007412653577e-02 -6.383536634034359114e-02 -5.261690483957028042e-02 -3.764751726980924279e-02 -1.966973991113430895e-02
-4.646638041051598562e-03 -9.332691874786368941e-03 -1.409361484140510094e-02 -1.895659964839685810e-02 -2.393563121107736280e-02 -2.902558772076693078e-02 -3.419516788348726105e-02 -3.937855747844073995e-02 -4.446599358139818881e-02 -4.929384320478354814e-02 -5.363549539103718011e-02 -5.719540647785045090e-02 -5.960996897357654506e-02 -6.046035341613287956e-02 -5.930348116766690630e-02 -5.572676851214320576e-02 -4.942840267814523070e-02 -4.031596211819992587e-02 -2.860197213291587950e-02 -1.486000809040788698e-02
-3.910727389816175993e-03 -7.847282945697029929e-03 -1.183184322974668509e-02 -1.587905305927436381e-02 -1.999170662391778347e-02 -2.415582289130079399e-02 -2.833505221253516948e-02 -3.246447548117224052e-02 -3.644413570167041871e-02 -4.013298369564027163e-02 -4.334445781214022603e-02 -4.584558833122452659e-02 -4.736223213691504591e-02 -4.759362064961132621e-02 -4.623938055751553033e-02 -4.304088628493440288e-02 -3.783551048547362933e-02 -3.061656283184467295e-02 -2.158439304129628963e-02 -1.116831181981622727e-02
-3.148987357158850031e-03 -6.313866701758222288e-03 -9.507419425763205534e-03 -1.273606174617544079e-02 -1.599631642370280549e-02 -1.927094330350215268e-02 -2.252473721066813178e-02 -2.570015125223714877e-02 -2.871308651227334405e-02 -3.144949439618030529e-02 -3.376376041155347563e-02 -3.548025230868984137e-02 -3.639974242539924243e-02 -3.631250964256584057e-02 -3.501952770909312618e-02 -3.236188257757156156e-02 -2.825618767271206866e-02 -2.273038329862084317e-02 -1.595072131783826716e-02 -8.228843507686817507e-03
-2.371354302080724580e-03 -4.751774152224988966e-03 -7.147904334795585415e-03 -9.561456964821295201e-03 -1.198655401466125828e-02 -1.440689442230073426e-02 -1.679280000793828206e-02 -1.909830065380808961e-02 -2.125856133815875668e-02 -2.318814543173904064e-02 -2.478083505771896955e-02 -2.591191492379424019e-02 -2.644397029993496642e-02 -2.623714102274459295e-02 -2.516433375579354981e-02 -2.313092555698260944e-02 -2.009697330451899397e-02 -1.609805883111020339e-02 -1.125926277745822705e-02 -5.796338356955348797e-03
-1.584652439584884097e-03 -3.173969501291901661e-03 -4.770964983074510619e-03 -6.375307399962579745e-03 -7.981548302930265709e-03 -9.577277827197742954e-03 -1.114126300492261808e-02 -1.264168570979254738e-02 -1.403470741725104665e-02 -1.526368907716563715e-02 -1.625951800020250873e-02 -1.694259998639970760e-02 -1.722707911433463135e-02 -1.702774621584085199e-02 -1.626973722810659204e-02 -1.490051139849338929e-02 -1.290272037102251600e-02 -1.030561461095173305e-02 -7.191930330524418623e-03 -3.697245156139956912e-03
-7.932841224908435346e-04 -1.588482852983298145e-03 -2.386677284804706103e-03 -3.187259844402970735e-03 -3.987052935280043994e-03 -4.779404266258380045e-03 -5.553283978325296646e-03 -6.292465683057127043e-03 -6.974889765012129775e-03 -7.572381762653969915e-03 -8.050946895309682091e-03 -8.371886344229532290e-03 -8.493997921782058327e-03 -8.377025331942452441e-03 -7.986356364581842157e-03 -7.298662565710748243e-03 -6.307782775152622270e-03 -5.029748766281396527e-03 -3.505597532883061949e-03 -1.800710826729062450e-03
