-1.398618455575784646e-02 -2.719115172576831024e-02 -3.890805056240055626e-02 -4.857331633682743233e-02 -5.582111247026389639e-02 -6.051126252251064208e-02 -6.272183292739284821e-02 -6.270763700284019693e-02 -6.083706867978929539e-02 -5.752493446027407559e-02 -5.317613649132275910e-02 -4.814767544438453700e-02 -4.272930812311406812e-02 -3.713891113205643191e-02 -3.152732901521491243e-02 -2.598808897050874228e-02 -2.056868225757369287e-02 -1.528146016641790741e-02 -1.011322097410827237e-02 -5.033252137077740863e-03
-2.875358552990375099e-02 -5.587036971351845571e-02 -7.986773128869878446e-02 -9.956409774889764253e-02 -1.141998694386742175e-01 -1.235021014007052775e-01 -1.276684313920152802e-01 -1.272716458308388310e-01 -1.231157019806396469e-01 -1.160865333166705288e-01 -1.070319371261101021e-01 -9.668525912759545760e-02 -8.563064832649588953e-02 -7.429900796707079869e-02 -6.298231529987262378e-02 -5.185634358268832733e-02 -4.100517971254392241e-02 -3.044393943215117221e-02 -2.013817499349341428e-02 -1.001978946716234817e-02
-4.515777872441222723e-02 -8.766898763026782782e-02 -1.251283673890974668e-01 -1.556154219845435338e-01 -1.779121108317548716e-01 -1.916288022003840574e-01 -1.971781206923961527e-01 -1.955948020195600323e-01 -1.882675567516325088e-01 -1.766735592323617487e-01 -1.621798217155298594e-01 -1.459307793318047608e-01 -1.288090219118711022e-01 -1.114441577740460099e-01 -9.424658129497071046e-02 -7.744978897330781487e-02 -6.115175377744654084e-02 -4.535094668644253785e-02 -2.997575339666409822e-02 -1.490773429970380579e-02
-6.420839476524414779e-02 -1.245190885651459856e-01 -1.773607031135732148e-01 -2.198562602258213317e-01 -2.502034700814266821e-01 -2.679221885526403280e-01 -2.738200398992078899e-01 -2.696617046392416617e-01 -2.576861017107920926e-01 -2.401603129208046694e-01 -2.190830126196388894e-01 -1.960490199742382644e-01 -1.722305084547573473e-01 -1.484220236059195508e-01 -1.251100635310278819e-01 -1.025444775631529221e-01 -8.080110022343076071e-02 -5.983234351902461806e-02 -3.950616184531682146e-02 -1.963539794550417383e-02
-8.715490071616471823e-02 -1.688339670726660691e-01 -2.399313576564456596e-01 -2.962348881108310406e-01 -3.351124082009359073e-01 -3.560278904416066537e-01 -3.605130687481963858e-01 -3.515435897398818121e-01 -3.326540555473360139e-01 -3.071983792873064223e-01 -2.779428615984928519e-01 -2.469517795692359463e-01 -2.156419752804224488e-01 -1.849033689501175526e-01 -1.552271750831855923e-01 -1.268169584427200069e-01 -9.967582760191129321e-02 -7.367116791766603612e-02 -4.858115580394701399e-02 -2.412769802949110004e-02
-1.155602524829986710e-01 -2.236901967173113293e-01 -3.172233152314381521e-01 -3.899405667217847871e-01 -4.378810670012350803e-01 -4.604837103888645977e-01 -4.606131161117396067e-01 -4.433240799596790960e-01 -4.141808320533536536e-01 -3.780343965994327204e-01 -3.385379095454512099e-01 -2.981732129127703246e-01 -2.584822444733508306e-01 -2.203223086914282702e-01 -1.840783143104808839e-01 -1.498203578028934335e-01 -1.174140865056176181e-01 -8.659534744616054214e-02 -5.701959515231338343e-02 -2.829423948421629434e-02
-1.512752106305405575e-01 -2.928567654179372592e-01 -4.148156774924358081e-01 -5.077199527930308376e-01 -5.652607006674033041e-01 -5.868430737560352828e-01 -5.777931410732307649e-01 -5.468063499333752908e-01 -5.026587592875524368e-01 -4.522070013632830121e-01 -3.999985311977736768e-01 -3.487205301000311786e-01 -2.997914436192025689e-01 -2.538253093297170859e-01 -2.109434217462914651e-01 -1.709720783599315563e-01 -1.335648169377361416e-01 -9.827654182523536119e-02 -6.460763898894929247e-02 -3.202966326015804777e-02
-1.960338254556011350e-01 -3.801031902581962774e-01 -5.386868371481339235e-01 -6.570768726051522401e-01 -7.246843381541534512e-01 -7.407668476518893819e-01 -7.150873243238082821e-01 -6.626285275699997923e-01 -5.971606036325536326e-01 -5.280637940566833555e-01 -4.605144604503597083e-01 -3.969168236078853274e-01 -3.381374566680027116e-01 -2.842440504970750181e-01 -2.348979906134634754e-01 -1.895597244953700633e-01 -1.475965664837879110e-01 -1.083383666001896672e-01 -7.110475490976987667e-02 -3.521677403062790229e-02
-2.501034715838580946e-01 -4.865373835280947246e-01 -6.914200975502169388e-01 -8.417612146791939587e-01 -9.196537244491914675e-01 -9.239289114452274854e-01 -8.717201530486055061e-01 -7.881087752797428791e-01 -6.941472757295529261e-01 -6.020770312583462180e-01 -5.170206147070970371e-01 -4.402862136821428241e-01 -3.715965413363681025e-01 -3.101153675146245958e-01 -2.548447675563806358e-01 -2.047722706951023708e-01 -1.589233645535345352e-01 -1.163756064141999724e-01 -7.625624030957126043e-02 -3.773267648493502935e-02
-3.096316491086812950e-01 -6.050337895805992794e-01 -8.636296379455897787e-01 -1.051068274042272988e+00 -1.138792837911820843e+00 -1.124820245921783313e+00 -1.036730595110127329e+00 -9.135693031443933299e-01 -7.857023869665904492e-01 -6.681602144576431757e-01 -5.650250112867710728e-01 -4.755841522230512819e-01 -3.978441196886578490e-01 -3.297758599860647344e-01 -2.695934294137140586e-01 -2.157612339509755450e-01 -1.669490210078705406e-01 -1.219844588861490331e-01 -7.981192517358365324e-02 -3.945769134309193293e-02
-3.641280913632647942e-01 -7.146196647934033308e-01 -1.024740973455868120e+00 -1.247900519740740455e+00 -1.343636067139088563e+00 -1.308918802776428025e+00 -1.182801136432364286e+00 -1.019410104242131077e+00 -8.586279761730503113e-01 -7.176871474240170690e-01 -5.989134195151176732e-01 -4.991185669343181086e-01 -4.144128631737739044e-01 -3.415499250191422198e-01 -2.779918240322559186e-01 -2.217302180279851209e-01 -1.711270338498789290e-01 -1.248012876545196298e-01 -8.154931178691965377e-02 -4.028616476038495570e-02
-3.980104714179222292e-01 -7.832815970834567931e-01 -1.126546487599385360e+00 -1.372661132457839273e+00 -1.472671875381777795e+00 -1.422760788202562798e+00 -1.270101057285792034e+00 -1.079386362730993421e+00 -8.969445956702779554e-01 -7.412250972125422610e-01 -6.130731700309344223e-01 -5.074523363657199582e-01 -4.191262789368726538e-01 -3.440180851326165579e-01 -2.790936581967587982e-01 -2.220407842363520956e-01 -1.710276133850548164e-01 -1.245443514285186626e-01 -8.129787226465144678e-02 -4.013765649969162214e-02
-3.984634253379242264e-01 -7.843675698232779325e-01 -1.128337863091437798e+00 -1.374611423573349756e+00 -1.473596809847273814e+00 -1.421442590320867394e+00 -1.265991480844524508e+00 -1.072782365538666127e+00 -8.886325605792784188e-01 -7.320436845701197015e-01 -6.036911386829774129e-01 -4.983410332083758054e-01 -4.106048956431223584e-01 -3.363010366081951585e-01 -2.723238511708376830e-01 -2.163116464997404398e-01 -1.663982895777534887e-01 -1.210506370461422732e-01 -7.896017164393479004e-02 -3.896659035855565972e-02
-3.642991827179100639e-01 -7.154133921238616800e-01 -1.026358162479828362e+00 -1.249066186529680156e+00 -1.341560141266789241e+00 -1.300756250324053287e+00 -1.167349681456978594e+00 -9.975390802503498744e-01 -8.324187190270440073e-01 -6.893617051055268563e-01 -5.702739154782885400e-01 -4.714621845354786123e-01 -3.886339276859976377e-01 -3.182558419761739588e-01 -2.575889720688153695e-01 -2.044836618488127811e-01 -1.572032656974746700e-01 -1.142997400416224107e-01 -7.452558842775480752e-02 -3.676853430067937578e-02
-3.067773057768801714e-01 -5.998942880503222996e-01 -8.565594939799787699e-01 -1.040889268943135271e+00 -1.122758288468363785e+00 -1.100197636864460149e+00 -1.002640728026460648e+00 -8.714552750020805316e-01 -7.383856164563896707e-01 -6.186328563786827051e-01 -5.157806757252242358e-01 -4.284809006101547579e-01 -3.541993861266297117e-01 -2.904982900487180775e-01 -2.352924639272377105e-01 -1.868307653251410627e-01 -1.436313760225859382e-01 -1.044194727380862026e-01 -6.807390988486948513e-02 -3.358195825344312269e-02
-2.414586854557179141e-01 -4.698983243386421482e-01 -6.674635511543657307e-01 -8.101944626108428249e-01 -8.791696226753537013e-01 -8.733615408381232292e-01 -8.113913474508731571e-01 -7.201571831572061155e-01 -6.217840683759144893e-01 -5.286091219646203987e-01 -4.452653127356946405e-01 -3.724115089385905963e-01 -3.091765558079654919e-01 -2.542448010203386954e-01 -2.062517889379976155e-01 -1.639155628692187949e-01 -1.260720056942793155e-01 -9.167286924815576388e-02 -5.976862012447001216e-02 -2.948538930650787537e-02
-1.796083519159115127e-01 -3.481079141812357669e-01 -4.924152659059575776e-01 -5.976261264637343640e-01 -6.528486151822388006e-01 -6.576095731319478999e-01 -6.226241140596999735e-01 -5.639362273840911044e-01 -4.958663980994871823e-01 -4.276885242009645371e-01 -3.640508725696038894e-01 -3.066921778861576575e-01 -2.558470269653451701e-01 -2.110522725274403266e-01 -1.715543128097350711e-01 -1.365076970738723361e-01 -1.050682198697143743e-01 -7.643138146279916667e-02 -4.984231304224659431e-02 -2.459097690522579413e-02
-1.256442368868834480e-01 -2.428609026994076048e-01 -3.427014388029153147e-01 -4.162760058796071694e-01 -4.575825154018283158e-01 -4.663940327196530733e-01 -4.485227189070802312e-01 -4.130273774884486437e-01 -3.686673167975288989e-01 -3.218681146071551979e-01 -2.764869362114160123e-01 -2.344488157395858696e-01 -1.964659209095465653e-01 -1.625628513331619229e-01 -1.324054890957920005e-01 -1.054926983912566202e-01 -8.126180052205511650e-02 -5.914212648149325124e-02 -3.857827236109417912e-02 -1.903620425180248960e-02
-7.928343537859978973e-02 -1.530336330765197095e-01 -2.157335729668451718e-01 -2.623929738923027055e-01 -2.898476431040284962e-01 -2.979709614293264419e-01 -2.897340038897380787e-01 -2.699422767979582916e-01 -2.435519908566007863e-01 -2.145377096928054450e-01 -1.855619025918251452e-01 -1.581475484378539464e-01 -1.330046888201399935e-01 -1.103276981241950450e-01 -9.001209578937352518e-02 -7.179581163046855341e-02 -5.534416150406223922e-02 -4.029705300264579959e-02 -2.629244432250561758e-02 -1.297556583203347304e-02
-3.829605535047816284e-02 -7.387729713854321312e-02 -1.041237475675065999e-01 -1.267838071016469670e-01 -1.404816911132311941e-01 -1.451538569023005099e-01 -1.420519074709400975e-01 -1.332539015851977038e-01 -1.209917546960994350e-01 -1.071510014422178275e-01 -9.307192108880417425e-02 -7.957426857237018258e-02 -6.707752968682012540e-02 -5.573115342510948089e-02 -4.551938561134509509e-02 -3.633429489505741322e-02 -2.802198380183832521e-02 -2.040948023623767940e-02 -1.331888468387962265e-02 -6.573612890068762128e-03
