-1.584119579102860435e-03 -3.154701605623271357e-03 -4.696784216968842920e-03 -6.192701740922263755e-03 -7.620998578578083368e-03 -8.955796513088849428e-03 -1.016664320556900925e-02 -1.121898633072591564e-02 -1.207539480449669640e-02 -1.269750062636133651e-02 -1.304858565479192350e-02 -1.309659430378308162e-02 -1.281729842717242544e-02 -1.219715991679036493e-02 -1.123558202536678076e-02 -9.946226183965978587e-03 -8.357198798967383283e-03 -6.510199972957251592e-03 -4.458732487058742269e-03 -2.265594081474923711e-03
-3.181775528517541331e-03 -6.337893223592885351e-03 -9.439738927647057729e-03 -1.245300534984691322e-02 -1.533547074056379814e-02 -1.803552732464839062e-02 -2.049176765265872668e-02 -2.263387976069377444e-02 -2.438506065110350451e-02 -2.566599239530411095e-02 -2.640020955998097565e-02 -2.652046965813255677e-02 -2.597541592316580245e-02 -2.473573150632833381e-02 -2.279893368752451688e-02 -2.019210826010828241e-02 -1.697235975418940473e-02 -1.322487676351447906e-02 -9.059118017618737750e-03 -4.603643189938902425e-03
-4.805081037822648768e-03 -9.575355759574495987e-03 -1.427125561293792269e-02 -1.884408992220401938e-02 -2.323232486919025314e-02 -2.735904429246354547e-02 -3.113098684643243394e-02 -3.443966989785879340e-02 -3.716494021589721725e-02 -3.918115569674739812e-02 -4.036574917618947905e-02 -4.060961428412453167e-02 -3.982813094488799749e-02 -3.797140734646397425e-02 -3.503228780735229836e-02 -3.105091077066614996e-02 -2.611523944861606286e-02 -2.035779787977150257e-02 -1.394923253282646936e-02 -7.089839397427315573e-03
-6.463204203782133700e-03 -1.288717777134701717e-02 -1.922582708638835569e-02 -2.541975343512340932e-02 -3.139067078243527181e-02 -3.703730940670840743e-02 -4.223343866001890573e-02 -4.682884197715955071e-02 -5.065385957991879601e-02 -5.352790857482572773e-02 -5.527198206979542366e-02 -5.572407863878141993e-02 -5.475605417250595242e-02 -5.228945223480965798e-02 -4.830789399152810720e-02 -4.286398073977899792e-02 -3.607987897298795682e-02 -2.814183216074010382e-02 -1.929015717119339154e-02 -9.806491782661151679e-03
-8.160555754739746287e-03 -1.628431501910983237e-02 -2.432510716992533975e-02 -3.221840147929325160e-02 -3.987327171774911194e-02 -4.716604783707652182e-02 -5.393658370959205500e-02 -5.998838758626090506e-02 -6.509370575473025222e-02 -6.900461788803799457e-02 -7.147015863851224893e-02 -7.225863280341801587e-02 -7.118252328235934179e-02 -6.812242543587763988e-02 -6.304581395941573352e-02 -5.601722232903292437e-02 -4.719843551685252298e-02 -3.683947626964866051e-02 -2.526305357301370999e-02 -1.284595826352495293e-02
-9.894685659370979977e-03 -1.976440327400375355e-02 -2.957186602578273232e-02 -3.925544352959384198e-02 -4.871793200295464893e-02 -5.781697976472542633e-02 -6.635842699420660407e-02 -7.409436755595109891e-02 -8.072792670235647006e-02 -8.592664337433945920e-02 -8.934536012527746762e-02 -9.065771221999945062e-02 -8.959291827806693809e-02 -8.597186804813569672e-02 -7.973566292693279323e-02 -7.096060598352582627e-02 -5.985713597417417764e-02 -4.675454063531006565e-02 -3.207661129731036176e-02 -1.631427065261154691e-02
-1.165376823529718463e-02 -2.330672262981151044e-02 -3.494248254739412696e-02 -4.651353658159553678e-02 -5.792598449585156101e-02 -6.902545320002986817e-02 -7.958570282824378728e-02 -8.930264818972327712e-02 -9.779691121948014265e-02 -1.046286071086587471e-01 -1.093268346412412662e-01 -1.114338617182052960e-01 -1.105594832451438497e-01 -1.064363853188439873e-01 -9.896430196707416138e-02 -8.823234137717549108e-02 -7.451490065845212118e-02 -5.824491485026861426e-02 -3.997454837773332242e-02 -2.033451365630487007e-02
-1.341364342736595452e-02 -2.686620636120201286e-02 -4.037776754881557822e-02 -5.393018363958071437e-02 -6.744698333167886695e-02 -8.077307033682132320e-02 -9.365620366762840432e-02 -1.057335208312433356e-01 -1.165283755551276279e-01 -1.254639469871298152e-01 -1.318994315709179632e-01 -1.351913273634235690e-01 -1.347746970825743351e-01 -1.302498106102465969e-01 -1.214527502800409609e-01 -1.084895182768602084e-01 -9.172516738430026850e-02 -7.173563610849895134e-02 -4.924213782359862512e-02 -2.504921675013587617e-02
-1.513457941080853519e-02 -3.036665173763697725e-02 -4.577215443425194236e-02 -6.138242797990660360e-02 -7.715863555102507598e-02 -9.296358150903577533e-02 -1.085324462053864070e-01 -1.234467630036834296e-01 -1.371190488892891635e-01 -1.487992888492228050e-01 -1.576155277323860737e-01 -1.626572617850982061e-01 -1.630980812757607257e-01 -1.583353537601734085e-01 -1.481073132616111121e-01 -1.325477725026945330e-01 -1.121605832122754137e-01 -8.773030408788749790e-02 -6.020912753694782765e-02 -3.062021045537902803e-02
-1.675799545004719865e-02 -3.369363481031907581e-02 -5.096174308026565902e-02 -6.866870128944048413e-02 -8.684152049750966385e-02 -1.053901025036633188e-01 -1.240631751027842511e-01 -1.424019572383647125e-01 -1.597016957539133808e-01 -1.749985623163498316e-01 -1.871060735008037157e-01 -1.947240082042788478e-01 -1.966249385917794579e-01 -1.918861164288173937e-01 -1.800933080586757662e-01 -1.614336170836073170e-01 -1.366390358721406850e-01 -1.068158477545600171e-01 -7.324383482699249603e-02 -3.722249573789586374e-02
-1.820374853981984037e-02 -3.668811109038180862e-02 -5.571244435887996033e-02 -7.548907749060332351e-02 -9.614858947005668066e-02 -1.176920898294089718e-01 -1.399281204619840513e-01 -1.623961197208718121e-01 -1.842871243275505944e-01 -2.043870588193281990e-01 -2.210859518148152458e-01 -2.325073253714254051e-01 -2.367909086465277146e-01 -2.324901697891951780e-01 -2.189455416173943514e-01 -1.964539260151129951e-01 -1.661458437276250588e-01 -1.296501045469748148e-01 -8.872780485401593475e-02 -4.502591896422502432e-02
-1.936887014742037089e-02 -3.914259311490137644e-02 -5.971081151246399044e-02 -8.142653084558561238e-02 -1.045716151549189454e-01 -1.293014702465318799e-01 -1.555610086333826525e-01 -1.829671276047623030e-01 -2.106633123083867520e-01 -2.371756285882584137e-01 -2.603409598376837386e-01 -2.774236710533576900e-01 -2.855339665403456850e-01 -2.823297053980501348e-01 -2.667373619233276427e-01 -2.392857361063993882e-01 -2.018377708738992304e-01 -1.569099242192032451e-01 -1.069910451712746263e-01 -5.415329848395971507e-02
-2.012911991295662437e-02 -4.080255507666904341e-02 -6.256164267917949107e-02 -8.593456723024364696e-02 -1.114098078745874298e-01 -1.393810764744126685e-01 -1.700471308873685305e-01 -2.032474863308349755e-01 -2.382208521158426795e-01 -2.733025629333153406e-01 -3.056557185441154956e-01 -3.312662549507325305e-01 -3.455208574979988789e-01 -3.444751264657220924e-01 -3.263160299099172601e-01 -2.920655054043175269e-01 -2.449850268415315613e-01 -1.891513452425403752e-01 -1.281703846577455785e-01 -6.459561907857616636e-02
-2.034505729120756820e-02 -4.137683213172805435e-02 -6.379861454117044528e-02 -8.834023477863223173e-02 -1.157518943925089083e-01 -1.467657478219543676e-01 -1.819982415053843783e-01 -2.217508295316753253e-01 -2.656518112473925108e-01 -3.120940022328295704e-01 -3.575423552778345671e-01 -3.961194793335631736e-01 -4.202786754514620249e-01 -4.231185718438381094e-01 -4.014439456962177744e-01 -3.573130619217940729e-01 -2.967020923383354991e-01 -2.264696461020740959e-01 -1.519230393765114429e-01 -7.605427204307291245e-02
-1.987427167988333951e-02 -4.056110076323768410e-02 -6.291571697027144305e-02 -8.787581811745320826e-02 -1.164916905423617755e-01 -1.499312681844731932e-01 -1.894255767208986307e-01 -2.360835131111148621e-01 -2.904382790159678596e-01 -3.515159373673322207e-01 -4.153307197828166042e-01 -4.734295955473193929e-01 -5.133488324917712120e-01 -5.227813412251747227e-01 -4.959483567791465597e-01 -4.369835920813364138e-01 -3.569990371118372807e-01 -2.677023147703403438e-01 -1.768815306594220260e-01 -8.767277318569897948e-02
-1.859093036465531493e-02 -3.807755017255572139e-02 -5.942731989552156591e-02 -8.375556866262162670e-02 -1.124075516475022962e-01 -1.470400682134918036e-01 -1.896736154856747125e-01 -2.426236157825452933e-01 -3.080573810911697019e-01 -3.866362358826153645e-01 -4.746602942487155308e-01 -5.604748603886784419e-01 -6.239571625762238005e-01 -6.436585013899299712e-01 -6.093224684380603717e-01 -5.288155399739742357e-01 -4.221228428202432603e-01 -3.087374503795708436e-01 -1.997270794323943721e-01 -9.764481255591461739e-02
-1.641189826151435993e-02 -3.373084134711269028e-02 -5.296042029014533248e-02 -7.531150695369979997e-02 -1.023422528796328335e-01 -1.361414819699122425e-01 -1.795541608396345745e-01 -2.363674998441375186e-01 -3.110805775781075866e-01 -4.072044010819796389e-01 -5.225719267272100899e-01 -6.422869279529024311e-01 -7.360780967590314638e-01 -7.694413244686769682e-01 -7.255756596459678187e-01 -6.179166867511407535e-01 -4.792978834560459589e-01 -3.397777558790226471e-01 -2.140093986295961426e-01 -1.028187584602960336e-01
-1.332581301047385154e-02 -2.747348961256673369e-02 -4.337197909574567328e-02 -6.218762316563560683e-02 -8.550697224452417922e-02 -1.156137788553447260e-01 -1.559078118330352036e-01 -2.114385193696718124e-01 -2.891030253487280599e-01 -3.958917291133343119e-01 -5.324148209479809823e-01 -6.818115110613680585e-01 -8.040330641863840944e-01 -8.508755221030097626e-01 -7.984956378127390231e-01 -6.664230193062509189e-01 -5.011436547939847053e-01 -3.431600132266630077e-01 -2.096678673292499684e-01 -9.872838446600067097e-02
-9.417867001570292412e-03 -1.946530757514531793e-02 -3.086637088839471951e-02 -4.455981573427698211e-02 -6.188145527884215957e-02 -8.486953024021844094e-02 -1.167880339664185835e-01 -1.629255597082003848e-01 -2.312672023878167837e-01 -3.311399166753907775e-01 -4.661296118157916002e-01 -6.205600358098589675e-01 -7.511691855328215262e-01 -8.034761879512186677e-01 -7.501597374167709997e-01 -6.139134889926026739e-01 -4.477322069471755817e-01 -2.959653886882868123e-01 -1.751839278154605772e-01 -8.075291593881779584e-02
-4.880338065596919947e-03 -1.010350056412747007e-02 -1.606835134671469323e-02 -2.330351450002855762e-02 -3.258558688549496873e-02 -4.515315701613038107e-02 -6.311261287685394905e-02 -9.014642099498437755e-02 -1.323248153535042937e-01 -1.975641496492607230e-01 -2.904588449406910744e-01 -4.011893547790539860e-01 -4.976233844878943935e-01 -5.374157330821942580e-01 -4.990142949235166214e-01 -4.004809011589373635e-01 -2.832683046418247308e-01 -1.806932333849280425e-01 -1.035573054195684101e-01 -4.671899924416311745e-02
