-4.759881506964581087e-03 -9.665705024426513026e-03 -1.486856064183994519e-02 -2.052959575991400096e-02 -2.682424375178830978e-02 -3.394484976533993642e-02 -4.209985667953965865e-02 -5.150610997198209334e-02 -6.236817858652462382e-02 -7.483450895233988154e-02 -8.891476991614860603e-02 -1.043376376606303946e-01 -1.203309091107103018e-01 -1.353381658113131936e-01 -1.467866794416225473e-01 -1.511852054129164680e-01 -1.448742114007327275e-01 -1.253757028171723908e-01 -9.263088494187524113e-02 -4.928682445432243375e-02
-9.373819868184848914e-03 -1.903437707594543213e-02 -2.927894154309881522e-02 -4.042557873858165091e-02 -5.282252923936029548e-02 -6.685529730307185337e-02 -8.294846476659765988e-02 -1.015564002662391746e-01 -1.231320553124355677e-01 -1.480547215211613366e-01 -1.764843591140791423e-01 -2.080911417986191780e-01 -2.415923080608385343e-01 -2.740648610153333387e-01 -3.002277812621964026e-01 -3.123830885931290213e-01 -3.020053664607334487e-01 -2.630556934527038537e-01 -1.951381276207788396e-01 -1.040959062506835175e-01
-1.370101894671750878e-02 -2.781903901711753335e-02 -4.278724904367148252e-02 -5.907124864540162779e-02 -7.718499629658616412e-02 -9.770534308718788197e-02 -1.212823006038373369e-01 -1.486389502132768881e-01 -1.805487163366808478e-01 -2.177660704899376798e-01 -2.608634901024444730e-01 -3.098792507284233722e-01 -3.635951388880926394e-01 -4.182207978263230985e-01 -4.656305401643338615e-01 -4.925097614085525155e-01 -4.828953357851704098e-01 -4.248312147239182157e-01 -3.170310946356413306e-01 -1.697837055974576181e-01
-1.761121441040709376e-02 -3.575350807625960609e-02 -5.497976622897133431e-02 -7.588717053539176249e-02 -9.914086443725923792e-02 -1.254987736408240684e-01 -1.558364358526580784e-01 -1.911683141607914138e-01 -2.326569883674762806e-01 -2.815899361150392965e-01 -3.392720898901632753e-01 -4.066888087239499683e-01 -4.835622248954221658e-01 -5.661408119800751537e-01 -6.435420271712598561e-01 -6.949985552738211503e-01 -6.933636266252530822e-01 -6.172391506390327853e-01 -4.637117011175979631e-01 -2.494802000489699245e-01
-2.099032714894037005e-02 -4.260400902400816869e-02 -6.549113573709437752e-02 -9.035680301344471699e-02 -1.179925156231053929e-01 -1.493124465478644358e-01 -1.853963367448908661e-01 -2.275406830623676047e-01 -2.773186094066779628e-01 -3.366425539647028842e-01 -4.077910076390220961e-01 -4.932141586032659508e-01 -5.944775722519510808e-01 -7.089787772398242760e-01 -8.235561472520246395e-01 -9.085776471169131341e-01 -9.222327071062257353e-01 -8.302711426185380716e-01 -6.275255879050785079e-01 -3.390799311204572564e-01
-2.374608193131250156e-02 -4.818106094196158290e-02 -7.402396349408604803e-02 -1.020563899896138188e-01 -1.331599478938444159e-01 -1.683621528026119918e-01 -2.088957491441902903e-01 -2.562790292192899111e-01 -3.124288600263848692e-01 -3.798210023752749409e-01 -4.616857530951943289e-01 -5.620348333579686662e-01 -6.846151840508188924e-01 -8.286256874639941206e-01 -9.794090211574026927e-01 -1.098892848123483201e+00 -1.130348157115422802e+00 -1.026161901481269956e+00 -7.788728461693685823e-01 -4.222095762278540443e-01
-2.581293559501067481e-02 -5.235018586627337295e-02 -8.036726578534181265e-02 -1.106848437956742259e-01 -1.442287306367855126e-01 -1.820804593583119357e-01 -2.255454237498705772e-01 -2.762500731690527012e-01 -3.362876601143204303e-01 -4.084420298540722416e-01 -4.964992964533837538e-01 -6.054399861479211609e-01 -7.404450743490865738e-01 -9.020215311237277378e-01 -1.074817208813314107e+00 -1.215616138506412813e+00 -1.258275689035711631e+00 -1.146670230481814157e+00 -8.719340228425738193e-01 -4.733562096966328903e-01
-2.715547196990551054e-02 -5.503947681320667945e-02 -8.441006806828674214e-02 -1.160869876467397060e-01 -1.509896681639915639e-01 -1.901855195099773355e-01 -2.349553464879305942e-01 -2.868872074128949734e-01 -3.480178464061468024e-01 -4.210503554777406121e-01 -5.096566606144704581e-01 -6.186581514252491587e-01 -7.530312562717921265e-01 -9.130864409430693440e-01 -1.083442696528596594e+00 -1.221231935033630034e+00 -1.261037936158446282e+00 -1.147440667485158272e+00 -8.717702301119361064e-01 -4.730119020108465855e-01
-2.776947180053404574e-02 -5.624217804614337068e-02 -8.614654015845614465e-02 -1.182633678445867836e-01 -1.534574302160250092e-01 -1.927165939083815005e-01 -2.372031666503946756e-01 -2.883246093987047454e-01 -3.478345504560421686e-01 -4.179771178012629540e-01 -5.016604296943802943e-01 -6.024586689558709685e-01 -7.235726124581592922e-01 -8.636876848759348357e-01 -1.008061429433676937e+00 -1.119469708522240481e+00 -1.142962042372614562e+00 -1.032668365689432655e+00 -7.816585748263545907e-01 -4.229965900714137694e-01
-2.768023534872666655e-02 -5.601321896571836989e-02 -8.567054516012222176e-02 -1.173625111389422632e-01 -1.518600864228034919e-01 -1.900202476089968007e-01 -2.328160657475284168e-01 -2.813728005568221779e-01 -3.370099879099588414e-01 -4.012829576384629449e-01 -4.759850357657212094e-01 -5.629333420826038159e-01 -6.629394216175270582e-01 -7.727107076114161366e-01 -8.789180498489245208e-01 -9.528404787958648647e-01 -9.546443346914462724e-01 -8.520738227367024020e-01 -6.407065605272714848e-01 -3.451195155578595797e-01
-2.693824698140399182e-02 -5.445991416799626783e-02 -8.315990829453720479e-02 -1.136560430215485945e-01 -1.466001517610601712e-01 -1.826882366600440233e-01 -2.226680133478289580e-01 -2.673401346659959876e-01 -3.175447681829990376e-01 -3.741144685432020722e-01 -4.377451981183244634e-01 -5.086526226678972362e-01 -5.856756191870293726e-01 -6.642507043699137359e-01 -7.331481452498497253e-01 -7.721653809811620528e-01 -7.556361659368190375e-01 -6.637953500049651456e-01 -4.945898626251636343e-01 -2.647792641900303945e-01
-2.561283588942374345e-02 -5.172827779398471437e-02 -7.885312865956883854e-02 -1.075015991580988428e-01 -1.381962374303223884e-01 -1.714645252564780120e-01 -2.078275988684100684e-01 -2.477747785738193265e-01 -2.917123943125369823e-01 -3.398656153131406898e-01 -3.920926201856189675e-01 -4.475305697424692974e-01 -5.039246702297096592e-01 -5.564704755908801426e-01 -5.963481339951391957e-01 -6.102002560669416154e-01 -5.827478081401480381e-01 -5.030844632087246859e-01 -3.708651949644480306e-01 -1.971788281397980347e-01
-2.378481471870499270e-02 -4.798722883028790076e-02 -7.302272689874733658e-02 -9.930098496938152830e-02 -1.272186702658838486e-01 -1.571460215216484435e-01 -1.894030661271657867e-01 -2.242189248778311828e-01 -2.616637345406481741e-01 -3.015367078912735144e-01 -3.431850033812332557e-01 -3.852171598423846377e-01 -4.250708286488351639e-01 -4.584423979814265526e-01 -4.787971263615666828e-01 -4.776018817360238589e-01 -4.461284667925289882e-01 -3.787914596401865674e-01 -2.762236837553743163e-01 -1.458670174467557590e-01
-2.153919089966148046e-02 -4.341309096584843735e-02 -6.594956195404876043e-02 -8.946094190643308353e-02 -1.142314336620144505e-01 -1.404978168992420673e-01 -1.684197115997939365e-01 -1.980340976696250976e-01 -2.291867398212773521e-01 -2.614309325828948483e-01 -2.938826877769181167e-01 -3.250244503067842294e-01 -3.524654070821608420e-01 -3.727147990675332978e-01 -3.811313290847119783e-01 -3.723489667785110369e-01 -3.414563486904833578e-01 -2.857646672256511367e-01 -2.063287587699600689e-01 -1.082958263779212615e-01
-1.895885419763635588e-02 -3.817637901598567446e-02 -5.790148479958105721e-02 -7.836178455474972215e-02 -9.974830288339069095e-02 -1.221940946405491030e-01 -1.457438575273334591e-01 -1.703110054815392960e-01 -1.956181559499157452e-01 -2.211173037003802411e-01 -2.458883391100699090e-01 -2.685217807201431550e-01 -2.870080265931053698e-01 -2.986866541054489788e-01 -3.003543965446401343e-01 -2.886601574271411286e-01 -2.608539589997232455e-01 -2.157437957612330370e-01 -1.544643009852976201e-01 -8.065795910395030799e-02
-1.611984516383981395e-02 -3.243208247045858972e-02 -4.911821189071254035e-02 -6.633640555227370006e-02 -8.420589546972988282e-02 -1.027863952202623804e-01 -1.220506124783848900e-01 -1.418479030633794935e-01 -1.618575654293242239e-01 -1.815317404788174827e-01 -2.000312929564831421e-01 -2.161647812067026830e-01 -2.283521153715338536e-01 -2.346505563232892944e-01 -2.328956763774121252e-01 -2.210062023010450349e-01 -1.974525719914801691e-01 -1.617880276965253383e-01 -1.150467089128600073e-01 -5.982518515024772693e-02
-1.308844257880111862e-02 -2.631389229383115924e-02 -3.980287301401912170e-02 -5.365972898999633173e-02 -6.795247489050910972e-02 -8.269497400161966716e-02 -9.782428975386391057e-02 -1.131724243415980352e-01 -1.284324571345314692e-01 -1.431207917337550262e-01 -1.565402740626339051e-01 -1.677537686844166320e-01 -1.755844349936820092e-01 -1.786657606495969663e-01 -1.755668628192561254e-01 -1.650081494668232673e-01 -1.461510767094619523e-01 -1.188978784143100709e-01 -8.410076265331262180e-02 -4.359109397291808380e-02
-9.920032429925266029e-03 -1.993217002742366656e-02 -3.011965825033308120e-02 -4.054715915452079128e-02 -5.124929858629997947e-02 -6.221673168756914479e-02 -7.337914413405176306e-02 -8.458504555151623305e-02 -9.557904337302929043e-02 -1.059786913482161780e-01 -1.152552353917769001e-01 -1.227255664794788814e-01 -1.275660378582160748e-01 -1.288610226372776668e-01 -1.256974822956180293e-01 -1.173077836491410314e-01 -1.032448098059555452e-01 -8.355073974908019951e-02 -5.886667378961153718e-02 -3.043802451029393660e-02
-6.659518681803732083e-03 -1.337509600898734684e-02 -2.019643063823972975e-02 -2.715994883561062903e-02 -3.428082480195682874e-02 -4.154350754545341889e-02 -4.889050666930408462e-02 -5.620956870950383211e-02 -6.331997744996416266e-02 -6.995969215839105415e-02 -7.577640472908724056e-02 -8.032721921315602587e-02 -8.309312112823201424e-02 -8.351479759741146924e-02 -8.105423566342340180e-02 -7.528064992104592512e-02 -6.596958151923115743e-02 -5.319354010461180976e-02 -3.737712450075615644e-02 -1.929430533042677740e-02
-3.342945774393828954e-03 -6.712265208630487263e-03 -1.013101825776365969e-02 -1.361537766146364049e-02 -1.717054215346184437e-02 -2.078596370766489301e-02 -2.442980405902804228e-02 -2.804274414466776180e-02 -3.153160366981016399e-02 -3.476369164493344627e-02 -3.756346973801343025e-02 -3.971377963611085610e-02 -4.096442793876511196e-02 -4.105080910207182382e-02 -3.972401030783908465e-02 -3.679099567056329234e-02 -3.215932211243797273e-02 -2.587670981918140101e-02 -1.815397646644565169e-02 -9.362070405737337939e-03
