-2.201595647552098082e-03 -4.411501881967084399e-03 -6.635685558634208010e-03 -8.875342752994369588e-03 -1.112432997263116188e-02 -1.336643885559655673e-02 -1.557258753571180016e-02 -1.769810682121255793e-02 -1.968047161397926126e-02 -2.143801739384279884e-02 -2.287037353207794707e-02 -2.386151242246196957e-02 -2.428629047723790055e-02 -2.402111174286031270e-02 -2.295866581026492423e-02 -2.102562289459961736e-02 -1.820083179866597775e-02 -1.453035436239152878e-02 -1.013520698091682597e-02 -5.208408149178141502e-03
-4.394881368315571406e-03 -8.808728531680524304e-03 -1.325589903515370788e-02 -1.774135621056109613e-02 -2.225553681062560421e-02 -2.676883620770654018e-02 -3.122580381774367128e-02 -3.553936778136937424e-02 -3.958576390111464421e-02 -4.320122523277154097e-02 -4.618196650936822606e-02 -4.828938649178805137e-02 -4.926253840573796561e-02 -4.883949227253682468e-02 -4.678792952964848373e-02 -4.294299601393211652e-02 -3.724735127025106257e-02 -2.978537988940217415e-02 -2.080206605881449941e-02 -1.069842632909573203e-02
-6.569204423516364702e-03 -1.317263234878317778e-02 -1.983782894971037464e-02 -2.657864783747939524e-02 -3.338762340465446787e-02 -4.022756588414403561e-02 -4.702242316525427623e-02 -5.364779723858664057e-02 -5.992199333733273098e-02 -6.559915662003802661e-02 -7.036688311157159037e-02 -7.385153129000485150e-02 -7.563498635259981173e-02 -7.528639075508203327e-02 -7.241056667893555621e-02 -6.671108278735188302e-02 -5.806019942882652274e-02 -4.656174965353405276e-02 -3.258925127784464276e-02 -1.678323127463428668e-02
-8.709305308251027652e-03 -1.747477079951133619e-02 -2.634413911257813337e-02 -3.534778442629334799e-02 -4.448874590484573621e-02 -5.373138229440820729e-02 -6.298852750990165117e-02 -7.210740863148441815e-02 -8.085526098039200193e-02 -8.890652904623437547e-02 -9.583488375401827408e-02 -1.011148720226339170e-01 -1.041394878936579005e-01 -1.042605210157267898e-01 -1.008568664291349809e-01 -9.343057217490748079e-02 -8.172061702483260359e-02 -6.581216981566928581e-02 -4.620995901673983358e-02 -2.384524773862594163e-02
-1.079324681839559721e-02 -2.167300756492093403e-02 -3.271617451543339800e-02 -4.397960937054990610e-02 -5.548819643185832345e-02 -6.722069490507398548e-02 -7.909290099435095645e-02 -9.093805451418643382e-02 -1.024851196030602679e-01 -1.133368207101036196e-01 -1.229512553826473120e-01 -1.306335893968108286e-01 -1.355475754456136328e-01 -1.367593423345009884e-01 -1.333258079301151700e-01 -1.244337247639022148e-01 -1.095795248501177654e-01 -8.875635244851931560e-02 -6.259316487731124423e-02 -3.238779916987576807e-02
-1.279067283652629734e-02 -2.570783802884592587e-02 -3.886794460245315830e-02 -5.236628484130614880e-02 -6.626374256710072796e-02 -8.057030593877159697e-02 -9.522433335372432195e-02 -1.100667964548567579e-01 -1.248103477556079394e-01 -1.390043844645996451e-01 -1.519997342977787991e-01 -1.629206586402812684e-01 -1.706578860493312699e-01 -1.739034623141775537e-01 -1.712532848432711252e-01 -1.613989599824670329e-01 -1.434073520659436274e-01 -1.170404873483210650e-01 -8.301849401025532260e-02 -4.311274829620523330e-02
-1.466160526360638615e-02 -2.949972765948077197e-02 -4.468148178417324229e-02 -6.035384723605608653e-02 -7.663018872313322183e-02 -9.357245889134858940e-02 -1.111673362772677559e-01 -1.292944563419507198e-01 -1.476850952268621009e-01 -1.658706422701688721e-01 -1.831226421114771352e-01 -1.983914235182492325e-01 -2.102598197629459154e-01 -2.169432260959350545e-01 -2.163846088802919565e-01 -2.065008777908405591e-01 -1.856095272844165422e-01 -1.529787131297556113e-01 -1.093266776239311955e-01 -5.704411053052153846e-02
-1.635602042544459164e-02 -3.294798537837896613e-02 -5.000440981019284303e-02 -6.773743836382832562e-02 -8.633071199516376137e-02 -1.059220096355756313e-01 -1.265781024663879539e-01 -1.482586016836214271e-01 -1.707649414250402842e-01 -1.936704515236636059e-01 -2.162287596461794636e-01 -2.372624905585994370e-01 -2.550463415092071862e-01 -2.672236032320817745e-01 -2.708373389378038176e-01 -2.626030391062154079e-01 -2.395400563217394696e-01 -1.999254784542362773e-01 -1.442544190292358586e-01 -7.572981913159000655e-02
-1.781449067583943877e-02 -3.593178525724161076e-02 -5.465073755230361041e-02 -7.426078981625001962e-02 -9.503321742178444387e-02 -1.172067701676617196e-01 -1.409644663891634897e-01 -1.663969140365155752e-01 -1.934456213102647149e-01 -2.218174546641222544e-01 -2.508593227882253140e-01 -2.793826150383826867e-01 -3.054356674538721284e-01 -3.260544054084391075e-01 -3.371037601870529032e-01 -3.334656553924185141e-01 -3.099194427460175705e-01 -2.628114565746692000e-01 -1.919342339658507701e-01 -1.015541941907861928e-01
-1.897015923785888916e-02 -3.831392986726971789e-02 -5.840597146265998768e-02 -7.962177276689841321e-02 -1.023346026029441497e-01 -1.269073918618017216e-01 -1.536760860906016823e-01 -1.829189716680422462e-01 -2.148031743537575089e-01 -2.492943105302507512e-01 -2.860075010716129906e-01 -3.239671607371076845e-01 -3.612327389571614589e-01 -3.943627330047338453e-01 -4.178169285416643008e-01 -4.237582300320946738e-01 -4.031406271789003126e-01 -3.486448681871380795e-01 -2.584057959797415038e-01 -1.380863266934098665e-01
-1.975221681964796361e-02 -3.994780719912988803e-02 -6.103745099127885765e-02 -8.348573312596881124e-02 -1.077760346386728435e-01 -1.344121150241269491e-01 -1.639135193519940248e-01 -1.967997182930282807e-01 -2.335537427017493617e-01 -2.745484743303812647e-01 -3.199040719726634618e-01 -3.692148359467261609e-01 -4.210242227428541706e-01 -4.718588628442075827e-01 -5.147642496165381054e-01 -5.380696783533063243e-01 -5.264153169632054263e-01 -4.658560253268635987e-01 -3.511804104794767900e-01 -1.899077292583120913e-01
-2.009090221467691242e-02 -4.068763213708822407e-02 -6.231029817284949868e-02 -8.550768024981293680e-02 -1.108716944090593626e-01 -1.390515188006996861e-01 -1.707661637325493253e-01 -2.068126299290792558e-01 -2.480633656192322289e-01 -2.954391710715925656e-01 -3.498247585504187240e-01 -4.118392220867085340e-01 -4.812219572186201555e-01 -5.553191092603187995e-01 -6.261621783723488877e-01 -6.771125072373820331e-01 -6.831935284033341382e-01 -6.196038859235225571e-01 -4.753411804494224735e-01 -2.603872268122338629e-01
-1.992375896452220491e-02 -4.040152225574357436e-02 -6.200843306667371685e-02 -8.536300085324385889e-02 -1.111515493204214139e-01 -1.401561068704282875e-01 -1.732869888797828883e-01 -2.116212265918623325e-01 -2.564471672635080246e-01 -3.093121228234305686e-01 -3.720533101348416083e-01 -4.467147751902400543e-01 -5.349698851216895257e-01 -6.360347136563146986e-01 -7.417340932953691013e-01 -8.298017211511610203e-01 -8.626285532407219625e-01 -8.003618243577171887e-01 -6.237608491510667763e-01 -3.458446694372958041e-01
-1.920260960724036806e-02 -3.898626408659284365e-02 -5.995891458563126775e-02 -8.278434627848436922e-02 -1.082154024815037419e-01 -1.371343738797175249e-01 -1.706044572314131536e-01 -2.099379995187196646e-01 -2.567902001261625489e-01 -3.132904029839550519e-01 -3.822151955413954361e-01 -4.671160536144073339e-01 -5.718924117527933726e-01 -6.982347392448475798e-01 -8.385646571712030983e-01 -9.654820807277617600e-01 -1.028367387612427297e+00 -9.712782058091462556e-01 -7.660515644491916465e-01 -4.287571657016341353e-01
-1.790041358801983812e-02 -3.638200863317010009e-02 -5.605661886115336640e-02 -7.760007444507209529e-02 -1.017913469736059229e-01 -1.295615330752765970e-01 -1.620584575855969489e-01 -2.007358957064316329e-01 -2.474821475600622322e-01 -3.048117436925287249e-01 -3.761442262830448358e-01 -4.660971039866479981e-01 -5.802049784469140992e-01 -7.220982002567529756e-01 -8.850049742732680746e-01 -1.038460092545296254e+00 -1.123250583071621955e+00 -1.072512956392605687e+00 -8.519402360633665516e-01 -4.795136615679885805e-01
-1.601703314837937472e-02 -3.258473766818605760e-02 -5.028548145098717115e-02 -6.976799230796398854e-02 -9.178838640775495439e-02 -1.172619564046510771e-01 -1.473319322087977001e-01 -1.834646849865255724e-01 -2.275866491163671956e-01 -2.822871763072065110e-01 -3.511114071310342255e-01 -4.388691177667681798e-01 -5.513657547171350037e-01 -6.925711149330898708e-01 -8.560580243120905486e-01 -1.011583091410835245e+00 -1.099913840340551952e+00 -1.053947344511567907e+00 -8.390732467667554317e-01 -4.729805688322115675e-01
-1.358297946984473106e-02 -2.765442603364879140e-02 -4.273258106359371228e-02 -5.939803532942921488e-02 -7.833225642150654089e-02 -1.003659770195209217e-01 -1.265426158475148888e-01 -1.582039660002698966e-01 -1.971084512010236323e-01 -2.455955411930960397e-01 -3.068009271157771112e-01 -3.848317718545034016e-01 -4.843766049562698850e-01 -6.081270650261959565e-01 -7.495568436219465225e-01 -8.820357162820890995e-01 -9.551009741806342213e-01 -9.123421311669265288e-01 -7.248150625649490975e-01 -4.076467062839689293e-01
-1.066045589522578683e-02 -2.171740492467468669e-02 -3.359238501857791243e-02 -4.675931703783144100e-02 -6.177663348436505941e-02 -7.932708075179890905e-02 -1.002685765733866557e-01 -1.256998854143433486e-01 -1.570444904488568216e-01 -1.961524754353029532e-01 -2.454020023365580672e-01 -3.076984211733150287e-01 -3.859678146755691208e-01 -4.810670202863455702e-01 -5.866638547640394830e-01 -6.821085746780128911e-01 -7.306761318912580183e-01 -6.924286839245171743e-01 -5.471793830710515172e-01 -3.061887155119176751e-01
-7.341437376128447101e-03 -1.496235148845028937e-02 -2.316023885393448181e-02 -3.227021973254273063e-02 -4.268788372139185883e-02 -5.489713689793485063e-02 -6.950471820123874100e-02 -8.728237735753816007e-02 -1.092153208463126357e-01 -1.365486781095340274e-01 -1.708038575206984877e-01 -2.136757543245172974e-01 -2.665506869809723955e-01 -3.290654378820133674e-01 -3.960749399956768890e-01 -4.538792152812473057e-01 -4.798651107659760995e-01 -4.503059459380419072e-01 -3.534840422400140070e-01 -1.965976291668206088e-01
-3.742940448577891134e-03 -7.630323376375903154e-03 -1.181600085457131140e-02 -1.647344158329442504e-02 -2.180754744744184404e-02 -2.806886564336487019e-02 -3.557077809132774826e-02 -4.470952779872522376e-02 -5.598493699056875800e-02 -7.001463308068171798e-02 -8.752211444527012441e-02 -1.092477057740043889e-01 -1.356590360423402808e-01 -1.662270824686403192e-01 -1.980729571816942924e-01 -2.244585190944649311e-01 -2.348948432857183855e-01 -2.187119973088824387e-01 -1.707636815785076589e-01 -9.451956649662787702e-02
