-1.106894053830160818e-01 -1.736732287485666104e-01 -1.910856373238176142e-01 -1.778125705122932942e-01 -1.508626110234042306e-01 -1.219957944311743231e-01 -9.659853232435537673e-02 -7.600163942855429899e-02 -5.982790673271636689e-02 -4.724967732656397412e-02 -3.745655209670278873e-02 -2.977871928696822559e-02 -2.369492864778009744e-02 -1.880899096538979354e-02 -1.482165406840160390e-02 -1.150592679570466154e-02 -8.687482829921898408e-03 -6.229701888281032746e-03 -4.022361587011806690e-03 -1.972985552604143451e-03
-2.322103435431284446e-01 -3.583649411498966431e-01 -3.883126816021663097e-01 -3.560858955543796944e-01 -2.982474728348555870e-01 -2.388528087735643235e-01 -1.880051625243804869e-01 -1.475104932799824742e-01 -1.160509161191951993e-01 -9.171326715878005964e-02 -7.279772392242871148e-02 -5.796337257435064255e-02 -4.619199676446546915e-02 -3.671937603303391390e-02 -2.897168606667578986e-02 -2.251455240424333690e-02 -1.701428507309196009e-02 -1.220895176529829956e-02 -7.886757852204120955e-03 -3.869583407218730748e-03
-3.619662100709065133e-01 -5.476001429507161289e-01 -5.826028472409509051e-01 -5.249106017229689947e-01 -4.328775380321630561e-01 -3.427346534392040622e-01 -2.680201522646951107e-01 -2.097995560546118687e-01 -1.651270923600262897e-01 -1.307521764457271196e-01 -1.040574704399748751e-01 -8.308501458607076007e-02 -6.639029838348214918e-02 -5.290481845992137111e-02 -4.183114507595762921e-02 -3.256628212419141605e-02 -2.464612012408898267e-02 -1.770504651313769759e-02 -1.144613465009441423e-02 -5.618596330662996990e-03
-4.713387398471282630e-01 -7.031335292941571780e-01 -7.386502856227148417e-01 -6.575706512524783776e-01 -5.368382612029676260e-01 -4.222831640141698761e-01 -3.294524941441123178e-01 -2.581690796765684914e-01 -2.038556374889086698e-01 -1.621057017703864123e-01 -1.295945347769819067e-01 -1.039288452545392288e-01 -8.337934413294940950e-02 -6.667844034377790052e-02 -5.288176845919745350e-02 -4.127326718712882869e-02 -3.129882964595601808e-02 -2.251895698762506823e-02 -1.457414142789890781e-02 -7.158678309249851338e-03
-5.203783045204567470e-01 -7.739441845717371926e-01 -8.116902804373006264e-01 -7.224036288237885017e-01 -5.907501813783595512e-01 -4.665324051294696406e-01 -3.661534922980179685e-01 -2.890024541044558526e-01 -2.299443438027196362e-01 -1.842126092201959719e-01 -1.482854576151749204e-01 -1.196564008202358476e-01 -9.651976988339047714e-02 -7.754781001751441527e-02 -6.174419124401850367e-02 -4.834614894681818487e-02 -3.675692635213622522e-02 -2.649779378012103934e-02 -1.717280404362344845e-02 -8.441990062250276025e-03
-4.896976871715859048e-01 -7.358549829097082995e-01 -7.811042782661511419e-01 -7.054015311484964634e-01 -5.865292819020531123e-01 -4.712559232009326249e-01 -3.759471106236710880e-01 -3.010886374591815740e-01 -2.426184572879741264e-01 -1.965058338305484820e-01 -1.596775229821392195e-01 -1.298914135435955131e-01 -1.054954862755048267e-01 -8.524880522571173791e-02 -6.820100650998510428e-02 -5.361015154534520821e-02 -4.088488715035513976e-02 -2.954246514830138892e-02 -1.917729752936150889e-02 -9.436495143158652940e-03
-3.989992563455895813e-01 -6.142234694527456407e-01 -6.694161423617156492e-01 -6.227696808344433954e-01 -5.342994223857066016e-01 -4.422734052478211608e-01 -3.620671999973780197e-01 -2.962134046082166017e-01 -2.428577127806121061e-01 -1.995067790832322774e-01 -1.640266910488787644e-01 -1.347361234781944139e-01 -1.103219129531749498e-01 -8.975088153922730627e-02 -7.220082940163610741e-02 -5.700851069576109986e-02 -4.362994860283039844e-02 -3.160985583305107177e-02 -2.055743132804924850e-02 -1.012670706180215929e-02
-2.905008748912611405e-01 -4.637369130957867958e-01 -5.253949525916664642e-01 -5.097144951193082196e-01 -4.561352108204760336e-01 -3.923461662091996538e-01 -3.316945256212213700e-01 -2.784594508140891822e-01 -2.330408633677771291e-01 -1.946315279428190437e-01 -1.621858420468489659e-01 -1.347043614797322486e-01 -1.113051099180920461e-01 -9.123192072535386832e-02 -7.384287736053694873e-02 -5.859303927939603363e-02 -4.501647632051814646e-02 -3.270954381910157194e-02 -2.131585828983430589e-02 -1.051290961742126079e-02
-1.977995415721931771e-01 -3.297476102900342987e-01 -3.911733390081035266e-01 -3.981907410567231964e-01 -3.733361573700751945e-01 -3.346882526853889872e-01 -2.928278383074046087e-01 -2.526974068446168342e-01 -2.161888548447892522e-01 -1.837899019716722759e-01 -1.553805020537943060e-01 -1.305902708579902427e-01 -1.089621923742979670e-01 -9.002876986536396953e-02 -7.334565854096092297e-02 -5.850422321015993909e-02 -4.513330895839381268e-02 -3.289594143173318191e-02 -2.148353202512248011e-02 -1.060907940350560436e-02
-1.322313545333208273e-01 -2.299995015593358505e-01 -2.855883665405535843e-01 -3.046618045960483578e-01 -2.986659391217728055e-01 -2.784901010870145521e-01 -2.518199885383279324e-01 -2.232403043186149127e-01 -1.952173174900632968e-01 -1.689576247669619391e-01 -1.449558290531478000e-01 -1.233139424943837381e-01 -1.039245743716018106e-01 -8.657523546213528876e-02 -7.100671670862576668e-02 -5.694481309372228378e-02 -4.411652749965724873e-02 -3.225733661046279593e-02 -2.111323691127421978e-02 -1.043986736441218123e-02
-8.992677735834143926e-02 -1.619360557413917767e-01 -2.090641164441055522e-01 -2.321880606155235782e-01 -2.365371283711309169e-01 -2.282791795697824699e-01 -2.126026800138846873e-01 -1.932052890147937796e-01 -1.724795404404577681e-01 -1.518670767809179312e-01 -1.321711547980883861e-01 -1.137850216335411502e-01 -9.684686019006195912e-02 -8.134082724346407278e-02 -6.716109603085340662e-02 -5.415171600929750972e-02 -4.213060202161851564e-02 -3.090360544788972944e-02 -2.027218515577213637e-02 -1.003715856984694829e-02
-6.308393176217656773e-02 -1.164526305941583073e-01 -1.549093398557558343e-01 -1.776089729376663928e-01 -1.866559826231949659e-01 -1.853755682071857869e-01 -1.770800939555797482e-01 -1.644939171701451097e-01 -1.496277716465603813e-01 -1.338598548452362980e-01 -1.180766119088378641e-01 -1.028080387846551091e-01 -8.833695561071679137e-02 -7.478002390243231046e-02 -6.214506640724370284e-02 -5.037029656705029057e-02 -3.935051408407028162e-02 -2.895426556082051836e-02 -1.903473639704329062e-02 -9.436566633462067921e-03
-4.554810550280219417e-02 -8.549867380712353193e-02 -1.162398861959744734e-01 -1.365361737098858275e-01 -1.470424661289956858e-01 -1.494684834057762590e-01 -1.458437813487286072e-01 -1.380616801545092587e-01 -1.276775867546390830e-01 -1.158678833667414892e-01 -1.034673122383442390e-01 -9.103348544753080140e-02 -7.891279967547644436e-02 -6.729716665777904505e-02 -5.626878444538700036e-02 -4.583383151849831916e-02 -3.594686419385388632e-02 -2.652818174796327949e-02 -1.747590238639110116e-02 -8.674369706505900141e-03
-3.355836557915189283e-02 -6.370585637611775320e-02 -8.798109039367391082e-02 -1.052349089363291551e-01 -1.155016555841578835e-01 -1.196097495210877160e-01 -1.187642562412017516e-01 -1.142312865570427743e-01 -1.071529364594869110e-01 -9.846671554232683254e-02 -8.889119773974273053e-02 -7.894569417964714120e-02 -6.898350632276718797e-02 -5.922696380872977118e-02 -4.979901329640805396e-02 -4.074933504788828820e-02 -3.207489833934696472e-02 -2.373566185687954813e-02 -1.566630228095929403e-02 -7.784987778235573364e-03
-2.497457506468148819e-02 -4.778067438111859022e-02 -6.674041356544666015e-02 -8.091894256489474968e-02 -9.011874026524145653e-02 -9.470435020494354095e-02 -9.537209186841154318e-02 -9.294621623777539476e-02 -8.823607785518193525e-02 -8.195479141612876939e-02 -7.468498213340790670e-02 -6.687451061696761401e-02 -5.884848017012608845e-02 -5.082809789121302269e-02 -4.295091835192213492e-02 -3.528955876164355243e-02 -2.786770084129275640e-02 -2.067322644309169816e-02 -1.366861839333229252e-02 -6.799253882032134724e-03
-1.855888730960901511e-02 -3.570150275547143842e-02 -5.028068348904090462e-02 -6.158155531164319352e-02 -6.934992639534835746e-02 -7.371676014957481704e-02 -7.507347684487482298e-02 -7.394534404795648219e-02 -7.089030072972697660e-02 -6.643132658293891823e-02 -6.101936843869928268e-02 -5.501882749126895539e-02 -4.870774462140981670e-02 -4.228597711931825209e-02 -3.588697057845557925e-02 -2.959024000437425819e-02 -2.343309464384836158e-02 -1.742087845147629460e-02 -1.153564829107082967e-02 -5.743381563406182479e-03
-1.355943769635709929e-02 -2.618572214848039620e-02 -3.709921364691202289e-02 -4.577663550129343339e-02 -5.198259490925225684e-02 -5.573923793460720116e-02 -5.725963625414091929e-02 -5.687131575469347305e-02 -5.494837361820052030e-02 -5.186079598564343612e-02 -4.794227782317339592e-02 -4.347364061375513095e-02 -3.867764867586197947e-02 -3.372105612982597561e-02 -2.872070883372759842e-02 -2.375131701992209965e-02 -1.885352461371533894e-02 -1.404150800281300272e-02 -9.309682801998449969e-03 -4.638594927861702626e-03
-9.493122939012915706e-03 -1.838271066677753252e-02 -2.615378261371759105e-02 -3.244313984052425714e-02 -3.706454171161799316e-02 -3.999790908698308556e-02 -4.135445059733294099e-02 -4.133184569148738025e-02 -4.017102282294129217e-02 -3.812115589134647264e-02 -3.541526788206533077e-02 -3.225577858680615112e-02 -2.880811293448092697e-02 -2.519985670163813612e-02 -2.152346489298379018e-02 -1.784075908526135817e-02 -1.418816491172140114e-02 -1.058192020322717801e-02 -7.022957761190279889e-03 -3.501305107724872554e-03
-6.030334104545355921e-03 -1.169819874101951304e-02 -1.669004341429418739e-02 -2.077758629307689675e-02 -2.383449529960942129e-02 -2.583337996193253022e-02 -2.682837579871268432e-02 -2.693055504109096929e-02 -2.628267473818229200e-02 -2.503751460473639320e-02 -2.334182407673727339e-02 -2.132606715331087852e-02 -1.909912670653241690e-02 -1.674675021068472783e-02 -1.433248924074687937e-02 -1.190006492076621167e-02 -9.476437226250501722e-03 -7.075043346430503685e-03 -4.698928984393776348e-03 -2.343663517673343598e-03
-2.930009061689157167e-03 -5.689702370201385646e-03 -8.130601824785949061e-03 -1.014266346984605410e-02 -1.166247260100661265e-02 -1.267273808990413211e-02 -1.319510537146267003e-02 -1.327931355680950914e-02 -1.299159401565429077e-02 -1.240438538037996231e-02 -1.158843367260157381e-02 -1.060751259755570580e-02 -9.515538413720870531e-03 -8.355488648276869143e-03 -7.159638078177003352e-03 -5.950547529678571444e-03 -4.742470129484100891e-03 -3.542892081636207953e-03 -2.354059194903146499e-03 -1.174429200964314688e-03
