-4.373307954168077771e-03 -8.965843008591236479e-03 -1.401899939379765495e-02 -1.982231619254168353e-02 -2.674801764116629954e-02 -3.530104378740609589e-02 -4.619559232874585059e-02 -6.047617225955088244e-02 -7.970965712555790061e-02 -1.062629984616101086e-01 -1.435431423828562592e-01 -1.955650362998734570e-01 -2.643637454256434483e-01 -3.442198922604191580e-01 -4.161889295056377391e-01 -4.519471920606387139e-01 -4.304398405111795611e-01 -3.535590409040265114e-01 -2.430852871898141199e-01 -1.220844948354850024e-01
-8.527389406478506906e-03 -1.747106600596637360e-02 -2.728783939576464798e-02 -3.852224934575070731e-02 -5.186870990452110280e-02 -6.826051755222155293e-02 -8.900439487774518266e-02 -1.159905552251814936e-01 -1.520207997162544566e-01 -2.012714105768231565e-01 -2.696600809455870218e-01 -3.640029804013223957e-01 -4.874187076762375170e-01 -6.293022914089549946e-01 -7.560191606637990391e-01 -8.178409848779195634e-01 -7.779334984729102676e-01 -6.395156651515216950e-01 -4.405754673944062283e-01 -2.216585202071109373e-01
-1.226518471198245405e-02 -2.510319224790736811e-02 -3.913904529356296291e-02 -5.511013288357558687e-02 -7.394405326327328776e-02 -9.686784344886481546e-02 -1.255696720980875314e-01 -1.624463171343365764e-01 -2.109828773527692158e-01 -2.762782119829192418e-01 -3.654305335385201192e-01 -4.864331505981922543e-01 -6.425090768250205642e-01 -8.198868900622144906e-01 -9.765601858697290361e-01 -1.050967959120279627e+00 -9.976212833234601174e-01 -8.204205191991741364e-01 -5.662162954015582672e-01 -2.853697402044438891e-01
-1.543015784200135743e-02 -3.153747457561731360e-02 -4.905501873245203537e-02 -6.883518552489223397e-02 -9.192952406139143218e-02 -1.196970326624830216e-01 -1.539585922022856934e-01 -1.972241333568518773e-01 -2.530265538275336956e-01 -3.263569598280266493e-01 -4.239029489149644392e-01 -5.527855038845718161e-01 -7.149064845613996022e-01 -8.951585063654433627e-01 -1.050921992485887468e+00 -1.121002546818591350e+00 -1.060461902253301947e+00 -8.729663215998384462e-01 -6.046070405494787803e-01 -3.057229183724309296e-01
-1.791797245906451286e-02 -3.656153039278580569e-02 -5.670837157916940041e-02 -7.924606724850891126e-02 -1.052418220626437362e-01 -1.360320780778468963e-01 -1.733420819679068747e-01 -2.194481179904481938e-01 -2.773921655011425957e-01 -3.512130958426211702e-01 -4.459167717113446394e-01 -5.661507551702276153e-01 -7.114522621923206058e-01 -8.670334572398014084e-01 -9.961803883111804980e-01 -1.048200828256594441e+00 -9.863389476413816359e-01 -8.132916563349541494e-01 -5.664396821666983772e-01 -2.878964219462338825e-01
-1.968020256267056026e-02 -4.008230403435697475e-02 -6.197087341986645681e-02 -8.619889345184676699e-02 -1.137596190493442572e-01 -1.458473116076344223e-01 -1.839285088929153988e-01 -2.298220114534449132e-01 -2.857739310221607543e-01 -3.544687571396250014e-01 -4.387496905999938024e-01 -5.403731027578803081e-01 -6.565794215206623985e-01 -7.741956291499795251e-01 -8.654815715636948736e-01 -8.943812935311514778e-01 -8.352999481553244898e-01 -6.898056659681373048e-01 -4.836428653750535767e-01 -2.473372775639703369e-01
-2.072053368806776874e-02 -4.211661194575214845e-02 -6.489392833258475490e-02 -8.981901847592620169e-02 -1.177504534165992739e-01 -1.496690074217981170e-01 -1.867020781283145192e-01 -2.301309652097094094e-01 -2.813550054974602865e-01 -3.417505389293631346e-01 -4.122677900481609425e-01 -4.924078945674467134e-01 -5.780701408264506957e-01 -6.584431192594518700e-01 -7.144608669540384316e-01 -7.232421233173614850e-01 -6.690463764359707577e-01 -5.526369749048981594e-01 -3.897542420853014056e-01 -2.004744919975376960e-01
-2.108532065895585977e-02 -4.276968322406404788e-02 -6.566921428131113070e-02 -9.043280577799481246e-02 -1.177541739472492410e-01 -1.483761776667026078e-01 -1.830796084072763563e-01 -2.226420985877726466e-01 -2.677409269165590411e-01 -3.187517951840620478e-01 -3.753552518727183429e-01 -4.358060038768217792e-01 -4.957470601790491815e-01 -5.468771613111752528e-01 -5.768028520310222174e-01 -5.719531634165896383e-01 -5.233840525320879733e-01 -4.314904470123347990e-01 -3.053746601605111244e-01 -1.577066196299168610e-01
-2.085106504060944485e-02 -4.220758692655433852e-02 -6.458044425109749076e-02 -8.848882240936865873e-02 -1.144572673863664958e-01 -1.430019208778437467e-01 -1.745980147499767987e-01 -2.096160698175043580e-01 -2.482074664951023080e-01 -2.901111625336648125e-01 -3.343446339462307071e-01 -3.787468534249667229e-01 -4.194087547758300061e-01 -4.502539466508498345e-01 -4.634035876792833575e-01 -4.509942662840629723e-01 -4.081239191483838069e-01 -3.351120766865833267e-01 -2.373042061799595648e-01 -1.227730776050977302e-01
-2.011135142888902105e-02 -4.062915599744090778e-02 -6.195615660104239475e-02 -8.448477800113045333e-02 -1.085841582224670587e-01 -1.345762285311440098e-01 -1.626944484762322118e-01 -1.930165117232600092e-01 -2.253599870426873653e-01 -2.591291580099158720e-01 -2.931062513126508895e-01 -3.252004573415391842e-01 -3.522220270033621370e-01 -3.698526232388537061e-01 -3.730882281442857162e-01 -3.573452480007588972e-01 -3.199640518423021440e-01 -2.613047541463078827e-01 -1.847230545631443621e-01 -9.556272022911582731e-02
-1.896518456266656216e-02 -3.824152909882823359e-02 -5.813025265842530070e-02 -7.890998080277969451e-02 -1.008183657462331517e-01 -1.240243907566968701e-01 -1.485870420986270812e-01 -1.743955127836150365e-01 -2.010865132916767606e-01 -2.279371700608771589e-01 -2.537402331506448672e-01 -2.766861035603619956e-01 -2.943076161571647198e-01 -3.035833878531559726e-01 -3.013098973414234383e-01 -2.847722703325907823e-01 -2.525397191546690512e-01 -2.050228882339487080e-01 -1.445003962692753829e-01 -7.466219968692282272e-02
-1.750785669113769788e-02 -3.524152456890248392e-02 -5.341334818508187282e-02 -7.220653243731342541e-02 -9.175494029732807200e-02 -1.121159333001483099e-01 -1.332338217758358700e-01 -1.548919896711629662e-01 -1.766533521022973230e-01 -1.977925084514424448e-01 -2.172299940503784332e-01 -2.334906254172508244e-01 -2.447229057707708821e-01 -2.488278690521634473e-01 -2.437359935149583379e-01 -2.278181951028352970e-01 -2.003262933174793092e-01 -1.616930036315039620e-01 -1.135636726354162934e-01 -5.857316752755586248e-02
-1.582471939782188752e-02 -3.180336590368244148e-02 -4.807508877848534062e-02 -6.474786767337245563e-02 -8.187893536109487613e-02 -9.945058565346551194e-02 -1.173403297853393007e-01 -1.352852782693165778e-01 -1.528424051647476467e-01 -1.693494997170048588e-01 -1.838964736450019455e-01 -1.953229446743976472e-01 -2.022638746990869651e-01 -2.032655530162669200e-01 -1.969818994927921285e-01 -1.824304357347064642e-01 -1.592467399561696695e-01 -1.278536612895888880e-01 -8.948507568406921520e-02 -4.606551693761280070e-02
-1.398765500906008589e-02 -2.807213342664999570e-02 -4.233577799517850015e-02 -5.683092046287796517e-02 -7.156235497050372762e-02 -8.646714931402972593e-02 -1.013916383748165173e-01 -1.160663970502141817e-01 -1.300814975055810396e-01 -1.428666194096453179e-01 -1.536834523051240631e-01 -1.616407691945125347e-01 -1.657439745145496135e-01 -1.649882927657399523e-01 -1.584951462553925439e-01 -1.456743082024649083e-01 -1.263759885647590397e-01 -1.009894029317597586e-01 -7.045721803107878045e-02 -3.620372776208461568e-02
-1.205376778081849315e-02 -2.416173574968322191e-02 -3.636497327634528876e-02 -4.867768609922407813e-02 -6.107242077580841283e-02 -7.346402314605572637e-02 -8.569268262228588173e-02 -9.750717925959187515e-02 -1.085505758688440348e-01 -1.183520337138337375e-01 -1.263299519505522717e-01 -1.318127078727249768e-01 -1.340829603880255017e-01 -1.324484864501623282e-01 -1.263360631954610902e-01 -1.153956305926549519e-01 -9.959347188930058048e-02 -7.927072163971342345e-02 -5.515065441209757169e-02 -2.829217244457816333e-02
-1.006568031246515317e-02 -2.015607046409054540e-02 -3.028469562928869444e-02 -4.044243402636993334e-02 -5.058562317228331578e-02 -6.062384480734693548e-02 -7.040789490173166021e-02 -7.971906676754030030e-02 -8.826159856316753705e-02 -9.566099381485083930e-02 -1.014716176882354132e-01 -1.051971553409721538e-01 -1.063266769933731565e-01 -1.043866349582998065e-01 -9.900499227512403466e-02 -8.997868104190893945e-02 -7.733154648647522222e-02 -6.134935788985937388e-02 -4.258250694575104606e-02 -2.181430866960803669e-02
-8.052882215075869363e-03 -1.611217059108377772e-02 -2.417530722258337539e-02 -3.222173346585970738e-02 -4.020379867384433342e-02 -4.803784274990882674e-02 -5.559599195045198533e-02 -6.269960165188766255e-02 -6.911576374766909003e-02 -7.455873151007350041e-02 -7.869837621730042809e-02 -8.117762418796280188e-02 -8.163996564738776329e-02 -7.976639086984048388e-02 -7.531859616733777019e-02 -6.818255843834576668e-02 -5.840467689356803466e-02 -4.621265869971279139e-02 -3.201570810438014031e-02 -1.638255703040467429e-02
-6.033679101981782519e-03 -1.206442306515390431e-02 -1.808263109237956412e-02 -2.406539757196478335e-02 -2.996999771791218972e-02 -3.572773997612269797e-02 -4.123863398464755470e-02 -4.636759070142965761e-02 -5.094313016113873743e-02 -5.475979841219718453e-02 -5.758553664670491845e-02 -5.917500566114053395e-02 -5.928917654274716564e-02 -5.772037399490527465e-02 -5.432044820466266910e-02 -4.902828407671729061e-02 -4.189194592164641878e-02 -3.308089419092800909e-02 -2.288511165080038198e-02 -1.170021280096696092e-02
-4.017412562047328536e-03 -8.029214135100649213e-03 -1.202539853936146833e-02 -1.598722977794760081e-02 -1.988305755214860721e-02 -2.366448752130070540e-02 -2.726321700207524554e-02 -3.058900184397802050e-02 -3.352937346870219631e-02 -3.595179944054260890e-02 -3.770897133615844915e-02 -3.864768904680211670e-02 -3.862136507087066822e-02 -3.750548527588502129e-02 -3.521454190807810775e-02 -3.171818669185200168e-02 -2.705393080740381082e-02 -2.133386233827359521e-02 -1.474363400589357408e-02 -7.533183993731200345e-03
-2.006758834744333097e-03 -4.009623143108892278e-03 -6.002521615567895513e-03 -7.975066548191798652e-03 -9.910515479684431014e-03 -1.178393723477306511e-02 -1.356074555097038815e-02 -1.519582788673259736e-02 -1.663356405188012518e-02 -1.780905613046602359e-02 -1.865086066762858263e-02 -1.908541523373764176e-02 -1.904311061180202075e-02 -1.846566112268203941e-02 -1.731404867361908961e-02 -1.557599098828304184e-02 -1.327172845998100988e-02 -1.045699238318315190e-02 -7.222378952185574096e-03 -3.688890652408626913e-03
