-4.552620212336134196e-03 -9.110454209308406145e-03 -1.367325260016827304e-02 -1.822978389137945229e-02 -2.275226505729656401e-02 -2.719091551900489068e-02 -3.146903417316727208e-02 -3.547928604768956634e-02 -3.908223322305304920e-02 -4.210837763423615210e-02 -4.436504555718237541e-02 -4.564907462053539172e-02 -4.576532654814860490e-02 -4.454958030187736173e-02 -4.189264996487007675e-02 -3.776137558113112913e-02 -3.221213191414457055e-02 -2.539406843504402392e-02 -1.754179382270682624e-02 -8.959549240425936784e-03
-9.100026515684816672e-03 -1.821594154888982187e-02 -2.735277152117620778e-02 -3.649361764741734793e-02 -4.558835996583579520e-02 -5.454236456366488850e-02 -6.320593549824952972e-02 -7.136587853126991066e-02 -7.874127171597311570e-02 -8.498623358420019647e-02 -8.970273265511558014e-02 -9.246592759892120761e-02 -9.286265317565677024e-02 -9.054034540372625506e-02 -8.525964632901333884e-02 -7.694072168380111654e-02 -6.569308500144141472e-02 -5.182234881516403768e-02 -3.581355755204924940e-02 -1.829640277790980582e-02
-1.363154230527013552e-02 -2.730051415015207969e-02 -4.102827232902314658e-02 -5.480355587438849596e-02 -6.856519467774048471e-02 -8.218424785661238019e-02 -9.544646821862218244e-02 -1.080370234954437375e-01 -1.195307445928703305e-01 -1.293925569938512710e-01 -1.369937268473752356e-01 -1.416492533872238113e-01 -1.426790151192730838e-01 -1.394895048429531104e-01 -1.316648706084612430e-01 -1.190487835310291842e-01 -1.017971398952855905e-01 -8.038868521127735811e-02 -5.559368511429676335e-02 -2.841250348095744616e-02
-1.812562838656698802e-02 -3.632629923363870500e-02 -5.465624902114182837e-02 -7.312714099434033943e-02 -9.168461726908126719e-02 -1.101829677139409686e-01 -1.283586686437093727e-01 -1.458050046400856670e-01 -1.619521303202898499e-01 -1.760595256019142629e-01 -1.872303678870373134e-01 -1.944583466853257725e-01 -1.967146505216521291e-01 -1.930737891892271851e-01 -1.828615497139045587e-01 -1.657924036469260176e-01 -1.420580080085657726e-01 -1.123415680056828736e-01 -7.775999401237658482e-02 -3.975992591556017780e-02
-2.254467235894838315e-02 -4.522280713025714910e-02 -6.814328633378723132e-02 -9.136414691536517974e-02 -1.148631702226136919e-01 -1.385043424051788929e-01 -1.620002365699187430e-01 -1.848722000896697581e-01 -2.064132489516510016e-01 -2.256630509448405986e-01 -2.414098754201224606e-01 -2.522391127722148907e-01 -2.566474436662670167e-01 -2.532294353356440153e-01 -2.409151141738923863e-01 -2.192012533769100158e-01 -1.883009065583263197e-01 -1.491595770045325564e-01 -1.033447937993523108e-01 -5.286720508145348330e-02
-2.683025395481038883e-02 -5.387697403175044364e-02 -8.132994521863688708e-02 -1.093229945963866412e-01 -1.378995801421435130e-01 -1.669709984586311424e-01 -1.962657391767267667e-01 -2.252703120755968624e-01 -2.531656166939496577e-01 -2.787695493686746517e-01 -3.005069441298335864e-01 -3.164407002838983685e-01 -3.244063810405375392e-01 -3.222810639743587946e-01 -3.083677970277046154e-01 -2.817961815053383057e-01 -2.427844911247346860e-01 -1.926508749294582878e-01 -1.335923304510554244e-01 -6.836407846931540078e-02
-3.089937167774270063e-02 -6.212489077853371178e-02 -9.397652962945654553e-02 -1.266983111181468336e-01 -1.604411605588937362e-01 -1.952143380655685656e-01 -2.308214131031854077e-01 -2.667776945885051987e-01 -3.022093408459666786e-01 -3.357424866241427996e-01 -3.654072506686294464e-01 -3.886091772668607280e-01 -4.022536776725881280e-01 -4.031162047538145443e-01 -3.884731740176877168e-01 -3.568257259221977451e-01 -3.083860072124976481e-01 -2.450648867488756655e-01 -1.700086440530156617e-01 -8.699648222796954600e-02
-3.464234229393750586e-02 -6.974669054041061911e-02 -1.057529734233645102e-01 -1.430525616278744139e-01 -1.819524165760995627e-01 -2.226237837843487444e-01 -2.650278816206748655e-01 -3.088096878447750271e-01 -3.531513617321582754e-01 -3.965827427065008459e-01 -4.367662781378825465e-01 -4.703230254571222901e-01 -4.928562271557356267e-01 -4.994120035117423639e-01 -4.855257893223079990e-01 -4.485923396997506529e-01 -3.888285306156361032e-01 -3.091916128326899216e-01 -2.143714558659690628e-01 -1.096102032790161745e-01
-3.792330867471564726e-02 -7.646655777266098131e-02 -1.162361131154960453e-01 -1.578065485230425724e-01 -2.016921621277338872e-01 -2.483005021100318788e-01 -2.978566224919311778e-01 -3.502815818255096136e-01 -4.050020735520462600e-01 -4.606626591065818843e-01 -5.147204954711099845e-01 -5.629680306299051917e-01 -5.992314411905519389e-01 -6.158057978675433031e-01 -6.051875639065432688e-01 -5.627664080018006665e-01 -4.888346850100759866e-01 -3.883299010215953695e-01 -2.686031721032439701e-01 -1.370498633881492567e-01
-4.058433703523520869e-02 -8.196012155213514006e-02 -1.249183764962192716e-01 -1.702453589668235789e-01 -2.187091844538897600e-01 -2.710294328503713990e-01 -3.278163744357391329e-01 -3.894565588749209772e-01 -4.559033455606451568e-01 -5.262977399649007015e-01 -5.983014819025486153e-01 -6.670605875694952669e-01 -7.241065746852369811e-01 -7.573944819903783987e-01 -7.541082123630973300e-01 -7.059951057515412298e-01 -6.136166635101341083e-01 -4.856931449486598384e-01 -3.342422207436056003e-01 -1.698524344922669183e-01
-4.245392021783908620e-02 -8.587121987048322580e-02 -1.312319152212540474e-01 -1.795473305509277528e-01 -2.318697839608372113e-01 -2.892916181323632596e-01 -3.529221985767838632e-01 -4.238188084440852044e-01 -5.028158369454391874e-01 -5.901139783824496110e-01 -6.843191392572125498e-01 -7.805041622612682861e-01 -8.675049900771290012e-01 -9.267631067699168002e-01 -9.366563454841764225e-01 -8.826776726661827999e-01 -7.660319620529892903e-01 -6.021948701935987414e-01 -4.109745223037094553e-01 -2.075293277985182927e-01
-4.336012704903963177e-02 -8.783892662920012029e-02 -1.345907383535965840e-01 -1.848422678370465755e-01 -2.399309947250886643e-01 -3.013448657299822586e-01 -3.707596895978754747e-01 -4.500601714738242665e-01 -5.412898059234669823e-01 -6.463240825937960343e-01 -7.656606981289781899e-01 -8.952494560713120109e-01 -1.021177282424569732e+00 -1.116149729225655252e+00 -1.145703499208053033e+00 -1.085948789139226545e+00 -9.392366510657236267e-01 -7.314337534117203443e-01 -4.937727614568240275e-01 -2.473270724546097199e-01
-4.314766321597383186e-02 -8.753362466498039451e-02 -1.344498471607144530e-01 -1.853000095018390303e-01 -2.416670332586368652e-01 -3.053966661576013042e-01 -3.787056776663388913e-01 -4.643205955230840787e-01 -5.656115205938712087e-01 -6.864633278267339156e-01 -8.299295762282519195e-01 -9.937157710501809404e-01 -1.161614913376398217e+00 -1.296717693050022824e+00 -1.349518794880152361e+00 -1.284911392746512560e+00 -1.106744302275483038e+00 -8.534812317648796665e-01 -5.697758105759144209e-01 -2.830397839732401444e-01
-4.169690237697946944e-02 -8.469806331959799095e-02 -1.303750182962606363e-01 -1.802408905096161418e-01 -2.360404042220749232e-01 -2.998681332058543703e-01 -3.743345482204702979e-01 -4.628056967268423527e-01 -5.697057716992224297e-01 -7.005968197351241100e-01 -8.607994636984069858e-01 -1.049832431560883572e+00 -1.250110235816857651e+00 -1.417230074102432402e+00 -1.489452374394492296e+00 -1.422422435753539993e+00 -1.221275887950167061e+00 -9.349250713296157755e-01 -6.189335271903226854e-01 -3.055326687888875181e-01
-3.894188289597924624e-02 -7.918670906058065950e-02 -1.221112737541363708e-01 -1.692481289860633398e-01 -2.223854731821355013e-01 -2.836995234441734293e-01 -3.559423821246534558e-01 -4.427175004256456159e-01 -5.488400809706815986e-01 -6.804889966825681258e-01 -8.438269248644719722e-01 -1.039122206773575474e+00 -1.248584795727156305e+00 -1.425705130337658222e+00 -1.505109186918284214e+00 -1.439648392013288758e+00 -1.234842304513054545e+00 -9.427350184154027479e-01 -6.220719809743016082e-01 -3.063135912766394853e-01
-3.488392050372191022e-02 -7.099561624114411607e-02 -1.096352412402159526e-01 -1.522548774177996389e-01 -2.005537417816984913e-01 -2.566005720943218549e-01 -3.229999922811884194e-01 -4.031227553838403477e-01 -5.013803271247606608e-01 -6.232599944317350760e-01 -7.739471780936462153e-01 -9.529975885312522710e-01 -1.143668257960105628e+00 -1.303870382333616185e+00 -1.375242440502979724e+00 -1.315888815462798123e+00 -1.130565720145560116e+00 -8.653001419848508347e-01 -5.724508828747133515e-01 -2.823949571374211320e-01
-2.959818269067378618e-02 -6.027659557076500696e-02 -9.317919951495590158e-02 -1.295823984681529761e-01 -1.709739656560208543e-01 -2.191477507472928965e-01 -2.763192526293723472e-01 -3.452603145066192036e-01 -4.294065922472136698e-01 -5.326859315467151745e-01 -6.582045780209881958e-01 -8.040924058196263768e-01 -9.558408353868599328e-01 -1.080393233448907475e+00 -1.133537035949019556e+00 -1.083935568851076781e+00 -9.348726193682971308e-01 -7.203901886442550806e-01 -4.800627693511805294e-01 -2.380729019978760352e-01
-2.323221467475904134e-02 -4.733338493307345102e-02 -7.322256573049316930e-02 -1.019215523518549604e-01 -1.346119238511447880e-01 -1.726964025810239223e-01 -2.178594517451517831e-01 -2.721085140722140916e-01 -3.377350515073069270e-01 -4.169993665004116390e-01 -5.110119444209225703e-01 -6.169316489636513801e-01 -7.234169983694145323e-01 -8.077165195410648257e-01 -8.409838943487151219e-01 -8.031704822736863703e-01 -6.960935885427770309e-01 -5.411335211921500798e-01 -3.640255599346263193e-01 -1.817652929953393337e-01
-1.599729121568679510e-02 -3.260216404614276614e-02 -5.045612801658880958e-02 -7.026932273420453956e-02 -9.285575166117528145e-02 -1.191660958485048771e-01 -1.503090769853224762e-01 -1.875388504152731284e-01 -2.321546564220682007e-01 -2.851854068287160704e-01 -3.465933739292579863e-01 -4.136556580934894756e-01 -4.787186089031919001e-01 -5.281800242552371349e-01 -5.457868845267486169e-01 -5.204976711814996992e-01 -4.531151244635717723e-01 -3.551327239676275171e-01 -2.409911102599690269e-01 -1.210897849807810595e-01
-8.154785909384325987e-03 -1.662185265499123085e-02 -2.573046004772918532e-02 -3.584385968970656144e-02 -4.737565611733579596e-02 -6.080301057668677928e-02 -7.667025123859436131e-02 -9.556845972830560476e-02 -1.180606847630058798e-01 -1.444924183660306061e-01 -1.745851705377035046e-01 -2.067210805844269528e-01 -2.370828940112907346e-01 -2.594333454170282827e-01 -2.666602648740244996e-01 -2.540216135984424972e-01 -2.217855732766728927e-01 -1.747783956468192956e-01 -1.192955977554490260e-01 -6.019352059344012379e-02
