-1.044036968452495377e-02 -2.139444683920100135e-02 -3.341946164358317040e-02 -4.716320824874945666e-02 -6.341726513477763394e-02 -8.317499122229285446e-02 -1.076807958616829569e-01 -1.384158739157991813e-01 -1.768477007591595651e-01 -2.235511597003475293e-01 -2.762763686561282017e-01 -3.275379888339345347e-01 -3.644560369885481710e-01 -3.738226458670085850e-01 -3.502994873901480455e-01 -3.001641168151480410e-01 -2.365174601840199509e-01 -1.710770543022598067e-01 -1.097852883800514850e-01 -5.342095565918431738e-02
-2.036701471346348546e-02 -4.171794934311745529e-02 -6.512015956622242696e-02 -9.181604616177520273e-02 -1.233302447740136920e-01 -1.615957923086852321e-01 -2.090845517982033996e-01 -2.688511929123219568e-01 -3.441451848873074981e-01 -4.367136697042887095e-01 -5.427101641377289898e-01 -6.472296398234526071e-01 -7.234498961214923529e-01 -7.433021205428873568e-01 -6.953795816598433710e-01 -5.932101079734689586e-01 -4.646939362709715526e-01 -3.342311796440394223e-01 -2.135776132964480600e-01 -1.036705151485413368e-01
-2.930973761952376799e-02 -5.999016223114601171e-02 -9.352716319501286346e-02 -1.316504463400635649e-01 -1.764903608431664384e-01 -2.307778529759335062e-01 -2.980889233889931766e-01 -3.830370630915141961e-01 -4.909148355733081170e-01 -6.253366743052537480e-01 -7.818525433424826643e-01 -9.387584732667345611e-01 -1.054808953549087436e+00 -1.085817476994732855e+00 -1.013711394990786552e+00 -8.601114878650886197e-01 -6.690293125921936701e-01 -4.779724847867329318e-01 -3.039123213072851271e-01 -1.471032816172018476e-01
-3.688175313472713546e-02 -7.540579096810186288e-02 -1.173478438846217026e-01 -1.647679809509301485e-01 -2.201999900509158947e-01 -2.869064206661038341e-01 -3.692218665661543553e-01 -4.729005181457499596e-01 -6.048652568205172830e-01 -7.704332560118498652e-01 -9.651149462920985966e-01 -1.162236090029052926e+00 -1.309181259132595754e+00 -1.348710570429923816e+00 -1.257309605910211792e+00 -1.063247404876147106e+00 -8.235988587528900728e-01 -5.861932520667952895e-01 -3.717665078140660051e-01 -1.797112008574270059e-01
-4.281148443873025039e-02 -8.740340295496923373e-02 -1.356904150531233200e-01 -1.898733474258115506e-01 -2.526309641359135161e-01 -3.273822603909229412e-01 -4.186489740247876790e-01 -5.324414222666626895e-01 -6.760371475086809356e-01 -8.550785884217243504e-01 -1.064802819550371371e+00 -1.276650758572386302e+00 -1.434057661885490331e+00 -1.475343507589037539e+00 -1.375139673542079555e+00 -1.163929411897978605e+00 -9.031969814577511801e-01 -6.443503394815155438e-01 -4.096030932075864772e-01 -1.983387254990835458e-01
-4.696076480593985858e-02 -9.570590581919073692e-02 -1.481370279477677021e-01 -2.064036485755805783e-01 -2.730635467079849943e-01 -3.512942075553731058e-01 -4.451705261691324411e-01 -5.599218624931077137e-01 -7.015935275302139784e-01 -8.743069571041656163e-01 -1.072437853458461765e+00 -1.269008025068020018e+00 -1.412465058211520352e+00 -1.447315594690284479e+00 -1.350787885651676845e+00 -1.150047587621528811e+00 -9.002979610858024007e-01 -6.483875195865684837e-01 -4.154818671135578345e-01 -2.022269548277574602e-01
-4.932566140306630931e-02 -1.003223964345464903e-01 -1.547481034453160320e-01 -2.145403555475445256e-01 -2.819213903918916242e-01 -3.595197518699104200e-01 -4.504979327231731778e-01 -5.585854295785038781e-01 -6.875633760949676487e-01 -8.389338144290815480e-01 -1.006074166445278362e+00 -1.166182480940027411e+00 -1.278847889112648684e+00 -1.301836962564622890e+00 -1.217917098055992797e+00 -1.047308214425758832e+00 -8.318292033047839373e-01 -6.081963468529515415e-01 -3.945891577759112478e-01 -1.935633754164811371e-01
-5.001946330438532956e-02 -1.015098836221774853e-01 -1.559925751041472408e-01 -2.150880473872865406e-01 -2.805593304539383270e-01 -3.543394915146559354e-01 -4.385126934677162636e-01 -5.351505629090845817e-01 -6.456983387594082968e-01 -7.692028013834826261e-01 -8.986171293778923985e-01 -1.016347073701475034e+00 -1.094382573654260948e+00 -1.104782966483952578e+00 -1.036242163000451244e+00 -9.016286999056667417e-01 -7.283752509537698705e-01 -5.419140551368748504e-01 -3.565796502944701407e-01 -1.764667848890226209e-01
-4.924229849922372865e-02 -9.970506054576995514e-02 -1.526242347516461317e-01 -2.092597881600090637e-01 -2.708871415388892090e-01 -3.387536208758186729e-01 -4.139646018100762159e-01 -4.972225379887494356e-01 -5.882489232249998867e-01 -6.845873403062316953e-01 -7.796087461982699196e-01 -8.606027528341344546e-01 -9.097048344758472682e-01 -9.101513216457903788e-01 -8.552215743592459507e-01 -7.521929042670905119e-01 -6.173008225369677193e-01 -4.667482873105410768e-01 -3.111588328819593907e-01 -1.552554838140745019e-01
-4.724466099770858324e-02 -9.544379972643000920e-02 -1.455394859863996804e-01 -1.984396707963499984e-01 -2.549753312880183587e-01 -3.158186235636074035e-01 -3.813335665128445573e-01 -4.513125408996545018e-01 -5.245256775608974076e-01 -5.980041608514287121e-01 -6.661234621341418638e-01 -7.200595711732117321e-01 -7.488505719162730223e-01 -7.428901106970439150e-01 -6.983568911867988893e-01 -6.191035428030959853e-01 -5.142637244049533818e-01 -3.937804941282241900e-01 -2.652504407328949432e-01 -1.332247886958067284e-01
-4.429252966749801929e-02 -8.928597757555574443e-02 -1.356502095585818690e-01 -1.839840337711868001e-01 -2.347557336844844078e-01 -2.882106622430868903e-01 -3.442284770286466178e-01 -4.021090972670303687e-01 -4.602701958701206908e-01 -5.158687683207637820e-01 -5.644618738188595941e-01 -6.000306697102965048e-01 -6.158582133779345602e-01 -6.064315641216392327e-01 -5.695694577262712111e-01 -5.072955317895264660e-01 -4.247550417500705611e-01 -3.280718675708318988e-01 -2.226152754566534109e-01 -1.123456362824486743e-01
-4.063947831201859123e-02 -8.175734852332465497e-02 -1.237913071423174804e-01 -1.670904801545904095e-01 -2.118528211945553685e-01 -2.580394942962911942e-01 -3.052584106976017897e-01 -3.526126348104424157e-01 -3.985210088450709676e-01 -4.405470878760122666e-01 -4.753282354924284192e-01 -4.987690089496253920e-01 -5.066709695762628973e-01 -4.957742130425116800e-01 -4.647966832420508676e-01 -4.148485896625118130e-01 -3.489442045520083080e-01 -2.709709825305896547e-01 -1.847463824520028663e-01 -9.353246762696620920e-02
-3.650802065387987599e-02 -7.331261046470952114e-02 -1.106671438832023679e-01 -1.487336967697210632e-01 -1.875255129036049462e-01 -2.268359676195865204e-01 -2.661526364087401508e-01 -3.045599585762494010e-01 -3.406450866698677582e-01 -3.724396909324067528e-01 -3.974557806024355822e-01 -4.128908061009200492e-01 -4.160513605216529243e-01 -4.049370155834502993e-01 -3.787716655302468816e-01 -3.382135069935258698e-01 -2.851312460456589259e-01 -2.220950146738739084e-01 -1.518593312276648732e-01 -7.703624169399615751e-02
-3.207998190664772264e-02 -6.431791479669390910e-02 -9.683090760378319783e-02 -1.296516023691718089e-01 -1.626794894702664196e-01 -1.956261649396551505e-01 -2.279561016994802736e-01 -2.588291789691180012e-01 -2.870585287092720650e-01 -3.111070448567417324e-01 -3.291547524351621234e-01 -3.392682414709549676e-01 -3.396786597198007129e-01 -3.291192682112082379e-01 -3.071124627094959925e-01 -2.740850200621526289e-01 -2.312636335220722983e-01 -1.804152669543785947e-01 -1.235587591993910078e-01 -6.275295929645892390e-02
-2.749399249662648828e-02 -5.504814400549227354e-02 -8.268693920535535868e-02 -1.103622609976919466e-01 -1.379146248698170096e-01 -1.650330473477947257e-01 -1.912163811936906099e-01 -2.157420550995544084e-01 -2.376526571129821963e-01 -2.557748238087902415e-01 -2.687870163847755345e-01 -2.753469984023004247e-01 -2.742731760566388122e-01 -2.647460003194945233e-01 -2.464714019924397204e-01 -2.197488086615914937e-01 -1.854221929779153732e-01 -1.447433152895346575e-01 -9.920738246217683520e-02 -5.041679602276266658e-02
-2.284784052715197605e-02 -4.569372901083530725e-02 -6.850641692162726115e-02 -9.119584312868657394e-02 -1.135836584007225425e-01 -1.353749841535477894e-01 -1.561342702522239001e-01 -1.752699662096723066e-01 -1.920351475757656190e-01 -2.055525019207765924e-01 -2.148713705145155195e-01 -2.190593955579817897e-01 -2.173208225113396341e-01 -2.091199221293328636e-01 -1.942781194752357110e-01 -1.730164717827326337e-01 -1.459329350577521223e-01 -1.139283594060563620e-01 -7.811064999085629013e-02 -3.970682308466150917e-02
-1.820364283192179092e-02 -3.637251073949482327e-02 -5.444913954839998571e-02 -7.233101408292559598e-02 -8.984913955159323784e-02 -1.067489254255926528e-01 -1.226757051158665901e-01 -1.371683319725629235e-01 -1.496654020350114411e-01 -1.595285835339301239e-01 -1.660864939052037470e-01 -1.686983125672527339e-01 -1.668307348551493763e-01 -1.601346763303056753e-01 -1.485046418434551596e-01 -1.321059848542676107e-01 -1.113646982643618916e-01 -8.692652098466789601e-02 -5.960002811762910718e-02 -3.029984158612668982e-02
-1.359422048063114660e-02 -2.714351989552484662e-02 -4.058659980483898810e-02 -5.382990550746390851e-02 -6.673292407679173865e-02 -7.909583800493925898e-02 -9.065123949208206411e-02 -1.010622094636383778e-01 -1.099294641813688272e-01 -1.168098763985892380e-01 -1.212476307120907981e-01 -1.228165697887579066e-01 -1.211690642918619026e-01 -1.160833502395395844e-01 -1.074997445222632408e-01 -9.553807551014843746e-02 -8.049333940981484581e-02 -6.281296501279703959e-02 -4.306309443926283759e-02 -2.189250348525817805e-02
-9.029714931194964336e-03 -1.802073409933441922e-02 -2.692381608209165958e-02 -3.566905845414561349e-02 -4.415678967284322742e-02 -5.225023765839394152e-02 -5.977117090467203020e-02 -6.649976828021199327e-02 -7.218032187678063982e-02 -7.653378314301335916e-02 -7.927754203869155636e-02 -8.015122256622739250e-02 -7.894556803723853933e-02 -7.552987114322171069e-02 -6.987288056607028619e-02 -6.205320199128836617e-02 -5.225760749824681639e-02 -4.076888795810288540e-02 -2.794688491050395865e-02 -1.420706806309180587e-02
-4.503898451995677100e-03 -8.985873509155792305e-03 -1.341885072617755338e-02 -1.776570890704278621e-02 -2.197491077896106607e-02 -2.597714286740917047e-02 -2.968341937230887378e-02 -3.298536191056329614e-02 -3.575826911947790898e-02 -3.786739295525428511e-02 -3.917753439529066128e-02 -3.956521309150227983e-02 -3.893210991303178853e-02 -3.721766909366829024e-02 -3.440869235760973810e-02 -3.054422062993074685e-02 -2.571497754071121189e-02 -2.005808598297752904e-02 -1.374846207771479589e-02 -6.988884586581927023e-03
