-6.387159147460251367e-03 -1.307288943261765250e-02 -2.038172371764854912e-02 -2.869338831088814878e-02 -3.847891506352509039e-02 -5.034775117813078404e-02 -6.511013967846808470e-02 -8.385663358800068967e-02 -1.080425999670275028e-01 -1.395058296907188411e-01 -1.801576544833707605e-01 -2.307488823493693553e-01 -2.881400624534807275e-01 -3.421660846970025482e-01 -3.761619032411807617e-01 -3.745538978837567035e-01 -3.331183832066863526e-01 -2.616323860935574341e-01 -1.758610250235357331e-01 -8.743487839907543302e-02
-1.247574632815220790e-02 -2.552267471209416355e-02 -3.976061665908670051e-02 -5.591291555600176599e-02 -7.487451572916445364e-02 -9.780183795171638883e-02 -1.262347120899629249e-01 -1.622594794791864248e-01 -2.087017451040261706e-01 -2.692259338801550328e-01 -3.478305997254943494e-01 -4.464733573150237445e-01 -5.595001194753067564e-01 -6.669572409928768986e-01 -7.352788422473655050e-01 -7.327603930131336707e-01 -6.508519683157228952e-01 -5.096927185723461040e-01 -3.414293522340933196e-01 -1.693167913370430544e-01
-1.799315104818091995e-02 -3.678144501126467264e-02 -5.722515344937571108e-02 -8.032314293714157283e-02 -1.073043819982346520e-01 -1.397501185085460174e-01 -1.797640731417907700e-01 -2.302123466475374802e-01 -2.950380188656924751e-01 -3.795106876366264315e-01 -4.896902153092109189e-01 -6.291527449413163442e-01 -7.907209493095717079e-01 -9.460126169650284744e-01 -1.045777056431782981e+00 -1.042897403483903584e+00 -9.247448683709444950e-01 -7.216493818242474267e-01 -4.814693632393560185e-01 -2.380525520638982484e-01
-2.271541153034492208e-02 -4.638480039427148038e-02 -7.203541005878308368e-02 -1.008501220630697581e-01 -1.342697287311680754e-01 -1.741297416669090048e-01 -2.228534072519798015e-01 -2.837319463182987889e-01 -3.613128663269557506e-01 -4.617582064971313405e-01 -5.923334627196069624e-01 -7.576295369613762487e-01 -9.495994128129922052e-01 -1.134617234990066947e+00 -1.253451188510392944e+00 -1.249077999478513723e+00 -1.106264110782863908e+00 -8.619736699229614274e-01 -5.742170659628432761e-01 -2.836214760510044619e-01
-2.648369404143575967e-02 -5.400693544913889865e-02 -8.368156547641383836e-02 -1.167722098151437460e-01 -1.547946394121719194e-01 -1.996451401402360437e-01 -2.537804263143857986e-01 -3.204763218377836842e-01 -4.041829441063739536e-01 -5.108373801202945597e-01 -6.473044006323844801e-01 -8.175833748324828898e-01 -1.012923695991180040e+00 -1.199074218197575981e+00 -1.316435446585569657e+00 -1.307860021530260042e+00 -1.158067938358962490e+00 -9.040149897140667967e-01 -6.039220404110137164e-01 -2.990046235555228193e-01
-2.921242960541920244e-02 -5.947768252313641313e-02 -9.191170973573281611e-02 -1.277625144480825370e-01 -1.684914516346894264e-01 -2.158751880543948731e-01 -2.721394816941921646e-01 -3.401379764248819715e-01 -4.235711434043392121e-01 -5.271008719120097163e-01 -6.556625034211983616e-01 -8.111133625915352141e-01 -9.841235558336430822e-01 -1.144202296626035675e+00 -1.240574630050077287e+00 -1.225343359131704002e+00 -1.085629123334996837e+00 -8.519955291521492668e-01 -5.733358852276544404e-01 -2.855332347605042398e-01
-3.088834272037220552e-02 -6.277965743938630772e-02 -9.672507900785562440e-02 -1.338746909897627901e-01 -1.755334448367193712e-01 -2.232242585841031079e-01 -2.787588287446297053e-01 -3.443110212998521380e-01 -4.224626450178025627e-01 -5.160824461395617790e-01 -6.275405369769090358e-01 -7.560938655493608662e-01 -8.923469037859128594e-01 -1.012092405164908060e+00 -1.077934189040678614e+00 -1.055639820443107446e+00 -9.359072793722229555e-01 -7.400339814517825632e-01 -5.031059770109376217e-01 -2.526037194305572053e-01
-3.156128502321398077e-02 -6.402752814728261688e-02 -9.833426033187163406e-02 -1.354777288621530906e-01 -1.765433691976919794e-01 -2.227293360467168248e-01 -2.753574295392298144e-01 -3.358540037239982068e-01 -4.056587126609212945e-01 -4.859478253193938446e-01 -5.768761726263798018e-01 -6.757736539297408696e-01 -7.739654998822127485e-01 -8.538361976005336418e-01 -8.907571967344335429e-01 -8.631555559036195868e-01 -7.650909790832149948e-01 -6.095099857853123471e-01 -4.187416499595175701e-01 -2.120132549991054216e-01
-3.132927111660091524e-02 -6.343491221655640777e-02 -9.710670837642831899e-02 -1.331585970329663415e-01 -1.724329645062902261e-01 -2.157921896431777842e-01 -2.640862076426916949e-01 -3.180756699020703127e-01 -3.782725384530532531e-01 -4.446237891976997925e-01 -5.158974731268806124e-01 -5.885811975442774013e-01 -6.553438054512922273e-01 -7.040651821918377795e-01 -7.195930673488566409e-01 -6.893755326032655617e-01 -6.099277330119466933e-01 -4.885059377419591620e-01 -3.384077734504313262e-01 -1.725045711728519504e-01
-3.032088977886589903e-02 -6.127614418010059877e-02 -9.349906627276666216e-02 -1.276169891107341303e-01 -1.642377038835715619e-01 -2.039202214765295229e-01 -2.471191097039322770e-01 -2.940856314282321859e-01 -3.447000558858867580e-01 -3.981977630263609513e-01 -4.527433394111614051e-01 -5.048366848072504132e-01 -5.487054910796252960e-01 -5.762395505905909543e-01 -5.783423295290301969e-01 -5.479333998161246555e-01 -4.830756289580395713e-01 -3.878012479583988203e-01 -2.699854960094283940e-01 -1.382255073275221458e-01
-2.867814605262980140e-02 -5.784971320854682963e-02 -8.799642602172116912e-02 -1.195725924180420646e-01 -1.529806441757509683e-01 -1.885318824826825446e-01 -2.263842766346457480e-01 -2.664466354232435941e-01 -3.082363976282216922e-01 -3.506794503209919034e-01 -3.918520831628286016e-01 -4.287048480020275720e-01 -4.569032010063588389e-01 -4.710623934866861595e-01 -4.656864172668843671e-01 -4.367608936451883306e-01 -3.832599105285684482e-01 -3.075654361040943141e-01 -2.145442086946998395e-01 -1.100725880882106461e-01
-2.654198543137370470e-02 -5.344813945379835174e-02 -8.106433725980780047e-02 -1.096963139724184688e-01 -1.395804026659437369e-01 -1.708423935645839997e-01 -2.034394683664200454e-01 -2.370800443691513659e-01 -2.711179761659553988e-01 -3.044232341514053197e-01 -3.352451911636784576e-01 -3.611126809850671027e-01 -3.788590060168733897e-01 -3.848985151417896322e-01 -3.758454743724748970e-01 -3.493800666021205092e-01 -3.050037500212405273e-01 -2.442676968658589742e-01 -1.703726670949307354e-01 -8.745698917763511382e-02
-2.404165787938056589e-02 -4.833652691618136460e-02 -7.311647285304431754e-02 -9.856792841275698047e-02 -1.248022648111685451e-01 -1.518178283796121630e-01 -1.794511642473853308e-01 -2.073160781027788557e-01 -2.347320232539975293e-01 -2.606491425419231733e-01 -2.835877255554068999e-01 -3.016253746535248470e-01 -3.124816777793656408e-01 -3.137529986988532582e-01 -3.033124719279697290e-01 -2.797987249338320104e-01 -2.430172049978774618e-01 -1.940736801297199832e-01 -1.351960929909603593e-01 -6.937365450784720167e-02
-2.128812137126562601e-02 -4.273983997874210988e-02 -6.449710177190388916e-02 -8.665666541240681087e-02 -1.092429045260517179e-01 -1.321754978483603571e-01 -1.552312891245393178e-01 -1.780010840333291211e-01 -1.998448804613127960e-01 -2.198534639399717383e-01 -2.368306592851980585e-01 -2.493176633656848940e-01 -2.556850357868576396e-01 -2.543113419937497732e-01 -2.438414425146871733e-01 -2.234731546032781013e-01 -1.931829581690653885e-01 -1.538077751542629157e-01 -1.069616061101340831e-01 -5.484056227243248871e-02
-1.837098935057903532e-02 -3.683761144025406165e-02 -5.547543119230088221e-02 -7.431872988874894947e-02 -9.333719383897846888e-02 -1.124099751887707305e-01 -1.312974153508963127e-01 -1.496120935453771894e-01 -1.667929528385515836e-01 -1.820891682436908410e-01 -1.945637441291451220e-01 -2.031294475594769278e-01 -2.066291131400234404e-01 -2.039652432930786630e-01 -1.942678868641432022e-01 -1.770685168271109167e-01 -1.524329098088079426e-01 -1.210123739950243471e-01 -8.400177097913698321e-02 -4.302691019964696023e-02
-1.535822408313622205e-02 -3.076418715864892225e-02 -4.624828307685097117e-02 -6.180563160550246044e-02 -7.737717102562913229e-02 -9.282979827869525247e-02 -1.079363098614000427e-01 -1.223569275370803289e-01 -1.356256750537390698e-01 -1.471465172871297966e-01 -1.562057056637650987e-01 -1.620072658702644830e-01 -1.637367100216989835e-01 -1.606525938908011930e-01 -1.521962927113996722e-01 -1.381000588264973405e-01 -1.184677457277572843e-01 -9.380701328607281286e-02 -6.500618144116394881e-02 -3.326530336774752988e-02
-1.229772085435528427e-02 -2.461263077626683893e-02 -3.694788446616637662e-02 -4.927834686424673039e-02 -6.153606278866639162e-02 -7.359574348616225448e-02 -8.526110317131142813e-02 -9.625363736474050469e-02 -1.062063097528794658e-01 -1.146655270982840369e-01 -1.211053026914897524e-01 -1.249572052747215251e-01 -1.256578696486153335e-01 -1.227121309559895679e-01 -1.157646306836992711e-01 -1.046676814099240377e-01 -8.953100112537001887e-02 -7.074175290454606801e-02 -4.895063789924692516e-02 -2.502812115356368994e-02
-9.220029112432736110e-03 -1.844073215597487325e-02 -2.765227989166774147e-02 -3.682381190492191314e-02 -4.589299534351883036e-02 -5.475601366674819059e-02 -6.325872769100730764e-02 -7.119021404607975279e-02 -7.828040608584722893e-02 -8.420398639834554555e-02 -8.859278007193706339e-02 -9.105838937943667999e-02 -9.122543626743739864e-02 -8.877343263622906877e-02 -8.348242139417040575e-02 -7.527503791584121140e-02 -6.424682846902371458e-02 -5.067836024647220938e-02 -3.502649573034207625e-02 -1.789654269292479880e-02
-6.141663333896368350e-03 -1.227799014660318003e-02 -1.839669203447536622e-02 -2.447162893231265637e-02 -3.045609625566965753e-02 -3.627659052532965916e-02 -4.182758243049965186e-02 -4.696808797503260885e-02 -5.152111734141803789e-02 -5.527723775983741511e-02 -5.800344598584528111e-02 -5.945813999601805983e-02 -5.941205666040243888e-02 -5.767374447933852621e-02 -5.411658754203986510e-02 -4.870322480846753233e-02 -4.150291751119110362e-02 -3.269836523468960809e-02 -2.258044170378487037e-02 -1.153155288266646643e-02
-3.068634445143746722e-03 -6.132873703883268135e-03 -9.184870814767896741e-03 -1.220991772944974782e-02 -1.518317103542238776e-02 -1.806667135872769975e-02 -2.080692296076730799e-02 -2.333343788613605196e-02 -2.555873961249008688e-02 -2.738040145722862168e-02 -2.868562930968754365e-02 -2.935866893850494833e-02 -2.929090723834967824e-02 -2.839290332006887130e-02 -2.660696225251330677e-02 -2.391835994582963004e-02 -2.036325463834126950e-02 -1.603174294491090113e-02 -1.106535275049900548e-02 -5.649226566288976896e-03
