-2.758092849139540115e-03 -5.508169561483610734e-03 -8.239185961151722012e-03 -1.093412642727353140e-02 -1.356725085779686771e-02 -1.610172034059606516e-02 -1.848784266066823626e-02 -2.066228707489668054e-02 -2.254865917149478233e-02 -2.405984456973510668e-02 -2.510241919347589584e-02 -2.558320171639857921e-02 -2.541765872534751391e-02 -2.453941890719234936e-02 -2.290973188013801023e-02 -2.052546437691501677e-02 -1.742428052570543784e-02 -1.368606646329797484e-02 -9.430268786597247738e-03 -4.809472375393579469e-03
-5.524200555591969077e-03 -1.103539729641894729e-02 -1.651444825453259393e-02 -2.193006872907759044e-02 -2.723315887352840969e-02 -3.235178987490785335e-02 -3.718736661515184561e-02 -4.161264898883915153e-02 -4.547250711542117491e-02 -4.858830239052753380e-02 -5.076663240224821988e-02 -5.181273096295001962e-02 -5.154801683783569871e-02 -4.983028697031609278e-02 -4.657404761099735030e-02 -4.176784755700305163e-02 -3.548559417259432996e-02 -2.788971835953098222e-02 -1.922553715495122287e-02 -9.807621481970603058e-03
-8.303310723829492382e-03 -1.659476854855140848e-02 -2.485313910988222116e-02 -3.303854290761808199e-02 -4.108352757545159079e-02 -4.888491918321794666e-02 -5.629718935184999107e-02 -6.312843841622599317e-02 -6.914042156998424782e-02 -7.405422749006698724e-02 -7.756307964409100975e-02 -7.935307590363450958e-02 -7.913139289778800545e-02 -7.665966852351906169e-02 -7.178832695901961325e-02 -6.448628851829918407e-02 -5.486053326091307192e-02 -4.316167780891765060e-02 -2.977454060448684464e-02 -1.519547636937673696e-02
-1.109427422132419454e-02 -2.218722681549921416e-02 -3.326479751270229601e-02 -4.428743803461846623e-02 -5.517749311747299074e-02 -6.580717372167875501e-02 -7.598803626875615114e-02 -8.546349663203459124e-02 -9.390651623055265573e-02 -1.009251092904519947e-01 -1.060783865637804496e-01 -1.089051031776071543e-01 -1.089648132435539069e-01 -1.058886692699241988e-01 -9.943330588709826945e-02 -8.952844892090081053e-02 -7.630857495585625927e-02 -6.012192098810050650e-02 -4.151547084280300670e-02 -2.119974336432961862e-02
-1.388656015961425849e-02 -2.779506869750217324e-02 -4.173138918238292194e-02 -5.566892139138866075e-02 -6.953183738957149918e-02 -8.317824860250409846e-02 -9.638428778124143170e-02 -1.088309986598662155e-01 -1.200970398573007747e-01 -1.296613114826934143e-01 -1.369202583341325441e-01 -1.412241412403248686e-01 -1.419340902276343130e-01 -1.384968911576950901e-01 -1.305277799775036718e-01 -1.178856285977584323e-01 -1.007233982116512161e-01 -7.950196113118529473e-02 -5.496567826812742696e-02 -2.808802537918129311e-02
-1.665689950950495837e-02 -3.337510242563107576e-02 -5.019677338499078934e-02 -6.712502548909667077e-02 -8.410268976729463886e-02 -1.009896992906636759e-01 -1.175398715959226070e-01 -1.333791733703608151e-01 -1.479893388317706227e-01 -1.607028435242894293e-01 -1.707172023120259174e-01 -1.771371193622806595e-01 -1.790505200834340560e-01 -1.756370288237219246e-01 -1.662952970349218240e-01 -1.507628909571045173e-01 -1.291974315025502251e-01 -1.021968488871679986e-01 -7.075725623068562786e-02 -3.618667952770702329e-02
-1.936593777229616078e-02 -3.885167321883794406e-02 -5.855558083296782956e-02 -7.853172151021632630e-02 -9.876420155689864810e-02 -1.191379920526087072e-01 -1.394063301104479791e-01 -1.591564910931118626e-01 -1.777783038906436130e-01 -1.944435316823897308e-01 -2.081085966614587279e-01 -2.175566210426910230e-01 -2.214938453458876744e-01 -2.187054058436591064e-01 -2.082534841198315501e-01 -1.896732044523752325e-01 -1.631065860583267302e-01 -1.293307476646611276e-01 -8.967981774064479050e-02 -4.590143659998602993e-02
-2.195518019936050155e-02 -4.411007325911849020e-02 -6.664215814739028743e-02 -8.968208096330329560e-02 -1.132844090402523735e-01 -1.373917428011210973e-01 -1.617909741492002951e-01 -1.860621638060208638e-01 -2.095238624504229263e-01 -2.311843889130202612e-01 -2.497170300639284801e-01 -2.634868995666104219e-01 -2.706627695515457233e-01 -2.694371452678608336e-01 -2.583398715945884883e-01 -2.365696994522726304e-01 -2.042248449879609518e-01 -1.623396720677628413e-01 -1.127298029195769602e-01 -5.773923952723773040e-02
-2.434471099242271896e-02 -4.899128301778644251e-02 -7.422089901915565613e-02 -1.002700394400459216e-01 -1.272996150699779172e-01 -1.553536043317039206e-01 -1.843036680521810411e-01 -2.137773347494778819e-01 -2.430705934681359759e-01 -2.710530990583854272e-01 -2.960880868422594570e-01 -3.160107181019318201e-01 -3.282321257463697295e-01 -3.300386950847069012e-01 -3.190967447570260962e-01 -2.940384822388854014e-01 -2.548816203261615732e-01 -2.030722657109124141e-01 -1.411600375136163044e-01 -7.232557283290165506e-02
-2.643238164793591111e-02 -5.328945025585232753e-02 -8.098011731572056504e-02 -1.098775644912202698e-01 -1.402904133360564631e-01 -1.724193987157280616e-01 -2.062927669255303076e-01 -2.416729097078115784e-01 -2.779279996567169397e-01 -3.138688972621012097e-01 -3.475697782760395760e-01 -3.762305681132582236e-01 -3.962044761785155078e-01 -4.033682896616538893e-01 -3.939431092496145648e-01 -3.655792311970981756e-01 -3.181708414036337751e-01 -2.538962953075352691e-01 -1.765075608603356716e-01 -9.040139189207115067e-02
-2.809536766130645014e-02 -5.675402067283693425e-02 -8.653255834075750108e-02 -1.179696915427349418e-01 -1.515650806371317272e-01 -1.877408190560697077e-01 -2.267750896533562432e-01 -2.686934437142457499e-01 -3.130989045234317536e-01 -3.589210542125989556e-01 -4.040770282829364013e-01 -4.450935898613391228e-01 -4.768872632813741519e-01 -4.931146633912524835e-01 -4.875025758571304713e-01 -4.559404765727336217e-01 -3.981575958603399412e-01 -3.177382949248664379e-01 -2.205308995582304921e-01 -1.127587869087677691e-01
-2.919507160079929178e-02 -5.909871199817934295e-02 -9.042640844632837682e-02 -1.239035662905196844e-01 -1.602594045929241762e-01 -2.002037082031430937e-01 -2.443732664037236713e-01 -2.932262314682040349e-01 -3.468486637869876432e-01 -4.046160294343493780e-01 -4.646310185733211751e-01 -5.229007958826572544e-01 -5.725009837982760752e-01 -6.036026250351661515e-01 -6.055738727526429610e-01 -5.710944000799962339e-01 -4.997057860012293906e-01 -3.977549923362748707e-01 -2.748536320552934509e-01 -1.400158579339634002e-01
-2.958621073208575480e-02 -6.001935253156567146e-02 -9.217080105405817125e-02 -1.269587640736205003e-01 -1.653652659689036630e-01 -2.084413218493117725e-01 -2.572877020077042887e-01 -3.129864375216658279e-01 -3.764319216434112159e-01 -4.479504880120090959e-01 -5.264823416418495938e-01 -6.080307239536946184e-01 -6.835429347241043230e-01 -7.379153570930724326e-01 -7.531458701924390597e-01 -7.162561474504288705e-01 -6.266212818522114425e-01 -4.957580105141779492e-01 -3.398305933614902408e-01 -1.720305930607479439e-01
-2.913042330188160209e-02 -5.922169137561144464e-02 -9.127868395393960721e-02 -1.263954248698051230e-01 -1.658015709298948925e-01 -2.109085121174553434e-01 -2.633485337590016351e-01 -3.249884528698001041e-01 -3.978630710979925156e-01 -4.838580691327487027e-01 -5.836764099730752386e-01 -6.942628566912699695e-01 -8.044772646589188891e-01 -8.919340796540295990e-01 -9.273783356225021590e-01 -8.888816703852983059e-01 -7.757349795730857922e-01 -6.079663408111558587e-01 -4.119831481886235824e-01 -2.067358061228092847e-01
-2.771379405101326993e-02 -5.645831057570641076e-02 -8.732682007969894133e-02 -1.215426806874950610e-01 -1.605370649153798901e-01 -2.060423364753002640e-01 -2.602059850649282025e-01 -3.257239862945789932e-01 -4.059543764593068760e-01 -5.047937877701749176e-01 -6.255461750919955044e-01 -7.671657268239682193e-01 -9.169359081176529092e-01 -1.043993163306180083e+00 -1.104851720552818772e+00 -1.065952629349635528e+00 -9.266250728186621322e-01 -7.182350035048332693e-01 -4.803566371903199572e-01 -2.386526924485725953e-01
-2.526644544661866068e-02 -5.157093910871434622e-02 -8.002760718492450687e-02 -1.119114117297622113e-01 -1.487616359500060770e-01 -1.925171788753447799e-01 -2.457017439882028254e-01 -3.116802152412864735e-01 -3.949746707148638625e-01 -5.013988303918044398e-01 -6.369577548173771531e-01 -8.030760776940678580e-01 -9.863599528001307792e-01 -1.148636934346654925e+00 -1.233255942300315544e+00 -1.195668099009536078e+00 -1.035335315580895310e+00 -7.945159074427867729e-01 -5.250991175562572666e-01 -2.585154798819208621e-01
-2.178105084140116721e-02 -4.453139621393290698e-02 -6.930125918565002707e-02 -9.731372154686564191e-02 -1.300808297746678388e-01 -1.695620290980834888e-01 -2.183918784330166341e-01 -2.802136777152750002e-01 -3.601280472892567919e-01 -4.650111195636151273e-01 -6.025052870363213353e-01 -7.757970981904308561e-01 -9.718757966850938290e-01 -1.149641751911735454e+00 -1.246380070585806799e+00 -1.212305683161976955e+00 -1.047019755830215892e+00 -7.981037429158245322e-01 -5.231952372996123701e-01 -2.559440247704287130e-01
-1.732636360713931192e-02 -3.547233801595382069e-02 -5.533231335754882491e-02 -7.796138331168224467e-02 -1.046858619393391393e-01 -1.372570540405051442e-01 -1.780758865242591527e-01 -2.305253994732363032e-01 -2.994209588292061630e-01 -3.913455414013084499e-01 -5.137420913372566789e-01 -6.700591186050999237e-01 -8.487951095580481553e-01 -1.012370566891475754e+00 -1.103043696093187753e+00 -1.074894577612235169e+00 -9.276085183309649151e-01 -7.051593040147761116e-01 -4.606359448844131177e-01 -2.246876212009605023e-01
-1.205206787515431845e-02 -2.469928080620140479e-02 -3.859427480362825208e-02 -5.451363486909618916e-02 -7.344411419002941366e-02 -9.670336032395336623e-02 -1.261162110665778879e-01 -1.642726280086597712e-01 -2.148671310137363621e-01 -2.829287346505825473e-01 -3.740825893720468587e-01 -4.908528660076634798e-01 -6.245037438706269040e-01 -7.469082114741377731e-01 -8.151104323301493482e-01 -7.950471036762700727e-01 -6.864646821071596072e-01 -5.219382329042141500e-01 -3.409042585622049093e-01 -1.662357376915020446e-01
-6.182627952785388348e-03 -1.267844478722316391e-02 -1.983187095087392271e-02 -2.805476510921026470e-02 -3.787355366580033578e-02 -4.999531015372943310e-02 -6.540393057483234740e-02 -8.549943703441931220e-02 -1.122778049793997091e-01 -1.484451505094266932e-01 -1.970067192574121162e-01 -2.592814928716397072e-01 -3.305688335605984074e-01 -3.958674504695128271e-01 -4.323393395451277654e-01 -4.218983889839513224e-01 -3.644020875931124892e-01 -2.771293472991332441e-01 -1.810269640936997271e-01 -8.827476100054923447e-02
