-4.853012313986844635e-03 -9.881868559252684342e-03 -1.527212095422811333e-02 -2.122916645216082684e-02 -2.798913160350711971e-02 -3.583036272729039906e-02 -4.508453653263577027e-02 -5.614432836419486206e-02 -6.946058975819745240e-02 -8.551362223017960895e-02 -1.047270381904480963e-01 -1.272627653000652781e-01 -1.525966042166309877e-01 -1.787935684643977008e-01 -2.016747340858908999e-01 -2.146818119957569493e-01 -2.105258395709029839e-01 -1.844571818267767005e-01 -1.368585339044912919e-01 -7.290095072829251566e-02
-9.530192319536792689e-03 -1.940236199602352746e-02 -2.997746959977045864e-02 -4.165543019450393403e-02 -5.489700382663088157e-02 -7.024779364374832136e-02 -8.836345732125776287e-02 -1.100321577177201804e-01 -1.361839287533761489e-01 -1.678625679974554696e-01 -2.061033022567456685e-01 -2.515846782682145122e-01 -3.037874937109891760e-01 -3.593394488549105370e-01 -4.098083239925956467e-01 -4.408715991639207687e-01 -4.358660366612268633e-01 -3.836902586535836379e-01 -2.852043194409012439e-01 -1.520816080572352791e-01
-1.386540894738719915e-02 -2.821995181125354357e-02 -4.357998737969506070e-02 -6.051810288964531298e-02 -7.969567216905010243e-02 -1.019003581936594460e-01 -1.280893510485264508e-01 -1.594367798317350426e-01 -1.973786203222835101e-01 -2.436336876077538349e-01 -3.001347213354358945e-01 -3.686625877065289325e-01 -4.496428043032352773e-01 -5.392444182907737416e-01 -6.248443181616882836e-01 -6.824269340029587294e-01 -6.823895699796874714e-01 -6.045067890201575311e-01 -4.503518028609996837e-01 -2.404694636648141703e-01
-1.771150716840892356e-02 -3.603207391180054953e-02 -5.560444554972439335e-02 -7.714134345984596797e-02 -1.014672311965910401e-01 -1.295686358089216950e-01 -1.626568003320313371e-01 -2.022465991824586584e-01 -2.502551151142073937e-01 -3.091151623260829373e-01 -3.818501171087720913e-01 -4.718379081821755805e-01 -5.813639042815473834e-01 -7.072657493144401952e-01 -8.331985026173646114e-01 -9.241461939718428331e-01 -9.346393866973551345e-01 -8.329737943212212059e-01 -6.217306296811745403e-01 -3.323815016783217002e-01
-2.094855186699943680e-02 -4.259240405155890336e-02 -6.566438614354110082e-02 -9.097561209203870736e-02 -1.194632863439858417e-01 -1.522501723330368650e-01 -1.907225900529058160e-01 -2.366368340403383619e-01 -2.922695997254752265e-01 -3.606298095140292315e-01 -4.457042958030735802e-01 -5.524240722480279198e-01 -6.851116172321329856e-01 -8.418374355456246239e-01 -1.003539734346793999e+00 -1.125447162886916042e+00 -1.147327879662883632e+00 -1.026655924305288625e+00 -7.670886548375175362e-01 -4.103925040633365495e-01
-2.349029392162658297e-02 -4.772461710148818981e-02 -7.348508856253986588e-02 -1.016334625517334583e-01 -1.331601553853126174e-01 -1.692462229195561274e-01 -2.113465021830963353e-01 -2.613071512356450743e-01 -3.215398931148250594e-01 -3.952835826774829253e-01 -4.869429559657622586e-01 -6.021770186943775638e-01 -7.463260047686972598e-01 -9.181384808288445276e-01 -1.097263069928510415e+00 -1.234014324455525724e+00 -1.260615212559813347e+00 -1.129013022442706626e+00 -8.435206646684674237e-01 -4.513059855168989887e-01
-2.528801077396888516e-02 -5.133068444065425062e-02 -7.891791212823429102e-02 -1.089130290011436214e-01 -1.422976969607491204e-01 -1.802281173342618337e-01 -2.241099846342770874e-01 -2.757036680677927287e-01 -3.372789770158871603e-01 -4.118444247514061463e-01 -5.034340393095313448e-01 -6.171332486740499501e-01 -7.575184937386386652e-01 -9.227007227348139606e-01 -1.092629695764730124e+00 -1.219705878941134802e+00 -1.239610426464869297e+00 -1.106949601699121821e+00 -8.259331488853427494e-01 -4.415511293587573993e-01
-2.633106327489096940e-02 -5.339222012546383095e-02 -8.194287118738502462e-02 -1.128031055106590991e-01 -1.468895476008094669e-01 -1.852586382136505172e-01 -2.291615974829671054e-01 -2.801170064074648969e-01 -3.400093450728708944e-01 -4.112186754080829898e-01 -4.967406984553723870e-01 -6.000134203643459063e-01 -7.234248495586065308e-01 -8.634759312910188500e-01 -1.001884705626926220e+00 -1.099025074957423742e+00 -1.103129650612790780e+00 -9.781990956337061061e-01 -7.277522360142449909e-01 -3.883821259708795659e-01
-2.664403119104511233e-02 -5.396427944072815924e-02 -8.265827985889752372e-02 -1.134670307297709207e-01 -1.471988146240454931e-01 -1.847553550706414749e-01 -2.271607469527277545e-01 -2.755923361933504401e-01 -3.314098280261488227e-01 -3.961674065807374578e-01 -4.715500272075033306e-01 -5.590106234254825779e-01 -6.584583490749690293e-01 -7.648798269952377105e-01 -8.628201967854400856e-01 -9.230370013091582226e-01 -9.094831672796587219e-01 -7.977938138067993679e-01 -5.907034219337431447e-01 -3.143527456433032330e-01
-2.628079350209612877e-02 -5.316261126085304600e-02 -8.125897177960479667e-02 -1.112079718231096526e-01 -1.436833799979506665e-01 -1.794032955123271988e-01 -2.191337133299391393e-01 -2.636812494401771234e-01 -3.138634486038264781e-01 -3.704317196583716276e-01 -4.338882286343654360e-01 -5.040490401485824279e-01 -5.790230101062329160e-01 -6.531673141780495184e-01 -7.143027301382606220e-01 -7.427028996309722464e-01 -7.159197749854124826e-01 -6.194921984987030728e-01 -4.556206996128117082e-01 -2.415309929846855552e-01
-2.531654095600104765e-02 -5.114642740582659580e-02 -7.800705092341911340e-02 -1.064225447734745145e-01 -1.369234810557728443e-01 -1.700407893155354011e-01 -2.062896229250933966e-01 -2.461353340440714244e-01 -2.899283662880948187e-01 -3.377841375933847701e-01 -3.893652229906630624e-01 -4.434872829761676849e-01 -4.974254623173490208e-01 -5.458423533384391124e-01 -5.796884173426094522e-01 -5.863691752370997490e-01 -5.528598529827922770e-01 -4.713916612421054086e-01 -3.438934011222664622e-01 -1.814627640294584343e-01
-2.383895665131300842e-02 -4.809953742157879741e-02 -7.320028582706260278e-02 -9.955171782330682340e-02 -1.275472425228077744e-01 -1.575468256189766214e-01 -1.898487233257757090e-01 -2.246421331469063143e-01 -2.619298104723365439e-01 -3.014041778344530575e-01 -3.422537984125813004e-01 -3.828713072219729896e-01 -4.204438917876038295e-01 -4.504794519482539505e-01 -4.665408547452087884e-01 -4.607895963382867555e-01 -4.259147436614213467e-01 -3.580514885030222083e-01 -2.589697958605771122e-01 -1.359821364593582493e-01
-2.193976908813321386e-02 -4.421250870022737367e-02 -6.714287461594044271e-02 -9.103682648872564454e-02 -1.161669861558393968e-01 -1.427505988008822280e-01 -1.709163899175674128e-01 -2.006547560562298715e-01 -2.317444719655520902e-01 -2.636474121254320235e-01 -2.953636677718775583e-01 -3.252456657795904094e-01 -3.507917217393769493e-01 -3.684923255229719530e-01 -3.738988359105212544e-01 -3.621691924743095647e-01 -3.292412170401738392e-01 -2.733446804767469818e-01 -1.960875687141546142e-01 -1.024764860744913075e-01
-1.970762522591808230e-02 -3.966789303148157697e-02 -6.012190573772083213e-02 -8.128578290433513542e-02 -1.033333059693218592e-01 -1.263722420249433209e-01 -1.504115417435342994e-01 -1.753161205546285573e-01 -2.007459710614996062e-01 -2.260771330282020097e-01 -2.503059585521961727e-01 -2.719465313539822238e-01 -2.889489187456186770e-01 -2.986953088799803036e-01 -2.981657210082622189e-01 -2.843708265845134031e-01 -2.550638782056535159e-01 -2.095489834712815913e-01 -1.492351152225415700e-01 -7.765897564305640488e-02
-1.722284784741138358e-02 -3.462956030721926065e-02 -5.239111396572391360e-02 -7.065113766796493611e-02 -8.950826151762984739e-02 -1.089935623680989840e-01 -1.290414470922864598e-01 -1.494522778791420037e-01 -1.698462268779382389e-01 -1.896092247107534490e-01 -2.078363150023903316e-01 -2.232843762491436013e-01 -2.343574049536053250e-01 -2.391606035718046308e-01 -2.356680200408146075e-01 -2.220349461733050200e-01 -1.970322709270610484e-01 -1.604930263227129228e-01 -1.136022268787353767e-01 -5.890093970889315883e-02
-1.455421330790507978e-02 -2.923640358408358120e-02 -4.416188927354200433e-02 -5.941944070519468435e-02 -7.505507765294022748e-02 -9.105235569419690977e-02 -1.073084285609640504e-01 -1.236053637969913299e-01 -1.395774803736747616e-01 -1.546772952690973757e-01 -1.681457397034296919e-01 -1.789971967567932920e-01 -1.860353089938095172e-01 -1.879203694727133445e-01 -1.833078659033458846e-01 -1.710637571715372951e-01 -1.505310342296946324e-01 -1.217827234521512841e-01 -8.577555879626687363e-02 -4.434022756664465076e-02
-1.175759346841596074e-02 -2.359996515482779000e-02 -3.560062388058808647e-02 -4.780971282887107321e-02 -6.024029630354685305e-02 -7.285239513011937396e-02 -8.553458898093167784e-02 -9.808328954501396857e-02 -1.101810916295775378e-01 -1.213767856203092493e-01 -1.310722216012494556e-01 -1.385234223250430552e-01 -1.428662901685622544e-01 -1.431776594502275346e-01 -1.385791313767015254e-01 -1.283808394539955877e-01 -1.122449302110566927e-01 -9.033082869085648503e-02 -6.337673582420479124e-02 -3.268423421824021013e-02
-8.876186390827999623e-03 -1.780522842848365414e-02 -2.683094445129363334e-02 -3.597854210040358353e-02 -4.524404284494233652e-02 -5.458238549530954054e-02 -6.389426501149410298e-02 -7.301216133534971231e-02 -8.168684087699423779e-02 -8.957660055622347628e-02 -9.624299374356815040e-02 -1.011580393321170473e-01 -1.037288287540235054e-01 -1.033448806203732945e-01 -9.945019319705893091e-02 -9.163553498380763718e-02 -7.973700709138845100e-02 -6.391890531211401327e-02 -4.471631379387965011e-02 -2.301996595329398182e-02
-5.941916875497499362e-03 -1.191380539787797489e-02 -1.793938713140853097e-02 -2.402949757883017512e-02 -3.017499090133256290e-02 -3.633887804132325539e-02 -4.244795153342548200e-02 -4.838428027231966161e-02 -5.397754167613556114e-02 -5.899981755663364497e-02 -6.316515851086647315e-02 -6.613694230437233701e-02 -6.754614079720853981e-02 -6.702285726466510052e-02 -6.424125587918197433e-02 -5.897411644102949768e-02 -5.114867956970531315e-02 -4.089149968924415263e-02 -2.854966370162070194e-02 -1.467933141805401534e-02
-2.977655696405099445e-03 -5.968690709786284888e-03 -8.983289330944036269e-03 -1.202508850915019224e-02 -1.508756942096168077e-02 -1.815021036637274807e-02 -2.117441044462139987e-02 -2.409948112166146808e-02 -2.683925221228796593e-02 -2.927998863574098054e-02 -3.128089779653656088e-02 -3.267844607557424813e-02 -3.329593656737458301e-02 -3.295916605817544170e-02 -3.151785726729784687e-02 -2.887102197133943268e-02 -2.499211505664122521e-02 -1.994878243133065693e-02 -1.391153453812304409e-02 -7.147712253094539760e-03
