-1.537366022837134520e-02 -3.076622614028247382e-02 -4.615728453410762600e-02 -6.144722926006741803e-02 -7.641822950133210501e-02 -9.070150151987942111e-02 -1.037620921812623387e-01 -1.149178592081662315e-01 -1.234093794925779780e-01 -1.285247739986470628e-01 -1.297551877587867497e-01 -1.269260364734623447e-01 -1.202440467729637974e-01 -1.102362640668094057e-01 -9.761198580828586713e-02 -8.310948837848117221e-02 -6.737922875036446435e-02 -5.092346970613796653e-02 -3.408588910936126426e-02 -1.707419423831500749e-02
-3.072841677501463725e-02 -6.153396111968478799e-02 -9.241568553849786871e-02 -1.232134035443025466e-01 -1.535241835544447486e-01 -1.826256632637198452e-01 -2.094289317236117387e-01 -2.324997665696296179e-01 -2.501944939706135518e-01 -2.609339474713666118e-01 -2.635692860600619691e-01 -2.577043522080186277e-01 -2.438135255400562806e-01 -2.230888462046594911e-01 -1.971021257773722390e-01 -1.674467210469750278e-01 -1.354839543934665824e-01 -1.022287634921622002e-01 -6.834589414680625197e-02 -3.421089031620013626e-02
-4.600604683271692502e-02 -9.222551958320554522e-02 -1.387580934645217812e-01 -1.854665073593978475e-01 -2.318393759548938449e-01 -2.768477487550424221e-01 -3.188272220614711827e-01 -3.554552346806141849e-01 -3.839298863204340662e-01 -4.014398096473458244e-01 -4.058752882411792995e-01 -3.965014134001668689e-01 -3.742122290795690254e-01 -3.412011990819811547e-01 -3.002601040566518220e-01 -2.540910789460186781e-01 -2.048810547361248346e-01 -1.541617298526188617e-01 -1.028580368389991062e-01 -5.142347413896987407e-02
-6.107025289600061940e-02 -1.226039766737763576e-01 -1.849246504053357887e-01 -2.480550528887428274e-01 -3.115184448087091607e-01 -3.740959410538419738e-01 -4.335674366129673163e-01 -4.865393884360369459e-01 -5.285816175794756377e-01 -5.549481835532136254e-01 -5.619095892418705107e-01 -5.481445498670453054e-01 -5.152879501131077955e-01 -4.672216148526733281e-01 -4.086378277046261442e-01 -3.437741277246190164e-01 -2.757869637256281092e-01 -2.066789873223355833e-01 -1.375010407737670415e-01 -6.862497091844106667e-02
-7.567098794537160944e-02 -1.521954750670083401e-01 -2.302813808489887759e-01 -3.103098409107510891e-01 -3.920788511771925444e-01 -4.744296106366139854e-01 -5.547371534261502646e-01 -6.283720753846192553e-01 -6.885537059834021534e-01 -7.273335636090833001e-01 -7.380752001984541844e-01 -7.183708941557281902e-01 -6.712442444939491493e-01 -6.035979170722867160e-01 -5.232353484247499464e-01 -4.365636861466555274e-01 -3.478100583781713051e-01 -2.592656279496919902e-01 -1.718420959636053347e-01 -8.557536224257093760e-02
-8.941822039823872637e-02 -1.802255030233402000e-01 -2.736950120499300199e-01 -3.708198061672606793e-01 -4.720321331995107061e-01 -5.766922570760624200e-01 -6.821896474873446747e-01 -7.826495903494905537e-01 -8.679500460541451634e-01 -9.248176251553609228e-01 -9.413744267469896787e-01 -9.131902511595617611e-01 -8.458881934464878016e-01 -7.517912254905488867e-01 -6.438073737817399111e-01 -5.313408388121970694e-01 -4.196037795371910240e-01 -3.107281001200749015e-01 -2.050259515225075491e-01 -1.018343447432027565e-01
-1.017763759792993938e-01 -2.055930830840820012e-01 -3.134510592699000786e-01 -4.272242110180750618e-01 -5.484305499348621771e-01 -6.776356451566150074e-01 -8.130348002252005823e-01 -9.478318378801959820e-01 -1.067436012320133187e+00 -1.150210441602173450e+00 -1.175439798990607576e+00 -1.135190432515006398e+00 -1.039597668934467478e+00 -9.100774912826220531e-01 -7.674504242883161131e-01 -6.249903501770947001e-01 -4.884509883941833830e-01 -3.590032457025063017e-01 -2.356975693965585872e-01 -1.167359081031282553e-01
-1.120941500204505198e-01 -2.269186855018212323e-01 -3.472845747280234874e-01 -4.761377680119655564e-01 -6.164877773594791277e-01 -7.708434396975025749e-01 -9.392216500119131561e-01 -1.114599258723701247e+00 -1.277068098567927024e+00 -1.393483824100378854e+00 -1.430289194503634675e+00 -1.374356566913395250e+00 -1.242514219298240574e+00 -1.069336792570574124e+00 -8.864116695222239439e-01 -7.114457168798886677e-01 -5.499343053347078847e-01 -4.010921985570167769e-01 -2.620197534994151978e-01 -1.294112144837273326e-01
-1.196814140468010906e-01 -2.427012106634572342e-01 -3.726129449690772644e-01 -5.134147117768904645e-01 -6.697091418909438820e-01 -8.462913691350814060e-01 -1.045655668238336000e+00 -1.261284806645654788e+00 -1.468061217100296245e+00 -1.620204494039614085e+00 -1.669518256781271859e+00 -1.596874604696540967e+00 -1.426833575912693108e+00 -1.208926333260296859e+00 -9.864679739080410847e-01 -7.813592082458657995e-01 -5.980882079422300546e-01 -4.333045033561612192e-01 -2.818648884410611122e-01 -1.388879738392584939e-01
-1.239300635771438674e-01 -2.515886260328389912e-01 -3.870184897830337700e-01 -5.349420624726108908e-01 -7.011169303392937868e-01 -8.920887040259748435e-01 -1.112386324740338051e+00 -1.356192209417808048e+00 -1.594795042513083017e+00 -1.773024235289401007e+00 -1.831561592183395426e+00 -1.746685376349150109e+00 -1.548874401197660955e+00 -1.299002984716606468e+00 -1.049058323876875365e+00 -8.237609636217214648e-01 -6.265416471621562122e-01 -4.519760915979843530e-01 -2.932231660189048017e-01 -1.442735431815761749e-01
-1.244498897062313175e-01 -2.527003190854364423e-01 -3.888846357451592461e-01 -5.378601740043946755e-01 -7.056021594577986944e-01 -8.989912648713289656e-01 -1.122955187587751924e+00 -1.371834373641972471e+00 -1.616266763539490503e+00 -1.799322667163658851e+00 -1.859580957751314489e+00 -1.772448540090860947e+00 -1.569526808233240311e+00 -1.313833266145366219e+00 -1.058976133372100614e+00 -8.301799432569714199e-01 -6.306511901610174498e-01 -4.545611142056450449e-01 -2.947444834553027415e-01 -1.449798984365535393e-01
-1.211688328351650107e-01 -2.458734539537254793e-01 -3.779113077658907693e-01 -5.216338196710197384e-01 -6.821954108706526076e-01 -8.652134587626764128e-01 -1.074124060073748721e+00 -1.302718087714506812e+00 -1.524190427466221465e+00 -1.688398009632927632e+00 -1.741994880189998263e+00 -1.663728753369766888e+00 -1.480896804191828231e+00 -1.248283623269780263e+00 -1.013236115969260220e+00 -7.989834586640900405e-01 -6.095371386086358978e-01 -4.405833920448643526e-01 -2.861782092693398449e-01 -1.408982556875540137e-01
-1.143517132283455584e-01 -2.317096177932516377e-01 -3.552146941535485047e-01 -4.882657617452820231e-01 -6.345350656231573128e-01 -7.974530105457068307e-01 -9.780024372846654046e-01 -1.169309404273592312e+00 -1.349341377314279944e+00 -1.479922074626357942e+00 -1.521711006033460212e+00 -1.459217000707607959e+00 -1.312314019072178706e+00 -1.121489008446104663e+00 -9.230071887738435787e-01 -7.362975497705113170e-01 -5.665015822905442588e-01 -4.118255071192716832e-01 -2.684582494110574480e-01 -1.324322648265217339e-01
-1.045282370237781561e-01 -2.113963424212529363e-01 -3.229486502412767246e-01 -4.414958186829622266e-01 -5.691354646374097159e-01 -7.071515101511035573e-01 -8.543695820327400492e-01 -1.003837180432694209e+00 -1.138960112315958062e+00 -1.233912192653364270e+00 -1.263363911943513829e+00 -1.217524590959697672e+00 -1.108922551462909301e+00 -9.637066236338858172e-01 -8.066270469920445718e-01 -6.526422552836456115e-01 -5.074789724196389074e-01 -3.716182572739472056e-01 -2.433797490461480917e-01 -1.203709462909736821e-01
-9.236481713921733394e-02 -1.863978241419093074e-01 -2.836769652789437046e-01 -3.855489161564902290e-01 -4.928577510947171336e-01 -6.053894310334467788e-01 -7.207799846722132697e-01 -8.327725567144746988e-01 -9.296546563865354385e-01 -9.952889264363176114e-01 -1.014824209179960190e+00 -9.826598962868386966e-01 -9.059264032517680976e-01 -8.000101862898814087e-01 -6.805373200323711069e-01 -5.582997030759550006e-01 -4.387548758871386290e-01 -3.237241475551961289e-01 -2.130636015614650602e-01 -1.056710325194131217e-01
-7.853318340379794593e-02 -1.581528103177014255e-01 -2.398087144321755515e-01 -3.241356687690836180e-01 -4.111822333122825968e-01 -4.999808636973390175e-01 -5.879006669889013104e-01 -6.698658403029340569e-01 -7.379635888541944411e-01 -7.824988941262444042e-01 -7.951482749098480740e-01 -7.728584113268485156e-01 -7.194826365113176081e-01 -6.436708576766867473e-01 -5.549055950079018196e-01 -4.606137269124207512e-01 -3.653775682555763793e-01 -2.714373114253684216e-01 -1.794767090864455295e-01 -8.924932603002086462e-02
-6.361510055827593324e-02 -1.278714262613676600e-01 -1.932684206671176907e-01 -2.599950247077048027e-01 -3.277083999536511971e-01 -3.952429188079683575e-01 -4.602654874056786305e-01 -5.189886371258115583e-01 -5.662309581318967222e-01 -5.962375228887731859e-01 -6.043749191358882555e-01 -5.889864240659261618e-01 -5.521360355801264719e-01 -4.986461648552701353e-01 -4.341906857497091488e-01 -3.637000474750763379e-01 -2.906675854030726924e-01 -2.171648618886205251e-01 -1.441558673627592879e-01 -7.184949574871853095e-02
-4.805579232137359436e-02 -9.644935555203786037e-02 -1.453983198054063786e-01 -1.948660477903483845e-01 -2.444041570659698237e-01 -2.929752027500406308e-01 -3.387873545234564299e-01 -3.792239660165435122e-01 -4.110118779481026219e-01 -4.307717771124627282e-01 -4.359177667572255443e-01 -4.255430355536762854e-01 -4.007598495403145167e-01 -3.642586730912171222e-01 -3.193887409293988400e-01 -2.692937266322027456e-01 -2.164204937674122364e-01 -1.623974899331094846e-01 -1.081322575523371438e-01 -5.399277691466915913e-02
-3.215871494130389391e-02 -6.447188139965184805e-02 -9.700942695257420978e-02 -1.296664538225127672e-01 -1.620655713411965904e-01 -1.934600467702400906e-01 -2.226631384193085705e-01 -2.480520518419350173e-01 -2.677111061398425584e-01 -2.797568655257878234e-01 -2.827975782756762535e-01 -2.763511425292182744e-01 -2.610000222656281288e-01 -2.381900545966322003e-01 -2.097933191640915240e-01 -1.776603899648026563e-01 -1.433220543636618827e-01 -1.078721675349982312e-01 -7.198287455544320756e-02 -3.598935478611548638e-02
-1.610718571275381039e-02 -3.227002924580939930e-02 -4.850104946558608798e-02 -6.472474335922594191e-02 -8.073146872636266513e-02 -9.613554776591037854e-02 -1.103506144501313346e-01 -1.226035559648929602e-01 -1.320109962121741032e-01 -1.377282196826123961e-01 -1.391433764532548911e-01 -1.360458594488810069e-01 -1.286873412491941204e-01 -1.177024629508932607e-01 -1.039319563731516960e-01 -8.823185902587989127e-02 -7.133503868019182292e-02 -5.378623098674414904e-02 -3.593771830827851427e-02 -1.798176780661987079e-02
