-8.287226388586119152e-02 -1.552152903382884863e-01 -2.083456590693142929e-01 -2.359464582783754594e-01 -2.376789430842753126e-01 -2.197385849058146323e-01 -1.913460246316876223e-01 -1.604276234444263205e-01 -1.316492726351922160e-01 -1.068479284797531070e-01 -8.624917572691365164e-02 -6.940372426355773117e-02 -5.567358343238736768e-02 -4.443410701838855503e-02 -3.514186389189215276e-02 -2.734640696333043991e-02 -2.068072716307206571e-02 -1.484524345916579668e-02 -9.591302048404181171e-03 -4.706196567663511847e-03
-1.715396343514126731e-01 -3.210026376527101988e-01 -4.302660296179649513e-01 -4.852228426330339461e-01 -4.850620938298791929e-01 -4.439214160806932985e-01 -3.824730666560505199e-01 -3.177645959491922079e-01 -2.590719765875280078e-01 -2.094435999825632333e-01 -1.687375585896325469e-01 -1.356912792421307301e-01 -1.088564267121742285e-01 -8.692097547533046697e-02 -6.878694181143710229e-02 -5.356303818159305341e-02 -4.053125979416247887e-02 -2.910894478550621681e-02 -1.881376763410695652e-02 -9.233483836840217576e-03
-2.668255692869571094e-01 -4.987759747911524322e-01 -6.674575183355282437e-01 -7.486759635290262116e-01 -7.408751951518854906e-01 -6.687945076828720747e-01 -5.678977287812975172e-01 -4.659817720735019431e-01 -3.766155582644974409e-01 -3.029547684478720582e-01 -2.435417143403074414e-01 -1.957646102367450458e-01 -1.571396250885333523e-01 -1.256064102232636592e-01 -9.952189112289994144e-02 -7.758754726867722606e-02 -5.877233115644427131e-02 -4.224550909693639694e-02 -2.732133919598321234e-02 -1.341396987082666033e-02
-3.587247393654829364e-01 -6.699836000853454099e-01 -8.954912318628230894e-01 -9.998112452001709505e-01 -9.804002559699225294e-01 -8.739265261136279772e-01 -7.321575086335589955e-01 -5.939663002626642818e-01 -4.764367155694853029e-01 -3.818167988013932979e-01 -3.066493686014692410e-01 -2.466788996974519088e-01 -1.983304532548343935e-01 -1.588431136185663728e-01 -1.261066663471051841e-01 -9.849293327583388824e-02 -7.472501237276919783e-02 -5.377942245702117124e-02 -3.481210883134455009e-02 -1.710105576638104932e-02
-4.262979127248044398e-01 -7.959099710240165049e-01 -1.063420231861802456e+00 -1.184536106331606664e+00 -1.155816233242628943e+00 -1.023244723030091841e+00 -8.512149315259258664e-01 -6.868735579728102447e-01 -5.495636506410883637e-01 -4.404731788202957410e-01 -3.544464449281404805e-01 -2.859581777464509922e-01 -2.306590538911349741e-01 -1.853288541374877307e-01 -1.475687296271338544e-01 -1.155525132278153871e-01 -8.785536611025819564e-02 -6.333506079803734312e-02 -4.104661826212973458e-02 -2.017814266399489687e-02
-4.484440476328029335e-01 -8.375646053063590113e-01 -1.119883180253513189e+00 -1.248649809328725047e+00 -1.220065199438950199e+00 -1.082432518971681912e+00 -9.033794238107342167e-01 -7.322453143931854092e-01 -5.890882026592866305e-01 -4.749945588194295909e-01 -3.845434503275453886e-01 -3.120298391561558415e-01 -2.530171323162558328e-01 -2.042444209591443571e-01 -1.632868852359454226e-01 -1.282930289826327008e-01 -9.780888250994382305e-02 -7.065883895605848397e-02 -4.586116055063081676e-02 -2.256489738005359666e-02
-4.198148499996504079e-01 -7.850719926255329550e-01 -1.051871177492944787e+00 -1.178517036476665281e+00 -1.161527649436342458e+00 -1.043317320193176689e+00 -8.837902176729088843e-01 -7.275324806773043607e-01 -5.937453534502431518e-01 -4.847183589540522419e-01 -3.965287157121544226e-01 -3.245806748628388139e-01 -2.651334939832007409e-01 -2.153447040954166725e-01 -1.730413602964714637e-01 -1.365238403183235139e-01 -1.044282994573538792e-01 -7.563025462798637910e-02 -4.917429019864563017e-02 -2.422028663745668872e-02
-3.557559833626461332e-01 -6.667949474331432702e-01 -8.967720071590965514e-01 -1.013687141923777402e+00 -1.014725037407030683e+00 -9.313183772928307347e-01 -8.087574460537612087e-01 -6.822797806642915130e-01 -5.688986284198072063e-01 -4.726607548577212436e-01 -3.921299648630945933e-01 -3.246143696759399289e-01 -2.675900574159991718e-01 -2.189594534974932394e-01 -1.770100113812686504e-01 -1.403326765231639184e-01 -1.077502237724653616e-01 -7.825959407447467819e-02 -5.098546164124188873e-02 -2.514196129240940658e-02
-2.806599685119762211e-01 -5.278188955483580358e-01 -7.139416333662187419e-01 -8.170690800998007264e-01 -8.349656934141146403e-01 -7.877176184375970225e-01 -7.053154444592090178e-01 -6.127352613476449994e-01 -5.239695111059273769e-01 -4.443111549324385567e-01 -3.746277855597749395e-01 -3.141466955833058794e-01 -2.616520439085728844e-01 -2.158929897317428681e-01 -1.757065576737734947e-01 -1.400466341240533819e-01 -1.079803294383128304e-01 -7.867243982632143862e-02 -5.136600463112418052e-02 -2.536209994490183292e-02
-2.128789522322658001e-01 -4.020850137527073875e-01 -5.479802840230628691e-01 -6.363278848330196080e-01 -6.652112107334725577e-01 -6.460389713548493340e-01 -5.968689290946405102e-01 -5.341182187365611789e-01 -4.685525926198824131e-01 -4.057118592998917861e-01 -3.478818898696835471e-01 -2.956878522654768360e-01 -2.489780306171964219e-01 -2.072538851610731814e-01 -1.698765996172361403e-01 -1.361669797711252683e-01 -1.054520222950461605e-01 -7.708383526710602118e-02 -5.044402139641369909e-02 -2.494043579941283145e-02
-1.594477492867612534e-01 -3.026457097951990582e-01 -4.160235191116730125e-01 -4.903587135171264544e-01 -5.238807379256934516e-01 -5.225264671270356542e-01 -4.965976180385481276e-01 -4.564440467425625592e-01 -4.099193190228701544e-01 -3.620039988913992257e-01 -3.154853167548914428e-01 -2.717431142241391040e-01 -2.313182044488991951e-01 -1.942679202366012770e-01 -1.603789851052294657e-01 -1.292926679836029769e-01 -1.005769495445747869e-01 -7.376686111913488553e-02 -4.838581212190333491e-02 -2.395562492464775595e-02
-1.197501333283588487e-01 -2.284340585576984661e-01 -3.167553349383194217e-01 -3.785385330225899403e-01 -4.121282086549468149e-01 -4.203953017266893188e-01 -4.090921569058149077e-01 -3.846357912300945592e-01 -3.525440039529941783e-01 -3.168731135202353388e-01 -2.803082894805182246e-01 -2.444806374416483852e-01 -2.102837226430774586e-01 -1.781206143202729575e-01 -1.480787615425867565e-01 -1.200477647907884915e-01 -9.379624926714877353e-02 -6.902085046535971768e-02 -4.537674423988251327e-02 -2.249625273783447885e-02
-9.060393870775908243e-02 -1.736454817530820871e-01 -2.427252661745259166e-01 -2.935484587604920703e-01 -3.246142805965240852e-01 -3.371810765412791566e-01 -3.344414526307338820e-01 -3.203595966751300872e-01 -2.987206653029367276e-01 -2.726307682312766323e-01 -2.443932837107476441e-01 -2.155873360219030810e-01 -1.872154336354042159e-01 -1.598520621435292055e-01 -1.337676897253584352e-01 -1.090233855603843366e-01 -8.553943655264770185e-02 -6.314354991554134433e-02 -4.160406355087845759e-02 -2.065264396809311093e-02
-6.894030327746192288e-02 -1.326729505527399489e-01 -1.867501845398296667e-01 -2.281043120886769582e-01 -2.554312708334863236e-01 -2.691719582915575448e-01 -2.710866977446950155e-01 -2.636244543748170188e-01 -2.493440927525358286e-01 -2.305351809517126316e-01 -2.090466194845842507e-01 -1.862599806093014343e-01 -1.631386181983158767e-01 -1.403045178531261150e-01 -1.181165557389020349e-01 -9.673865689613693475e-02 -7.619456478884541195e-02 -5.640985216622832615e-02 -3.724331773452636829e-02 -1.851026163789058418e-02
-5.247493911291465502e-02 -1.013387057826051207e-01 -1.434745129887335380e-01 -1.766624827799369302e-01 -1.998147757776624900e-01 -2.129768826317456620e-01 -2.171034910173021970e-01 -2.137055528366867962e-01 -2.044955851711953709e-01 -1.911191511236776941e-01 -1.749980248201569999e-01 -1.572673513304294335e-01 -1.387745460621441773e-01 -1.201108405414382102e-01 -1.016553642073817348e-01 -8.362012641855955108e-02 -6.609031736600759488e-02 -4.905797835713315153e-02 -3.244909712170419847e-02 -1.614508653582705233e-02
-3.961991126405925434e-02 -7.673089498397181463e-02 -1.091445701579576572e-01 -1.352541198116678778e-01 -1.541867095339047034e-01 -1.658162490393792488e-01 -1.706443487525154956e-01 -1.695985197928367161e-01 -1.638135072153132921e-01 -1.544478125209149955e-01 -1.425589838338221504e-01 -1.290368600101101937e-01 -1.145813782585960450e-01 -9.970894080198017262e-02 -8.477393899113309927e-02 -6.999617232354439500e-02 -5.548860266860698720e-02 -4.128265051553049736e-02 -2.735000862354704243e-02 -1.362098914926117288e-02
-2.927375324110727609e-02 -5.682028888147180878e-02 -8.111861095344084782e-02 -1.010225701887646765e-01 -1.158615776855033558e-01 -1.254569852109030104e-01 -1.300591061137425231e-01 -1.302306633166708805e-01 -1.267121150099385640e-01 -1.202996164689085212e-01 -1.117532458829877534e-01 -1.017397325463027108e-01 -9.080517354149919562e-02 -7.936961052792063098e-02 -6.773528458541829000e-02 -5.610202587784356154e-02 -4.458527347407468394e-02 -3.323401593556606082e-02 -2.204730013208685765e-02 -1.098886197332236275e-02
-2.065480777251858455e-02 -4.015788957628416839e-02 -5.748700707654846864e-02 -7.185596627722075358e-02 -8.278004176204376008e-02 -9.009100662863656073e-02 -9.390442646879036681e-02 -9.455291557975506467e-02 -9.250467781414178914e-02 -8.828529899564398209e-02 -8.241465730831763759e-02 -7.536365660069481442e-02 -6.752997824291939732e-02 -5.922904876071158342e-02 -5.069556694139146918e-02 -4.209137700397116988e-02 -3.351645283074660558e-02 -2.502084149804934682e-02 -1.661631517811897746e-02 -8.287159928296657097e-03
-1.318758787342515573e-02 -2.566945287075599047e-02 -3.681556332979849661e-02 -4.613424945435525698e-02 -5.331162001387162314e-02 -5.822257658348468923e-02 -6.091468005627320714e-02 -6.157189693171491451e-02 -6.046838540877523538e-02 -5.792224887017444895e-02 -5.425643159519769748e-02 -4.977026194753640664e-02 -4.472203806181340030e-02 -3.932104186367943455e-02 -3.372656094989524844e-02 -2.805146584906594021e-02 -2.236832126883221694e-02 -1.671658298554829988e-02 -1.110995977377954129e-02 -5.543463585191540401e-03
-6.426089803085278246e-03 -1.251677210278890999e-02 -1.797154626614516290e-02 -2.255385253248870167e-02 -2.610961814590372770e-02 -2.857300348494315467e-02 -2.995982271867409646e-02 -3.035160935819699105e-02 -2.987471884632613914e-02 -2.867888174924029809e-02 -2.691855896740361076e-02 -2.473892292211222685e-02 -2.226687052839204997e-02 -1.960652088323534131e-02 -1.683817155706729407e-02 -1.401960546443196953e-02 -1.118878422491420901e-02 -8.367210726881934776e-03 -5.563476339859013686e-03 -2.776735204709719022e-03
