-1.424158523226478224e-03 -2.778368713923477003e-03 -3.999757513829822926e-03 -5.038317189229112036e-03 -5.860492723136669600e-03 -6.450229944113546054e-03 -6.807718620919812891e-03 -6.946473601031927236e-03 -6.889536278548958996e-03 -6.665542732798904885e-03 -6.305192458302028534e-03 -5.838442491393082585e-03 -5.292530313341462303e-03 -4.690787123598493501e-03 -4.052119022248382683e-03 -3.390985753501287846e-03 -2.717735751113640238e-03 -2.039151091021300637e-03 -1.359111952245951882e-03 -6.793145878113664030e-04
-2.918265007739328024e-03 -5.689558129186754118e-03 -8.182343206214269526e-03 -1.029301716421988575e-02 -1.195342303951353428e-02 -1.313270623603865310e-02 -1.383416994732702965e-02 -1.408863692259200787e-02 -1.394612739491706173e-02 -1.346744104153358747e-02 -1.271678424445844315e-02 -1.175604709407286272e-02 -1.064088974575446746e-02 -9.418497486969499080e-03 -8.126698765502874539e-03 -6.794085117526402727e-03 -5.440804907248834692e-03 -4.079756733590735387e-03 -2.717984466039621502e-03 -1.358147008498348596e-03
-4.559342694190933985e-03 -8.879254292671719812e-03 -1.274703840997928189e-02 -1.599798399137899660e-02 -1.852747376217820513e-02 -2.029300098656457163e-02 -2.130761449696444779e-02 -2.162777397898481627e-02 -2.133889207617055764e-02 -2.054130724681378639e-02 -1.933845535686485109e-02 -1.782807093960736902e-02 -1.609648145472275527e-02 -1.421561031331478216e-02 -1.224208861861369319e-02 -1.021784615295194716e-02 -8.171640126617566238e-03 -6.121088247577438808e-03 -4.074923519665649314e-03 -2.035291930197728576e-03
-6.439850846381537340e-03 -1.252107720027328952e-02 -1.792857037863573519e-02 -2.242440478655137806e-02 -2.586548549693352267e-02 -2.820420666631997392e-02 -2.947551090094930465e-02 -2.977594792860778147e-02 -2.924035597492622915e-02 -2.802043670850208612e-02 -2.626765721918210283e-02 -2.412129820093610044e-02 -2.170135297125694654e-02 -1.910537037489127773e-02 -1.640819412674083058e-02 -1.366356726645676090e-02 -1.090681851846325018e-02 -8.158031052914471032e-03 -5.425331777067382046e-03 -2.708097508075086798e-03
-8.678982979849836701e-03 -1.683663223477729204e-02 -2.402175919433676213e-02 -2.990557682886686372e-02 -3.430585466297731562e-02 -3.718282694826274132e-02 -3.861427169052280423e-02 -3.876014628994482042e-02 -3.782614199761769741e-02 -3.603242128087753154e-02 -3.359043278616935524e-02 -3.068811006872512390e-02 -2.748225752772083183e-02 -2.409632263699878346e-02 -2.062174704522888938e-02 -1.712140788406874350e-02 -1.363403363629327701e-02 -1.017888362246749216e-02 -6.760273178176102148e-03 -3.371765525388853175e-03
-1.143944860271049919e-02 -2.212470807877538193e-02 -3.141625484453623024e-02 -3.887028523073825931e-02 -4.426952583720047962e-02 -4.760697119825292589e-02 -4.903859906293483312e-02 -4.882421882794773377e-02 -4.727163819365365338e-02 -4.469266714994982181e-02 -4.137353625686901459e-02 -3.755844477326405334e-02 -3.344324093704027778e-02 -2.917591087318845144e-02 -2.486106143923229317e-02 -2.056628146148073086e-02 -1.632902226871849743e-02 -1.216319354294794104e-02 -8.065108320416423948e-03 -4.018688258010028568e-03
-1.495410272717273212e-02 -2.880649563301659541e-02 -4.064826291948568648e-02 -4.988977887004531625e-02 -5.629498638212136058e-02 -5.993692812829243266e-02 -6.110892939318121608e-02 -6.022648679881654338e-02 -5.774351754146289650e-02 -5.409306639010310475e-02 -4.965259198698431659e-02 -4.472888531318398170e-02 -3.955634280691786714e-02 -3.430301457929343933e-02 -2.908030243822668295e-02 -2.395363196108015943e-02 -1.895257743248118104e-02 -1.407975465436941270e-02 -9.318273529084339021e-03 -4.637874914768797333e-03
-1.957046388950240204e-02 -3.749890354548106319e-02 -5.248051704421761304e-02 -6.374557319433368785e-02 -7.108370657335383314e-02 -7.473681866127616924e-02 -7.523369839237560586e-02 -7.322927491541236789e-02 -6.938287229137468648e-02 -6.428348137917717919e-02 -5.841487196344029992e-02 -5.214815322015058097e-02 -4.575022119257243780e-02 -3.939949341647506348e-02 -3.320349752427440709e-02 -2.721536235431253059e-02 -2.144789949233338530e-02 -1.588497058542395063e-02 -1.049035161323324215e-02 -5.214535471811524055e-03
-2.582878461111393076e-02 -4.913807073868355080e-02 -6.802927362196342642e-02 -8.152825546916514510e-02 -8.955742760407534031e-02 -9.269293216533654178e-02 -9.185976083184224650e-02 -8.807403772543775933e-02 -8.227520735863912138e-02 -7.524311050016285751e-02 -6.757525560844479529e-02 -5.969862775626511020e-02 -5.189688798456069951e-02 -4.434123068432239273e-02 -3.711882354941477280e-02 -3.025641614995621884e-02 -2.373868392532643354e-02 -1.752187417255984814e-02 -1.154362372795132534e-02 -5.729912849496875821e-03
-3.460555693846904118e-02 -6.519424752602487327e-02 -8.896941529009519400e-02 -1.047802525627313935e-01 -1.129245917302145463e-01 -1.146176419220131387e-01 -1.114383489576209058e-01 -1.049318947605666907e-01 -9.640080108591721209e-02 -8.683848888542201883e-02 -7.694440695781874784e-02 -6.717420778862856490e-02 -5.779746516451567812e-02 -4.894970866564064133e-02 -4.067414336158511196e-02 -3.295278781351116543e-02 -2.572854487670827792e-02 -1.892021676905039987e-02 -1.243235451029647658e-02 -6.161491331956834260e-03
-4.738632019707472026e-02 -8.805075511679801015e-02 -1.178636400012891550e-01 -1.356927134012566594e-01 -1.427403487520430836e-01 -1.414137805927581926e-01 -1.343438580395523441e-01 -1.238143384798733176e-01 -1.115575958917550126e-01 -9.876563046386158118e-02 -8.618966971725862403e-02 -7.425632626923941992e-02 -6.316904981057901158e-02 -5.298598609864108716e-02 -4.367524457597851684e-02 -3.515204159193591887e-02 -2.730248628785487269e-02 -1.999809265457776902e-02 -1.310408448928965415e-02 -6.483696794358315835e-03
-6.676891945697432940e-02 -1.216358208778406252e-01 -1.586461551085806276e-01 -1.773303757287479077e-01 -1.809052086413389382e-01 -1.739447792711836249e-01 -1.607067789507566069e-01 -1.444235713743013128e-01 -1.272495393598436775e-01 -1.104767478050602825e-01 -9.479230960199044875e-02 -8.049237041880483168e-02 -6.763641768363831686e-02 -5.614993271919088702e-02 -4.588880048964042585e-02 -3.667764159522524103e-02 -2.833126257168232243e-02 -2.066558012407754621e-02 -1.350219105859343412e-02 -6.669209535137244141e-03
-9.720500993783780241e-02 -1.722081379960181124e-01 -2.170796503527328558e-01 -2.336799648072968305e-01 -2.294279502611987209e-01 -2.126933409012247422e-01 -1.900995149134948048e-01 -1.659206292345093425e-01 -1.425397921076976271e-01 -1.210994517266764242e-01 -1.020104368616449597e-01 -8.528442150901591190e-02 -7.073431037713438785e-02 -5.808851911176701743e-02 -4.705237532625577979e-02 -3.733845653203499149e-02 -2.867933811230269359e-02 -2.083077109041052769e-02 -1.356988595701628074e-02 -6.690947795574431027e-03
-1.452965363667398924e-01 -2.482542364296031201e-01 -3.001669711749623826e-01 -3.087522742844119872e-01 -2.894828946374029544e-01 -2.569795987647239266e-01 -2.209948548994863371e-01 -1.866036016502000405e-01 -1.558871779047789619e-01 -1.293705562331956549e-01 -1.068655370113421044e-01 -8.790055861846421403e-02 -7.192787829108233943e-02 -5.841745034566318134e-02 -4.689371866441904152e-02 -3.694446706334187508e-02 -2.821685845973217338e-02 -2.040827623407941507e-02 -1.325562966557783037e-02 -6.524692029537262732e-03
-2.172607703711134097e-01 -3.564267540361275577e-01 -4.118891939875413688e-01 -4.030295435067566823e-01 -3.589115975533016534e-01 -3.034414222414188456e-01 -2.499618132930360170e-01 -2.035466375205093326e-01 -1.650251625015482781e-01 -1.336289777654755262e-01 -1.081804992898437318e-01 -8.752438550329678935e-02 -7.065918466965970257e-02 -5.675967896968554111e-02 -4.516057562689944349e-02 -3.532883130690902401e-02 -2.683535028763457675e-02 -1.932984343575838010e-02 -1.251965971567991186e-02 -6.152188125921671802e-03
-3.104637468528617661e-01 -4.900538069274065212e-01 -5.426961433852812711e-01 -5.059331626343365196e-01 -4.278073605788550449e-01 -3.438919461759422647e-01 -2.708332375588469731e-01 -2.123955215394180140e-01 -1.670083154794133606e-01 -1.319363871161725044e-01 -1.047028138133629382e-01 -8.335727594220615488e-02 -6.642478929689689393e-02 -5.280149779979611407e-02 -4.166006780610364418e-02 -3.237492944090392816e-02 -2.446586660568105670e-02 -1.755608502255530043e-02 -1.134097542028413876e-02 -5.564397401091740122e-03
-4.018394019530663885e-01 -6.146764201119011561e-01 -6.573252068906568768e-01 -5.880411207777812566e-01 -4.747529721780636147e-01 -3.641014587040117267e-01 -2.746770975505693491e-01 -2.077260565796942293e-01 -1.586072435508326661e-01 -1.223977336501473889e-01 -9.533643635078267731e-02 -7.477706868582569000e-02 -5.888118957102191769e-02 -4.636144930066592174e-02 -3.630326182100145072e-02 -2.804494986799588654e-02 -2.109710046989873508e-02 -1.508765395012133352e-02 -9.723756570393510268e-03 -4.764424500338618369e-03
-4.474333664459210214e-01 -6.689510154297095834e-01 -6.970818194369891030e-01 -6.041779326671249395e-01 -4.699827838266149027e-01 -3.464804419923736001e-01 -2.517897663115907791e-01 -1.843966325231043979e-01 -1.371748884036849969e-01 -1.036972365765892884e-01 -7.946697193315788166e-02 -6.153329557093232399e-02 -4.796144309158997115e-02 -3.745984164152618701e-02 -2.914657578568067425e-02 -2.240450488969291179e-02 -1.678993023935045417e-02 -1.197367246824828160e-02 -7.701970837753219050e-03 -3.769542131622943305e-03
-4.040523274508911467e-01 -5.940069655983823971e-01 -6.073311644287924249e-01 -5.141080484569859888e-01 -3.886951713208693371e-01 -2.777794320640212811e-01 -1.958942681720918511e-01 -1.397856774241404421e-01 -1.018348407973643649e-01 -7.573107282027873033e-02 -5.729936857257632993e-02 -4.392759708141238950e-02 -3.397143741798149680e-02 -2.636989493125882489e-02 -2.041869016552725832e-02 -1.563656143630312231e-02 -1.168444161152704455e-02 -8.315133637051833754e-03 -5.340910481255037486e-03 -2.611771854225755814e-03
-2.546231065203812260e-01 -3.677039565991840342e-01 -3.694046187644082213e-01 -3.062684018406656161e-01 -2.259872693675717137e-01 -1.574078914325485468e-01 -1.084162708791922003e-01 -7.588830178363728529e-02 -5.448139818042476573e-02 -4.007426230623734043e-02 -3.007025738683640273e-02 -2.290618525966711672e-02 -1.762680863504412915e-02 -1.362960770659128913e-02 -1.052172657037487441e-02 -8.038607161727670883e-03 -5.996139734479905004e-03 -4.261509485867218117e-03 -2.734763669974043122e-03 -1.336634018202270593e-03
