-7.414700546016829603e-03 -1.478706577295427378e-02 -2.206480776796534635e-02 -2.917631860748046840e-02 -3.602269361857239616e-02 -4.247215427822801509e-02 -4.835829185109543488e-02 -5.348362512865457302e-02 -5.762981458409852792e-02 -6.057485829513409997e-02 -6.211595693790075007e-02 -6.209465991807894963e-02 -6.041908416106089169e-02 -5.707794079496174983e-02 -5.214280787807271111e-02 -4.575864363114285488e-02 -3.812601346071787384e-02 -2.948042647931549409e-02 -2.007395389820888429e-02 -1.016255012377126170e-02
-1.487173752986255260e-02 -2.966876105806432948e-02 -4.429584161745098170e-02 -5.861776617501566339e-02 -7.244229565893831047e-02 -8.550763863719405833e-02 -9.747739493906576458e-02 -1.079464036339017191e-01 -1.164607813684880727e-01 -1.225536577293651203e-01 -1.257943172332629811e-01 -1.258435961359605504e-01 -1.225037353542997864e-01 -1.157498749270915450e-01 -1.057346428067995475e-01 -9.276574956424422924e-02 -7.726498790089525448e-02 -5.972173772275712195e-02 -4.065284254944803721e-02 -2.057624939381517276e-02
-2.240350737026088404e-02 -4.472041112100279270e-02 -6.683203560108490204e-02 -8.855660665638634410e-02 -1.096210784705294039e-01 -1.296387251301086008e-01 -1.480972767989242322e-01 -1.643638255980287288e-01 -1.777132649720774837e-01 -1.873846800728101725e-01 -1.926640614841435839e-01 -1.929816913307356718e-01 -1.880024048783186241e-01 -1.776831819372547139e-01 -1.622801511043721612e-01 -1.423047242839273474e-01 -1.184464635284933898e-01 -9.148870702527124588e-02 -6.223944117773705376e-02 -3.148960892480540813e-02
-3.002189800357643254e-02 -5.997737133901080708e-02 -8.975529170098645038e-02 -1.191555532055333516e-01 -1.478467057744313196e-01 -1.753289492429191687e-01 -2.009092081234697957e-01 -2.236984141094538470e-01 -2.426438046916816194e-01 -2.566077602839036964e-01 -2.644955973295018414e-01 -2.654167443067701471e-01 -2.588410463457034294e-01 -2.447003317797109834e-01 -2.233980728905249624e-01 -1.957265480450836315e-01 -1.627274628074672491e-01 -1.255472020156456203e-01 -8.532661466957906782e-02 -4.314275293315874421e-02
-3.770674219623866563e-02 -7.541191777936913365e-02 -1.130562277017386486e-01 -1.504636336307669797e-01 -1.872812693906949766e-01 -2.229212094234841457e-01 -2.565122603761067488e-01 -2.868768550619250068e-01 -3.125558144759781887e-01 -3.319069591301241351e-01 -3.432938231223846004e-01 -3.453486204721230579e-01 -3.372447020960116504e-01 -3.188790033709192340e-01 -2.908852737885174178e-01 -2.544759566071215229e-01 -2.111896702993286690e-01 -1.626460473272726970e-01 -1.103770942233989749e-01 -5.575478441021147064e-02
-4.539317409290799521e-02 -9.090736950251801507e-02 -1.365940834592753172e-01 -1.823615028050697140e-01 -2.278935619149470848e-01 -2.725624184510761494e-01 -3.153418188807788902e-01 -3.547409282803702935e-01 -3.887954577279670310e-01 -4.151699749182301002e-01 -4.314232721920052138e-01 -4.354380784584563346e-01 -4.259089808822018042e-01 -4.026848235973341517e-01 -3.667875632849250112e-01 -3.201021254515284409e-01 -2.649091813845836363e-01 -2.034702306878552469e-01 -1.377809314927953555e-01 -6.949929741854954379e-02
-5.295860862457758833e-02 -1.062303308914768346e-01 -1.600512555090914113e-01 -2.144947431493990919e-01 -2.693690869004662924e-01 -3.240930970408909539e-01 -3.775515172593617019e-01 -4.279487483762750011e-01 -4.727124652361934243e-01 -5.085480240202338020e-01 -5.317803539478859198e-01 -5.390569538058521681e-01 -5.282537227251679068e-01 -4.991525515916199751e-01 -4.534715658914063030e-01 -3.942329851749207803e-01 -3.248737962337223117e-01 -2.485445513128420048e-01 -1.677770797317101326e-01 -8.446145564039561626e-02
-6.021095252607010923e-02 -1.210041172334163362e-01 -1.828858770950655965e-01 -2.461971484509019870e-01 -3.109949243723362788e-01 -3.768890630869119462e-01 -4.428204974163362229e-01 -5.067821947532828997e-01 -5.655333878293062888e-01 -6.144730930222014331e-01 -6.479944428015445013e-01 -6.606242299778966043e-01 -6.487637722657997319e-01 -6.120986387705856790e-01 -5.536543517680849735e-01 -4.784586263856548394e-01 -3.917999030671807104e-01 -2.980549508042814044e-01 -2.003209673019638315e-01 -1.005693822561078837e-01
-6.688111111530621600e-02 -1.346893393657092597e-01 -2.042910151854344936e-01 -2.764130289988353528e-01 -3.515240940644328016e-01 -4.296452604801261899e-01 -5.100457797963749984e-01 -5.907717285971800791e-01 -6.679993924577893871e-01 -7.354309823281234282e-01 -7.844231279856248573e-01 -8.057806345585649677e-01 -7.931692676714841017e-01 -7.461284059456624318e-01 -6.701853800256879490e-01 -5.739700633670785646e-01 -4.657532592362684243e-01 -3.515395034254777951e-01 -2.348796132824207128e-01 -1.174946881484512790e-01
-7.262418981764445780e-02 -1.465811429703333391e-01 -2.231758371226456317e-01 -3.036396960002082368e-01 -3.890413337379879932e-01 -4.801089961142901985e-01 -5.768755189005770889e-01 -6.779766496577426249e-01 -7.793968222376824739e-01 -8.728254504062623598e-01 -9.449695706208953716e-01 -9.802247403217334565e-01 -9.672809364115684261e-01 -9.054475974451902109e-01 -8.048940225175414964e-01 -6.805623795626530859e-01 -5.453968875137121808e-01 -4.073927599264594024e-01 -2.701484805166970427e-01 -1.345275904072041062e-01
-7.703452904900205678e-02 -1.558352370300949419e-01 -2.381914657183667183e-01 -3.259278070015861895e-01 -4.208851998162710384e-01 -5.248219597360962441e-01 -6.390942968288507720e-01 -7.637482689810252134e-01 -8.953808800228280074e-01 -1.023617383699480410e+00 -1.128556178314098490e+00 -1.184434348886001631e+00 -1.171682760008645463e+00 -1.089260899547226380e+00 -9.551323486575242772e-01 -7.943632069708769228e-01 -6.266713415603913928e-01 -4.621811297655385453e-01 -3.037355604460973968e-01 -1.504587107540136526e-01
-7.967872212817647681e-02 -1.615338317537624580e-01 -2.478268158720843273e-01 -3.409925102402335262e-01 -4.437276290703353610e-01 -5.590442435425283518e-01 -6.901063499198962781e-01 -8.392150742493992288e-01 -1.004597219155856536e+00 -1.174164213293262593e+00 -1.319864727691932638e+00 -1.402249882300569350e+00 -1.390235817798715523e+00 -1.282316015578268242e+00 -1.107389801087515391e+00 -9.042651084887941559e-01 -7.011386403587420713e-01 -5.100142475728323133e-01 -3.319795988210232918e-01 -1.635463733360302818e-01
-8.014655167108179767e-02 -1.627945507749035681e-01 -2.505890387681689591e-01 -3.464823804858075951e-01 -4.539385556962115542e-01 -5.771699537336577590e-01 -7.212046680352808270e-01 -8.908819865175839903e-01 -1.086630304216543941e+00 -1.295305535656033902e+00 -1.480948886507026607e+00 -1.589958564695340693e+00 -1.579068034865041215e+00 -1.446289493198713139e+00 -1.232133082334273766e+00 -9.896818164136429452e-01 -7.554453671321049724e-01 -5.426970585511440293e-01 -3.502277140215060980e-01 -1.716899150426140497e-01
-7.811295943972042244e-02 -1.589087757223872355e-01 -2.452516755746684263e-01 -3.404001822466911076e-01 -4.482884482272851967e-01 -5.738901253797417112e-01 -7.234577157298219818e-01 -9.035678259904433851e-01 -1.116287646500868869e+00 -1.348102155537795221e+00 -1.558219418957658808e+00 -1.684004188494895082e+00 -1.674302989630521044e+00 -1.526822552263366273e+00 -1.289608186193141659e+00 -1.024881597850303194e+00 -7.742697592555894959e-01 -5.515664636327014536e-01 -3.538676069846725669e-01 -1.728873539421530992e-01
-7.339653061496455300e-02 -1.494758866228692307e-01 -2.311077429831039087e-01 -3.215661735465323301e-01 -4.248133360818299176e-01 -5.458612840299635893e-01 -6.910038831255590486e-01 -8.668573773718795117e-01 -1.075556242835532306e+00 -1.303781971085491431e+00 -1.511198004177414234e+00 -1.635846315611160673e+00 -1.627128642291401084e+00 -1.482781615661916907e+00 -1.250337969771833535e+00 -9.913526021784060394e-01 -7.469893790149219059e-01 -5.308356791532732322e-01 -3.399090311321932845e-01 -1.658641849224065656e-01
-6.599730444366898319e-02 -1.344904740001605647e-01 -2.081363003498492847e-01 -2.899315760782019136e-01 -3.834274448659649170e-01 -4.929659546963938710e-01 -6.237344829571030980e-01 -7.807556264594706086e-01 -9.647392056341641542e-01 -1.163160576884728847e+00 -1.341310391119477252e+00 -1.447345522522027084e+00 -1.439411448157113638e+00 -1.315601392984252271e+00 -1.115133105164335614e+00 -8.893703171727768142e-01 -6.735640934803120983e-01 -4.803479984213207543e-01 -3.082013992191836027e-01 -1.505344982796848752e-01
-5.610223087288897931e-02 -1.143523763814913718e-01 -1.770146829374442399e-01 -2.465875150438229801e-01 -3.259167067830693321e-01 -4.182638709977741232e-01 -5.271455432000193841e-01 -6.553285951209522064e-01 -8.017077786546125129e-01 -9.553075880941098719e-01 -1.089891506507523644e+00 -1.168303567390809539e+00 -1.161219371303491510e+00 -1.067247724024679378e+00 -9.137106110190640340e-01 -7.372098109093464524e-01 -5.641476797911622043e-01 -4.054061974294426718e-01 -2.613660791083305956e-01 -1.279783583825934712e-01
-4.405925248618320494e-02 -8.980212225299798179e-02 -1.389821499841796260e-01 -1.934820704443032391e-01 -2.553414572817852557e-01 -3.267006481035896748e-01 -4.095181136139433575e-01 -5.047031682245031181e-01 -6.100590739147571107e-01 -7.169087241378879760e-01 -8.076194511472793991e-01 -8.589232307814280709e-01 -8.530376415766063314e-01 -7.890637011344662222e-01 -6.834193608873182502e-01 -5.588291018564347512e-01 -4.328203172622361317e-01 -3.138459970675427368e-01 -2.035113378713400978e-01 -9.995959892652406253e-02
-3.033268198467749255e-02 -6.181469432012626913e-02 -9.562955761337944838e-02 -1.330150086774982976e-01 -1.752464031371122055e-01 -2.235389145458261673e-01 -2.787772712173703371e-01 -3.409003964436532197e-01 -4.077297998431101966e-01 -4.733690272504835206e-01 -5.273894127820540900e-01 -5.569976815141567394e-01 -5.527621097030007702e-01 -5.141672151936064195e-01 -4.498193413385863093e-01 -3.720854849247625662e-01 -2.911995258758666716e-01 -2.128230396587313944e-01 -1.387160946922649518e-01 -6.832581887555480571e-02
-1.545677943755633700e-02 -3.149445229151431186e-02 -4.870633036526386683e-02 -6.770131477469647219e-02 -8.908375762668040154e-02 -1.133857109240175021e-01 -1.409089273955698995e-01 -1.714128437438618702e-01 -2.036006326120918808e-01 -2.345221659590447649e-01 -2.594101832059331758e-01 -2.727286480616739062e-01 -2.705128997067242635e-01 -2.525310869772102729e-01 -2.223619775875882998e-01 -1.853103748108492488e-01 -1.460085627018990473e-01 -1.072626465533913359e-01 -7.015288311529495335e-02 -3.462013597397745057e-02
