-7.861210823200398892e-03 -1.580002802087608280e-02 -2.388438634988841389e-02 -3.216179079471957053e-02 -4.064650227100355395e-02 -4.930401015152399702e-02 -5.803279814717681589e-02 -6.664464642294701258e-02 -7.484673178685341544e-02 -8.223150021706870927e-02 -8.828308631380940574e-02 -9.241005319820361219e-02 -9.401053020002583804e-02 -9.256504170641734197e-02 -8.773643092246234676e-02 -7.944468104894183980e-02 -6.788898842146369461e-02 -5.351194630561428162e-02 -3.692687979536390247e-02 -1.884109959042638838e-02
-1.564481565673265379e-02 -3.145451607387222265e-02 -4.757572798147665510e-02 -6.411627609736440803e-02 -8.112020956290548479e-02 -9.853674326551460638e-02 -1.161825374399279298e-01 -1.336990583651590514e-01 -1.505107823127446176e-01 -1.657961811968682309e-01 -1.784907857635032458e-01 -1.873465776962663643e-01 -1.910669901102602652e-01 -1.885131563483138928e-01 -1.789359487991245279e-01 -1.621532624056725436e-01 -1.385993025434326398e-01 -1.092319065156516639e-01 -7.535447071464622393e-02 -3.843751962828794583e-02
-2.326353596440861385e-02 -4.679749294603332416e-02 -7.084773579586531311e-02 -9.560737744033612207e-02 -1.211813201711306465e-01 -1.475402176186120518e-01 -1.744615528638491786e-01 -2.014582679923799802e-01 -2.277011497644264304e-01 -2.519516168289612223e-01 -2.725371620414533957e-01 -2.874181516044135853e-01 -2.943970892794607330e-01 -2.914837953124561620e-01 -2.773400478075617182e-01 -2.516323994456766133e-01 -2.151226149660322717e-01 -1.694617064804464779e-01 -1.168215089845706656e-01 -5.955448926688330924e-02
-3.061183584981983993e-02 -6.162418424959364288e-02 -9.341034702651102029e-02 -1.262841793431627169e-01 -1.604574784881275806e-01 -1.959812562268641867e-01 -2.326651870831400459e-01 -2.699712930048235870e-01 -3.068838102441913684e-01 -3.417714499711550502e-01 -3.722864083639035315e-01 -3.953876825295877806e-01 -4.076118818175124559e-01 -4.056743770425985107e-01 -3.872969319844496994e-01 -3.519047629660815857e-01 -3.007916400826072811e-01 -2.366683043816172338e-01 -1.629144989553927836e-01 -8.295870068478929105e-02
-3.755962385675047643e-02 -7.567706123816807240e-02 -1.148852902259711734e-01 -1.556615160620285487e-01 -1.983831592224728768e-01 -2.432621399388742722e-01 -2.902466202927675432e-01 -3.388776990163429037e-01 -3.880901837285512523e-01 -4.359590328588383579e-01 -4.794335397747481187e-01 -5.141959370394946216e-01 -5.349178165496740744e-01 -5.362064804703656762e-01 -5.141644862962910789e-01 -4.678146842761948809e-01 -3.994202089126191457e-01 -3.134820360162694497e-01 -2.152013368597075482e-01 -1.093636576727417126e-01
-4.394959831753820351e-02 -8.863914722896687470e-02 -1.347922389255487297e-01 -1.830934381737116257e-01 -2.341515049576890217e-01 -2.884375054528224847e-01 -3.461812566346015863e-01 -4.072012172771948824e-01 -4.706319077557039599e-01 -5.345059507752581984e-01 -5.951806737867630925e-01 -6.467726032653381418e-01 -6.811563147237902349e-01 -6.893709713291911179e-01 -6.646015853261570960e-01 -6.051775907280078082e-01 -5.152329975167951881e-01 -4.024727375963393361e-01 -2.749873556133041741e-01 -1.392792990147951604e-01
-4.959962250231699649e-02 -1.001376911267716635e-01 -1.525510846941937337e-01 -2.077684956739307143e-01 -2.666919131685729916e-01 -3.301550117423954767e-01 -3.988385998647901998e-01 -4.731060086325313829e-01 -5.526857028275188322e-01 -6.360638750705029931e-01 -7.194076370903297324e-01 -7.950940013126402972e-01 -8.508712075673842135e-01 -8.717639833705752572e-01 -8.457226974216518478e-01 -7.698788197878375650e-01 -6.519280744722351084e-01 -5.052981481068801184e-01 -3.426851906546256599e-01 -1.726839154125986153e-01
-5.431120045816430209e-02 -1.097609124147272408e-01 -1.675059160962686367e-01 -2.287375515584436081e-01 -2.946926108804159838e-01 -3.666515763877365996e-01 -4.459076904904852312e-01 -5.336658985831995716e-01 -6.307592514471233036e-01 -7.368884378078049968e-01 -8.488337012041404783e-01 -9.573579163084851018e-01 -1.044492565564637543e+00 -1.085779817084070231e+00 -1.060458303574477679e+00 -9.637127974193631097e-01 -8.094199612829262591e-01 -6.204763740792866855e-01 -4.165039711860396565e-01 -2.084357647554764270e-01
-5.788426604244053392e-02 -1.170888430488992160e-01 -1.789741199012807316e-01 -2.449831814106221139e-01 -3.166892995864089011e-01 -3.958495821294143457e-01 -4.844609755998375289e-01 -5.847898234888911917e-01 -6.992351867252006858e-01 -8.295240590330809072e-01 -9.740832965910339869e-01 -1.122571148040587774e+00 -1.250033296755951318e+00 -1.319084159721115368e+00 -1.296587680008745025e+00 -1.174996853585847045e+00 -9.772016851879572474e-01 -7.394640242350739578e-01 -4.905016608151481772e-01 -2.435185742109410856e-01
-6.013702092262708521e-02 -1.217360736922390163e-01 -1.863185417544117317e-01 -2.555317459215956100e-01 -3.312315696915639762e-01 -4.155931668313316840e-01 -5.112646750776087545e-01 -6.215610268826217144e-01 -7.505514674132519604e-01 -9.023301876917363407e-01 -1.077604884140997532e+00 -1.265608449083293507e+00 -1.434499081416838573e+00 -1.533074427303786402e+00 -1.514601097878435665e+00 -1.368545817728271663e+00 -1.127853394193555125e+00 -8.433916958091310923e-01 -5.533436109186677943e-01 -2.727083353023506684e-01
-6.092774206113370228e-02 -1.233998899479300526e-01 -1.890322289898183905e-01 -2.595936679625499011e-01 -3.371116127609257163e-01 -4.240209583857785236e-01 -5.233864642483045948e-01 -6.392186474564878207e-01 -7.767420613054863976e-01 -9.417676133834199659e-01 -1.136786812521969114e+00 -1.351034842513258560e+00 -1.548116771871834718e+00 -1.667229299467128723e+00 -1.652037111993848839e+00 -1.489900409247664204e+00 -1.220916598747236348e+00 -9.062255356460536815e-01 -5.904758333059831887e-01 -2.896582022383552557e-01
-6.017405774727509205e-02 -1.219035152249073189e-01 -1.868168184066295034e-01 -2.566990535800882656e-01 -3.335996403637730978e-01 -4.199846710770364089e-01 -5.189647477433634304e-01 -6.346202911170203409e-01 -7.722837702224967238e-01 -9.379201983598539627e-01 -1.134183758410419740e+00 -1.350337573755297171e+00 -1.549662118562583846e+00 -1.670632948748041358e+00 -1.656182309311789780e+00 -1.493504539841349787e+00 -1.223233755070340045e+00 -9.072745934751974550e-01 -5.907361951181417936e-01 -2.896423104411223193e-01
-5.786497374861724469e-02 -1.172232959929423307e-01 -1.796324794976431050e-01 -2.467860551327307472e-01 -3.206025992992802554e-01 -4.033452562426901866e-01 -4.977891607183210776e-01 -6.074376620405980143e-01 -7.366411968856702019e-01 -8.898816492991382665e-01 -1.068260821524235071e+00 -1.261059757085800870e+00 -1.435618771791183912e+00 -1.538961777201150793e+00 -1.522567391447758656e+00 -1.375494185651474632e+00 -1.131985243714453748e+00 -8.447695872776671555e-01 -5.531619349469082403e-01 -2.722493379320026774e-01
-5.406254102215192481e-02 -1.094922175821900490e-01 -1.677037509196859233e-01 -2.302100655382278704e-01 -2.986789613790909459e-01 -3.749983431463446704e-01 -4.613483223907817177e-01 -5.602541417856736761e-01 -6.744773938726569273e-01 -8.062111685099371261e-01 -9.543206382196389725e-01 -1.108476049405591635e+00 -1.242756156559708947e+00 -1.317770074442401462e+00 -1.298389454107361729e+00 -1.176602956984157178e+00 -9.767154920164707876e-01 -7.370425844144656846e-01 -4.875714655011190168e-01 -2.416090921445840645e-01
-4.889297394641780453e-02 -9.897928345947118456e-02 -1.514802451415587503e-01 -2.076714825205953352e-01 -2.689045566307884938e-01 -3.366171670393218185e-01 -4.123160769149834537e-01 -4.974917248331232611e-01 -5.933461917618069181e-01 -7.000114429562535046e-01 -8.146318877069558262e-01 -9.279465986084896034e-01 -1.021174294996940901e+00 -1.068257437800650633e+00 -1.046874174673711133e+00 -9.518286212225258724e-01 -7.980560998940211537e-01 -6.100185769934838298e-01 -4.083145784432973824e-01 -2.039273547494688255e-01
-4.253007080780058652e-02 -8.605169783643154546e-02 -1.315664659352275834e-01 -1.800910580968178298e-01 -2.326504921480620769e-01 -2.902480641005367734e-01 -3.537912827312991726e-01 -4.239342599521191413e-01 -5.007565617588166651e-01 -5.831210058167793919e-01 -6.674901975767495443e-01 -7.462456298680585354e-01 -8.066236359162066716e-01 -8.326588493852741246e-01 -8.113446849891418067e-01 -7.395558139996941671e-01 -6.255776370041611356e-01 -4.837269569352278809e-01 -3.272253891258525282e-01 -1.645907225424874110e-01
-3.517561131614119901e-02 -7.113097179554643545e-02 -1.086428649508979632e-01 -1.484757931843875001e-01 -1.913582507298857149e-01 -2.379327674307905316e-01 -2.886614071278935656e-01 -3.436583062366198038e-01 -4.024065496673080999e-01 -4.633039973405475020e-01 -5.230107275593900429e-01 -5.757582784644621476e-01 -6.132351484359183091e-01 -6.260262972409951221e-01 -6.068537701285865449e-01 -5.538950186743568649e-01 -4.715077578753843479e-01 -3.677276275114422788e-01 -2.507476336015304064e-01 -1.268074412178678556e-01
-2.704140195608471797e-02 -5.465371334374529572e-02 -8.339823098041232452e-02 -1.138110004957504917e-01 -1.463739425826988405e-01 -1.814632102241130474e-01 -2.192619137237200866e-01 -2.596210079245226954e-01 -3.018515873108978953e-01 -3.444422302412874504e-01 -3.847364659392993325e-01 -4.187116095574339725e-01 -4.411653803257958861e-01 -4.466613795669598930e-01 -4.311840999841065614e-01 -3.936834974004057019e-01 -3.364131801835289481e-01 -2.638147536756302869e-01 -1.808413675671002030e-01 -9.178853721851847058e-02
-1.833628359933653015e-02 -3.704424855261764099e-02 -5.648534731815803983e-02 -7.699603775863061994e-02 -9.886331053427697968e-02 -1.222841927035527299e-01 -1.473017697901901624e-01 -1.737102901716585379e-01 -2.009257705631340429e-01 -2.278312749383049896e-01 -2.526352976003474193e-01 -2.728319482027043996e-01 -2.854013860269343783e-01 -2.873603838899820295e-01 -2.765763160906312690e-01 -2.524711369120630211e-01 -2.161785658709884095e-01 -1.700612352852929610e-01 -1.169392768894629425e-01 -5.948542062929942226e-02
-9.259483698206968580e-03 -1.870165142818124362e-02 -2.850287303114001913e-02 -3.882449502775551370e-02 -4.979907032317025528e-02 -6.150847689133830815e-02 -7.395064472194347316e-02 -8.699232813022882149e-02 -1.003083460796337228e-01 -1.133151088460059019e-01 -1.251200685066556906e-01 -1.345274820055452625e-01 -1.401521216935262271e-01 -1.406689677492226342e-01 -1.351485113899120183e-01 -1.233330566667726474e-01 -1.056999911620021548e-01 -8.328069640183893840e-02 -5.735803684004460445e-02 -2.921094563220975535e-02
