-7.846299222771059350e-04 -1.567513445551338425e-03 -2.346076892998135398e-03 -3.116109484038292240e-03 -3.870991090502047104e-03 -4.601004849058749208e-03 -5.292785808048651799e-03 -5.928994450954307681e-03 -6.488314306720434008e-03 -6.945889603862188781e-03 -7.274311985851773799e-03 -7.445225650844829179e-03 -7.431561716921714425e-03 -7.210297037612004717e-03 -6.765511745774609696e-03 -6.091387590597189400e-03 -5.194686502534928176e-03 -4.096235160994150457e-03 -2.831005800201636877e-03 -1.446575489285112284e-03
-1.571004573244362545e-03 -3.139344207701895255e-03 -4.700683666689813370e-03 -6.247368803063376753e-03 -7.766850317497542636e-03 -9.240243041098751553e-03 -1.064114461536505921e-02 -1.193487809998456349e-02 -1.307837224980042123e-02 -1.402093154708255671e-02 -1.470613133361138233e-02 -1.507502811063986259e-02 -1.507072397171885410e-02 -1.464411387044126100e-02 -1.376036246777347094e-02 -1.240535160620354765e-02 -1.059112361828532314e-02 -8.359248863435508534e-03 -5.781213158349573361e-03 -2.955296658075593202e-03
-2.360041302256214203e-03 -4.718172542675683548e-03 -7.069941220434111662e-03 -9.405830710983274431e-03 -1.170879845227668428e-02 -1.395197290812358500e-02 -1.609667159076759446e-02 -1.809099901610387862e-02 -1.986936280247404360e-02 -2.135332983264426332e-02 -2.245425119644535103e-02 -2.307802971095250164e-02 -2.313218989968882783e-02 -2.253507099533652233e-02 -2.122647039373288733e-02 -1.917853177281220178e-02 -1.640520642873216986e-02 -1.296842341560825070e-02 -8.979301656297594691e-03 -4.593398295569628073e-03
-3.150987113227885026e-03 -6.303360391539647098e-03 -9.455075530530215530e-03 -1.259721230901503924e-02 -1.571053883527014777e-02 -1.876217678945450371e-02 -2.170256733302989779e-02 -2.446307929258983646e-02 -2.695474622484061653e-02 -2.906876930830334591e-02 -3.067951041203936108e-02 -3.165064607412947095e-02 -3.184493203189046190e-02 -3.113750619430039057e-02 -2.943191336774704167e-02 -2.667709542248913185e-02 -2.288274446444841723e-02 -1.812993524145173341e-02 -1.257417096066464589e-02 -6.438994758777241527e-03
-3.940545789661462246e-03 -7.889205512856121982e-03 -1.184978666239661256e-02 -1.581740205120233528e-02 -1.977396515375928407e-02 -2.368362324028795360e-02 -2.748833587016046021e-02 -3.110399943622398078e-02 -3.441776677203144119e-02 -3.728748601618208508e-02 -3.954436947106991507e-02 -4.100010785629801258e-02 -4.145938104606898544e-02 -4.073810376436899638e-02 -3.868657651168668637e-02 -3.521518770371639961e-02 -3.031873690153205625e-02 -2.409439913915244896e-02 -1.674845024284862816e-02 -8.588408704832104640e-03
-4.721990413669112548e-03 -9.463128958971332369e-03 -1.423746244883639100e-02 -1.904864202074721055e-02 -2.388429172614144405e-02 -2.871000893393503561e-02 -3.346314775443592210e-02 -3.804680778421044157e-02 -4.232483050847100220e-02 -4.611903200785871099e-02 -4.921036962645052720e-02 -5.134603000988764709e-02 -5.225437557326657878e-02 -5.166894666174476347e-02 -4.936109642517488849e-02 -4.517833797571677024e-02 -3.908261321474565397e-02 -3.118047116674119157e-02 -2.173682011813730941e-02 -1.116618846711265635e-02
-5.484287437368498205e-03 -1.100385737261774799e-02 -1.658829056344496289e-02 -2.225540790777061698e-02 -2.800454498689824989e-02 -3.380896749627640419e-02 -3.960743140187596156e-02 -4.529524809119549189e-02 -5.071570955509745182e-02 -5.565343766836437084e-02 -5.983204185417329707e-02 -6.291926122705809865e-02 -6.454313845159552476e-02 -6.432220521154703718e-02 -6.191051947177018955e-02 -5.705445152396911718e-02 -4.965290338332292719e-02 -3.980805006917548239e-02 -2.785216802862938365e-02 -1.433952376518095491e-02
-6.211301793648056797e-03 -1.247972140417178202e-02 -1.885643193724967012e-02 -2.538014907542663484e-02 -3.206950830228067623e-02 -3.891387845472697032e-02 -4.586235690459950637e-02 -5.281103794365209214e-02 -5.958931679204073489e-02 -6.594696117691196957e-02 -7.154509247724044618e-02 -7.595582704727971146e-02 -7.867670531263934453e-02 -7.916620952771542818e-02 -7.690432100851554709e-02 -7.147604157968209804e-02 -6.266649725950786121e-02 -5.054665506963084559e-02 -3.552427618408147969e-02 -1.833973698201252917e-02
-6.881197299077650154e-03 -1.384729123010539249e-02 -2.097756204830173235e-02 -2.833924380629197076e-02 -3.597945398308220744e-02 -4.391467695113574626e-02 -5.211707423498378178e-02 -6.049722476604447313e-02 -6.888355230853365763e-02 -7.699999008052468841e-02 -8.444553150748952686e-02 -9.068224182619728790e-02 -9.504163719833629009e-02 -9.676159935342275309e-02 -9.506450588754737641e-02 -8.927889182743521668e-02 -7.899038395255621181e-02 -6.418779294209733810e-02 -4.535854068537815975e-02 -2.349514549652474346e-02
-7.466195025314502354e-03 -1.505068172960319535e-02 -2.286727743220248049e-02 -3.101980349955065983e-02 -3.959438245656334010e-02 -4.864829530675048724e-02 -5.819403276631301275e-02 -6.817722809877399537e-02 -7.844766780702445985e-02 -8.872390530534206288e-02 -9.855479318727733418e-02 -1.072859605796585569e-01 -1.140459932301823576e-01 -1.177740307735281877e-01 -1.173131948510535844e-01 -1.115846123804636464e-01 -9.982832629334111030e-02 -8.185556507227088885e-02 -5.822692674012401592e-02 -3.028229211492945716e-02
-7.932900420109564865e-03 -1.602196006498052272e-02 -2.442105754030406833e-02 -3.327830490613505748e-02 -4.272997063123979561e-02 -5.289008440411036016e-02 -6.383352687733756525e-02 -7.556997883290494933e-02 -8.800597472679104472e-02 -1.008931620166333420e-01 -1.137637643446046537e-01 -1.258608016003048558e-01 -1.360823101356783138e-01 -1.429752487301536035e-01 -1.448294396651989280e-01 -1.399177103052547666e-01 -1.268823173891581446e-01 -1.051787887240417246e-01 -7.541098646538416106e-02 -3.940691090066680835e-02
-8.243446137466706181e-03 -1.668319897365362972e-02 -2.551668436205684759e-02 -3.494238238199788571e-02 -4.515710596384086423e-02 -5.634853893471348379e-02 -6.868000478854492663e-02 -8.226317639155651673e-02 -9.711308049865893799e-02 -1.130789906351820778e-01 -1.297462765349358671e-01 -1.463110741944458060e-01 -1.614468304344400251e-01 -1.732141156756690503e-01 -1.791090932636700550e-01 -1.763701129993335559e-01 -1.625987041818681700e-01 -1.365605520544242446e-01 -9.882697773237819616e-02 -5.193187195119502303e-02
-8.357685524245640069e-03 -1.695070493769529341e-02 -2.602009494371679277e-02 -3.581742873180114584e-02 -4.660752581653351823e-02 -5.866695465919671837e-02 -7.227477029018911092e-02 -8.768963443884457420e-02 -1.051041670153850943e-01 -1.245634111782005365e-01 -1.458310927164383486e-01 -1.681894531090544487e-01 -1.901760974485788291e-01 -2.093140303306853800e-01 -2.219968885278527371e-01 -2.238100688796350879e-01 -2.105226953656605393e-01 -1.795786585450308004e-01 -1.313597580437901313e-01 -6.946791386810775848e-02
-8.236592095166419061e-03 -1.674183906236154790e-02 -2.579555850196521213e-02 -3.569970593746991938e-02 -4.678860831480044502e-02 -5.943697871592244775e-02 -7.406248322127029216e-02 -9.111641413182154647e-02 -1.110505127632303857e-01 -1.342391862311195228e-01 -1.608238395838035295e-01 -1.904322595313195643e-01 -2.217249978345567085e-01 -2.517810628713964549e-01 -2.755526494823879458e-01 -2.859999013529211931e-01 -2.756412018944481290e-01 -2.394099304118662286e-01 -1.772158351621798689e-01 -9.437930018495704898e-02
-7.846844134568214599e-03 -1.598450123367613565e-02 -2.472059005890544711e-02 -3.439722242092346782e-02 -4.541021704720765023e-02 -5.822986393130717697e-02 -7.342176405723238597e-02 -9.166300989850285907e-02 -1.137421460840999238e-01 -1.405177935912182430e-01 -1.727846172946421455e-01 -2.109475923224936877e-01 -2.543383508053955189e-01 -3.000115472953056583e-01 -3.412378080604593911e-01 -3.669182589949411266e-01 -3.638944576750119397e-01 -3.224688730037560402e-01 -2.416429937586815069e-01 -1.296443313936584962e-01
-7.166284491387057108e-03 -1.462873029449584562e-02 -2.270507450315651862e-02 -3.175837040058687027e-02 -4.222516759722453467e-02 -5.465049127501227927e-02 -6.973169423687118618e-02 -8.837166174202838731e-02 -1.117366835480690379e-01 -1.412999176044462402e-01 -1.788124308436986332e-01 -2.260413602689220758e-01 -2.838958838979706578e-01 -3.503491542022625915e-01 -4.171025814312976365e-01 -4.672115664644356792e-01 -4.782544859943795856e-01 -4.326450794174432901e-01 -3.279408747629238841e-01 -1.772149309189089694e-01
-6.189564056070499636e-03 -1.265906103501142181e-02 -1.971260384944356278e-02 -2.770601162672993445e-02 -3.708158692665615430e-02 -4.841523570631851847e-02 -6.248284597130088908e-02 -8.035509191823768382e-02 -1.035310326083666577e-01 -1.341147150868265692e-01 -1.749985303598260711e-01 -2.298498734120138498e-01 -3.022219064920991793e-01 -3.924213347495451587e-01 -4.913439775824079980e-01 -5.748117330338781139e-01 -6.074116329474998910e-01 -5.601016529086776385e-01 -4.285940221349102131e-01 -2.330955161009833077e-01
-4.932911825087226733e-03 -1.010534551777737648e-02 -1.578026548995900211e-02 -2.227148048578713249e-02 -2.997992852893993296e-02 -3.944601395325505327e-02 -5.142933393402736308e-02 -6.703440284150682937e-02 -8.791255418621803097e-02 -1.165828224024639398e-01 -1.568937729100790823e-01 -2.144353933207478191e-01 -2.959264847207150884e-01 -4.052152744652809391e-01 -5.338986728983987629e-01 -6.513225352818351466e-01 -7.084678818124822142e-01 -6.638503327050906400e-01 -5.115201306219023802e-01 -2.796607175296603742e-01
-3.436738680214337059e-03 -7.049143967862797622e-03 -1.103163086983956730e-02 -1.561971299212978719e-02 -2.112062956971391681e-02 -2.795955349080100558e-02 -3.675401891884544359e-02 -4.843980614319926686e-02 -6.449201505389350053e-02 -8.731917657674290179e-02 -1.209258503729608303e-01 -1.717413937277045832e-01 -2.485428125204080518e-01 -3.584047649046153694e-01 -4.954942953481190626e-01 -6.277867219541940491e-01 -6.999957994037976361e-01 -6.642262925760332726e-01 -5.141184513766999808e-01 -2.822569629651581202e-01
-1.764899716645415432e-03 -3.622860909127887438e-03 -5.677400221905004769e-03 -8.055108882900828896e-03 -1.092332139580521472e-02 -1.451754595735757318e-02 -1.918730443764492602e-02 -2.547756596036377871e-02 -3.428178131395803047e-02 -4.714097441666350446e-02 -6.681113685003840785e-02 -9.812339756764387744e-02 -1.483900790823738380e-01 -2.247395930969272315e-01 -3.251362488207080181e-01 -4.265884769894160988e-01 -4.861790096930166949e-01 -4.659225516488856300e-01 -3.614188366519108242e-01 -1.991627652998935738e-01
