-4.578821860361550512e-03 -9.149870422019684008e-03 -1.369988881028084970e-02 -1.820474497462616983e-02 -2.262428614535735849e-02 -2.689775997675086100e-02 -3.094029836612477088e-02 -3.464118882277541361e-02 -3.786483904567890246e-02 -4.045535201697947336e-02 -4.224540596888847616e-02 -4.306951717923616918e-02 -4.278078844598238312e-02 -4.126910338745177348e-02 -3.847781382460094268e-02 -3.441579379647428244e-02 -2.916256690565725493e-02 -2.286585501589976158e-02 -1.573265151586089247e-02 -8.016028872142848954e-03
-9.165415697358639258e-03 -1.832076877407248089e-02 -2.744494038786022758e-02 -3.649480558311966882e-02 -4.539464160682395166e-02 -5.402645929190312557e-02 -6.222224745041901595e-02 -6.975962077974909303e-02 -7.636281732124219901e-02 -8.171116463828366483e-02 -8.545675697840275642e-02 -8.725187699308460665e-02 -8.678453569476626828e-02 -8.381781339734749314e-02 -7.822636082906037069e-02 -7.002279663273161536e-02 -5.936862043838184166e-02 -4.656820451533402044e-02 -3.204872200754061567e-02 -1.633146633778208984e-02
-1.376207060248699210e-02 -2.752284592588539330e-02 -4.126429679840456360e-02 -5.493489637301775946e-02 -6.843301868703331736e-02 -8.159119342601819924e-02 -9.416261638436604353e-02 -1.058122321544530675e-01 -1.161156471029734100e-01 -1.245697337450131920e-01 -1.306185832160042248e-01 -1.336967010991470250e-01 -1.332876674630346092e-01 -1.289912568032007545e-01 -1.205870210939680581e-01 -1.080804144801217476e-01 -9.172091629207783370e-02 -7.198962129368670360e-02 -4.956256830637986027e-02 -2.526111358757976780e-02
-1.836002117666305292e-02 -3.674424672371777445e-02 -5.515450491632672286e-02 -7.354746581018652141e-02 -9.181134687524343529e-02 -1.097426843131067004e-01 -1.270247948872692267e-01 -1.432110472415191460e-01 -1.577178068891113838e-01 -1.698335420661189477e-01 -1.787511442669802164e-01 -1.836286809466161629e-01 -1.836781788866166110e-01 -1.782725278535936542e-01 -1.670500542759330853e-01 -1.499909250036400854e-01 -1.274450111460661561e-01 -1.001067994989735116e-01 -6.895081582814126253e-02 -3.515042115837673647e-02
-2.293376888708420144e-02 -4.593961557169084359e-02 -6.906201261900375699e-02 -9.228911707350784255e-02 -1.155222213170500195e-01 -1.385434039712516996e-01 -1.609828342534027346e-01 -1.822893568324109870e-01 -2.017109926599884306e-01 -2.182954858260094111e-01 -2.309237743516892594e-01 -2.383887009671385449e-01 -2.395238408499521521e-01 -2.333706189304354250e-01 -2.193497402836690480e-01 -1.973882193004902197e-01 -1.679614017599657394e-01 -1.320417500954537693e-01 -9.098347443566581760e-02 -4.638975463189715792e-02
-2.743544038752133638e-02 -5.501843915793135781e-02 -8.286481627288899698e-02 -1.110247715727093881e-01 -1.394450200254092609e-01 -1.679258790166780480e-01 -1.960737848904043346e-01 -2.232525573383345729e-01 -2.485413238935491598e-01 -2.707136360899965455e-01 -2.882597613613523402e-01 -2.994784875953210856e-01 -3.026578183293019975e-01 -2.963363014644241900e-01 -2.795899968875656949e-01 -2.522507546390181932e-01 -2.149705942881172394e-01 -1.691153095973124965e-01 -1.165515729050714822e-01 -5.942512140146717636e-02
-3.178955764475091539e-02 -6.383388946630601246e-02 -9.635404660928029164e-02 -1.295001353407733979e-01 -1.633072114545778275e-01 -1.976413106558279342e-01 -2.321338744303366730e-01 -2.661057666020641421e-01 -2.984881029163646282e-01 -3.277579257630445775e-01 -3.519229767924362817e-01 -3.686072445551850651e-01 -3.752918544606160256e-01 -3.697256647297400556e-01 -3.504220217770553925e-01 -3.170532708477267203e-01 -2.705543432642287249e-01 -2.128970615745462425e-01 -1.466822943005552105e-01 -7.475913432436069594e-02
-3.588890310145031320e-02 -7.217351866112674263e-02 -1.092173477149175759e-01 -1.473145142123711282e-01 -1.866423840083989982e-01 -2.271982833145721192e-01 -2.687146391643703836e-01 -3.105485125365052279e-01 -3.515472453309764767e-01 -3.899063282953710852e-01 -4.230648434990409990e-01 -4.477304736073976499e-01 -4.601671382916174835e-01 -4.568391545308291835e-01 -4.353050583826661435e-01 -3.949746673582997247e-01 -3.372895822940600308e-01 -2.652331394422858257e-01 -1.825203056246773314e-01 -9.292882912026924347e-02
-3.959253801397723260e-02 -7.975393704032891773e-02 -1.210273133306780519e-01 -1.638981921785756801e-01 -2.087495309494828699e-01 -2.557948016345933939e-01 -3.049778607752038906e-01 -3.558261477777140414e-01 -4.072446062576730585e-01 -4.572492229260501917e-01 -5.026801272785681451e-01 -5.390353985566493922e-01 -5.607200704984469652e-01 -5.620373870002117744e-01 -5.388560403442188562e-01 -4.901478667822833923e-01 -4.183336574684972109e-01 -3.281968072540446535e-01 -2.252269028001713247e-01 -1.144332143760714987e-01
-4.272731380457542305e-02 -8.622237893837055023e-02 -1.312397777661594434e-01 -1.785014117812302181e-01 -2.286627473241333308e-01 -2.822535140303653045e-01 -3.395756205084514145e-01 -4.005318378453846528e-01 -4.643458821593710595e-01 -5.291238796619861517e-01 -5.912366812681261186e-01 -6.446847268610886861e-01 -6.810400486749291771e-01 -6.908968229318612764e-01 -6.670482264068127165e-01 -6.077171513840335937e-01 -5.172689475236125212e-01 -4.037947938282577254e-01 -2.756878852398927382e-01 -1.395587552953226618e-01
-4.509433968537979176e-02 -9.116848896801942048e-02 -1.392080092912519051e-01 -1.902049313548000720e-01 -2.451465285610109346e-01 -3.049807636967862279e-01 -3.705380102172060597e-01 -4.423703867194662687e-01 -5.204312677366029760e-01 -6.034442884287476438e-01 -6.877552048653906569e-01 -7.657206188453942186e-01 -8.247187075252052635e-01 -8.490813810410197116e-01 -8.260907327752285978e-01 -7.526902291568814407e-01 -6.369736542240596044e-01 -4.929860552120336470e-01 -3.338081057308043276e-01 -1.680178365148018993e-01
-4.648155880304724596e-02 -9.414923131957676772e-02 -1.442188422784788371e-01 -1.979637780296038818e-01 -2.567376362517622135e-01 -3.219844912994290764e-01 -3.952202510304115290e-01 -4.779434834837533175e-01 -5.713585701255176064e-01 -6.755967269716677270e-01 -7.878327483250521235e-01 -8.989591059825328134e-01 -9.905835802236194754e-01 -1.037252093932497399e+00 -1.017177148952286503e+00 -9.252564477990982139e-01 -7.760024953426547523e-01 -5.932462506867153262e-01 -3.971014574509178496e-01 -1.983235193410696207e-01
-4.668266712485122372e-02 -9.472803889361865182e-02 -1.455543552932472562e-01 -2.006936974618918623e-01 -2.618556320682771665e-01 -3.309977634396764623e-01 -4.103999200661191393e-01 -5.027136681228558945e-01 -6.108438141122567444e-01 -7.371362160064947044e-01 -8.806449837992533780e-01 -1.031367598830398968e+00 -1.163987483449993476e+00 -1.239968056426309362e+00 -1.224909225857903294e+00 -1.110905148326211345e+00 -9.216431421987185679e-01 -6.945077932228493900e-01 -4.587023716376797400e-01 -2.270297648127562740e-01
-4.552107380141372228e-02 -9.252590628652061777e-02 -1.425768453322906193e-01 -1.974010119991357337e-01 -2.589931575831085908e-01 -3.297474671838950822e-01 -4.126335852078986122e-01 -5.114144104643478794e-01 -6.307565119264724185e-01 -7.755012110165294681e-01 -9.471621102869064446e-01 -1.135555369854450269e+00 -1.308781255013666600e+00 -1.414796838740178586e+00 -1.405820573614597224e+00 -1.270992361358152634e+00 -1.043890778736891845e+00 -7.762168326791166750e-01 -5.063152100030446912e-01 -2.484843950051256745e-01
-4.287572423651230674e-02 -8.727767009992394576e-02 -1.348261085818994731e-01 -1.873403204392373456e-01 -2.469680438423273727e-01 -3.163592370297848566e-01 -3.989131047698430965e-01 -4.991168365224800674e-01 -6.228308818700111216e-01 -7.766596552021679534e-01 -9.639914222496785978e-01 -1.174904783345768866e+00 -1.373550116162924217e+00 -1.499218111307924817e+00 -1.495372130785902254e+00 -1.349226667938258517e+00 -1.100897017257915556e+00 -8.114100401502839510e-01 -5.248361152606154656e-01 -2.560869652690996312e-01
-3.870415519115821823e-02 -7.888294345575908029e-02 -1.221095988295970852e-01 -1.701660806386541824e-01 -2.251788360819801937e-01 -2.898003135751440751e-01 -3.674649377287803609e-01 -4.627367610198854231e-01 -5.816015806463501470e-01 -7.308426337052964517e-01 -9.140927661645686930e-01 -1.121776075821769414e+00 -1.318531110564598929e+00 -1.444237738283126182e+00 -1.442842390005193876e+00 -1.301673292002697657e+00 -1.060525709661777283e+00 -7.798735813967596631e-01 -5.032476221346436907e-01 -2.451284169976229999e-01
-3.305795483855025751e-02 -6.744035168768312827e-02 -1.045632619890961568e-01 -1.460355322045527315e-01 -1.937802860353713408e-01 -2.501902834626500982e-01 -3.183323389875110099e-01 -4.021958120046805196e-01 -5.068311449921447664e-01 -6.376456213599803746e-01 -7.969398104990237375e-01 -9.756191038293993145e-01 -1.143248429367965668e+00 -1.249470884343390598e+00 -1.247849365547113232e+00 -1.127845049225376206e+00 -9.221683926988987201e-01 -6.809754077359492230e-01 -4.410357422629230251e-01 -2.153246149129554310e-01
-2.608731351245545046e-02 -5.325724896578105938e-02 -8.266756585015849756e-02 -1.156324736365655775e-01 -1.537160279228810267e-01 -1.988422086367602204e-01 -2.534202168581257686e-01 -3.204557734464628660e-01 -4.035005029650327035e-01 -5.059095072530441772e-01 -6.281859724535115985e-01 -7.623020783703037262e-01 -8.854420680224246443e-01 -9.617587931068402041e-01 -9.589026730450124214e-01 -8.694710978306835480e-01 -7.158886090815717029e-01 -5.331744414987420466e-01 -3.479562332209509279e-01 -1.707297884679767064e-01
-1.803405326701858213e-02 -3.683376577406244357e-02 -5.721728028059996918e-02 -8.011075418359932254e-02 -1.066088779656812618e-01 -1.380388924895908920e-01 -1.760174090528120738e-01 -2.224629093658338219e-01 -2.794476546481567403e-01 -3.485690106735720994e-01 -4.292196675648937143e-01 -5.153575832418169078e-01 -5.923746214437815016e-01 -6.387084003627483408e-01 -6.354348273421093207e-01 -5.781718081644695584e-01 -4.797488126380419216e-01 -3.607027703578203348e-01 -2.373956005445786999e-01 -1.171263877856934116e-01
-9.215134010322289723e-03 -1.882648380268819865e-02 -2.925703528815468482e-02 -4.098437872560825590e-02 -5.456972319577762381e-02 -7.068559785339570412e-02 -9.013329180469284441e-02 -1.138254644246966124e-01 -1.426711357955003368e-01 -1.772190328345245036e-01 -2.168231836687348757e-01 -2.582509926575120573e-01 -2.945038154213633352e-01 -3.157600260186683716e-01 -3.136040715183379679e-01 -2.860645945927478007e-01 -2.387288395016108344e-01 -1.807440703494785639e-01 -1.196945815639385707e-01 -5.929421363907642212e-02
