-2.549172449677629057e-03 -4.957478518724559371e-03 -7.100904776542074463e-03 -8.885392729090625316e-03 -1.025386270641542863e-02 -1.118665991968020336e-02 -1.169669619053895562e-02 -1.182140270996718916e-02 -1.161360737626195017e-02 -1.113311958968251671e-02 -1.043990091190163082e-02 -9.589260492971584185e-03 -8.628981550173357370e-03 -7.597971039720960267e-03 -6.526143534866119152e-03 -5.435013001296925932e-03 -4.338746356567978364e-03 -3.245433956765665217e-03 -2.158378329407755272e-03 -1.077392330236178397e-03
-5.239200268621555835e-03 -1.017982957765932624e-02 -1.456073288507252900e-02 -1.818679412864173187e-02 -2.094338643985987555e-02 -2.279605506366913503e-02 -2.377869852052847191e-02 -2.397526519479623724e-02 -2.349987529345226589e-02 -2.247894686723303503e-02 -2.103720330258782717e-02 -1.928816826481187865e-02 -1.732869087207673797e-02 -1.523676650367413246e-02 -1.307159110319183921e-02 -1.087514986177461583e-02 -8.674532127309649357e-03 -6.484593978972357474e-03 -4.310676979727094855e-03 -2.151181285509833931e-03
-8.227792449418978860e-03 -1.596188860019637223e-02 -2.277539048096264770e-02 -2.835765168716940926e-02 -3.253681319900415120e-02 -3.527544929457938211e-02 -3.664673528250217416e-02 -3.680103134836486961e-02 -3.593163476891515773e-02 -3.424554842317063807e-02 -3.194178011041202969e-02 -2.919749899515509950e-02 -2.616085477513787130e-02 -2.294879920342727739e-02 -1.964829845209194181e-02 -1.631945578716278641e-02 -1.299961233993074394e-02 -9.707716068267039505e-03 -6.448538319214803215e-03 -3.216641351850869305e-03
-1.171006537875119921e-02 -2.266453247300109428e-02 -3.222126612055542516e-02 -3.993160108507502748e-02 -4.557075278897949194e-02 -4.912217136596638833e-02 -5.073173198195246592e-02 -5.065044456842580228e-02 -4.918004319801467378e-02 -4.662979293703176792e-02 -4.328684036557291920e-02 -3.939917696764843463e-02 -3.516839830173774939e-02 -3.074925890981092952e-02 -2.625331932775712418e-02 -2.175473055267141548e-02 -1.729672962297389496e-02 -1.289810012113965822e-02 -8.559103255932327611e-03 -4.266845911690606702e-03
-1.594792586389074882e-02 -3.076489648843511865e-02 -4.351352541745920344e-02 -5.357671930255397674e-02 -6.069242086070902875e-02 -6.491072544505058217e-02 -6.650756765892654188e-02 -6.588893432518629079e-02 -6.350827254861940441e-02 -5.980670518019752524e-02 -5.517657343150617066e-02 -4.994392836704770328e-02 -4.436426239624885470e-02 -3.862646545410807625e-02 -3.286094636407448782e-02 -2.714937801968257680e-02 -2.153445611623776290e-02 -1.602883367783364613e-02 -1.062293630354580257e-02 -5.291633403885453307e-03
-2.131673231294378690e-02 -4.093358570998231749e-02 -5.749120134234356888e-02 -7.016930487299972985e-02 -7.871145881075733430e-02 -8.332072440298078642e-02 -8.449884367440482769e-02 -8.288943891590587476e-02 -7.915737388470103775e-02 -7.391213922598884045e-02 -6.766878133009074370e-02 -6.083563542015940628e-02 -5.371819431721217009e-02 -4.653133569266536262e-02 -3.941456257030490073e-02 -3.244733646907117797e-02 -2.566285650892263445e-02 -1.905983906054697918e-02 -1.261216722140781968e-02 -6.276762294612394343e-03
-2.838534585639485019e-02 -5.416143443861379941e-02 -7.534831230147090442e-02 -9.089776922184281127e-02 -1.006633277932428155e-01 -1.051618089208168350e-01 -1.052776084495670589e-01 -1.020125436726804780e-01 -9.631960955873390684e-02 -8.901563214363862608e-02 -8.075071698049113289e-02 -7.201157004359234892e-02 -6.314148503559642578e-02 -5.436605386413575353e-02 -4.581858639596800287e-02 -3.756249998517619676e-02 -2.960976325889342481e-02 -2.193547645726167186e-02 -1.448913553633008125e-02 -7.203243369872088485e-03
-3.806219642544744763e-02 -7.197748717717214473e-02 -9.884209100929294833e-02 -1.174096710782474157e-01 -1.278820393920037657e-01 -1.313854498746243882e-01 -1.294371543727909912e-01 -1.235634581043336955e-01 -1.150928118809162043e-01 -1.050799915989345107e-01 -9.430680193470486472e-02 -8.331837219753381041e-02 -7.247006422467164310e-02 -6.197276571676400836e-02 -5.193118330698887758e-02 -4.237427320901952094e-02 -3.327817700692393271e-02 -2.458313560281475546e-02 -1.620563757691403234e-02 -8.047069520616229391e-03
-5.187335120186428727e-02 -9.683198994268714388e-02 -1.306239065272888078e-01 -1.520117282917977097e-01 -1.620675260078857094e-01 -1.630600444510164060e-01 -1.575218584510983399e-01 -1.477112116961538379e-01 -1.354081175018609362e-01 -1.219046170507922661e-01 -1.080780531897136409e-01 -9.448496609276928193e-02 -8.144759783070530668e-02 -6.912371341630173249e-02 -5.755908151155905011e-02 -4.672518315923449017e-02 -3.654548174415647721e-02 -2.691321075844228458e-02 -1.770317507833778919e-02 -8.779386483127465252e-03
-7.248108194344311805e-02 -1.327387928281555385e-01 -1.747257807450668388e-01 -1.978990204316113111e-01 -2.052965091709894607e-01 -2.012589668705445645e-01 -1.898774413947939277e-01 -1.743510633292225664e-01 -1.569237113388539939e-01 -1.390522210729384367e-01 -1.216157318178328200e-01 -1.050957681636834479e-01 -8.971159249479941644e-02 -7.551537798932958512e-02 -6.245619933120623302e-02 -5.042184739461055137e-02 -3.926529426071176387e-02 -2.882100064678259216e-02 -1.891443675982654518e-02 -9.367290295880379564e-03
-1.044729600922568030e-01 -1.861034757667480166e-01 -2.370446151640613619e-01 -2.592298600520294150e-01 -2.598203557961029642e-01 -2.467569928979407301e-01 -2.263669641145290012e-01 -2.028898379695653897e-01 -1.788831119144590198e-01 -1.557647032081416472e-01 -1.342368060652018580e-01 -1.145706918613252218e-01 -9.678756598815910217e-02 -8.076994747064002167e-02 -6.632844563830501972e-02 -5.324064019121624303e-02 -4.127279045858507633e-02 -3.019101879083414819e-02 -1.976625739032986454e-02 -9.775339432970727924e-03
-1.547880102710722239e-01 -2.657803944953618380e-01 -3.249056117583120629e-01 -3.403667883848865983e-01 -3.272433863739857562e-01 -2.993402917791859741e-01 -2.658850291746441830e-01 -2.319474162213211177e-01 -1.999526436188865386e-01 -1.708864481854266704e-01 -1.449960001397682940e-01 -1.221625417188386270e-01 -1.020979612215488219e-01 -8.444833731932402388e-02 -6.884692314084789322e-02 -5.493942125463949916e-02 -4.239414184406589681e-02 -3.090400505036041898e-02 -2.018422718745972733e-02 -9.967818894609467920e-03
-2.304504383727128680e-01 -3.794564966100567038e-01 -4.433118494172489377e-01 -4.427868221727567222e-01 -4.063655949108439525e-01 -3.564904730782158526e-01 -3.056465482054969707e-01 -2.590181818693626514e-01 -2.180874371504538667e-01 -1.828317123679696343e-01 -1.526980767242052950e-01 -1.269854260531599610e-01 -1.049933232556478219e-01 -8.607844856980530202e-02 -6.967142080075341970e-02 -5.527590764172154308e-02 -4.246030382637947659e-02 -3.084660723426701362e-02 -2.009883886807490097e-02 -9.911720653120372621e-03
-3.304702004826801098e-01 -5.229917663379732851e-01 -5.855031250280190447e-01 -5.585091464754644575e-01 -4.894092486821758903e-01 -4.115607160007548893e-01 -3.404533182111884604e-01 -2.802554146094697329e-01 -2.305282173588480144e-01 -1.896528266177866795e-01 -1.559789265971986694e-01 -1.280876869067303914e-01 -1.048113900392558251e-01 -8.520066221002736695e-02 -6.848434061089773983e-02 -5.403243686233765580e-02 -4.132450549721619626e-02 -2.992326778186304645e-02 -1.945280368402249604e-02 -9.580238263725853257e-03
-4.345272386475091397e-01 -6.668377747753805318e-01 -7.219736801397816928e-01 -6.633380547066322075e-01 -5.588410115657793664e-01 -4.527383734199357246e-01 -3.626167527265266033e-01 -2.907032119596766329e-01 -2.340727373247755705e-01 -1.892676721276375928e-01 -1.534766767818822042e-01 -1.245749060873138220e-01 -1.009638352484389795e-01 -8.142842521197275751e-02 -6.503279226577413086e-02 -5.104494571682557935e-02 -3.888196360064635065e-02 -2.806912322157596382e-02 -1.820886421989197437e-02 -8.956427996417937187e-03
-5.026819815170257000e-01 -7.572289342596533190e-01 -8.028863526204542689e-01 -7.197858712013012195e-01 -5.901172785171845403e-01 -4.652184978308552821e-01 -3.634890752650162260e-01 -2.853012712983150068e-01 -2.257128556976806255e-01 -1.798600493124155042e-01 -1.440844675225544380e-01 -1.157713464762490374e-01 -9.304056291516565880e-02 -7.451639587678129950e-02 -5.917341532152152472e-02 -4.623255081158034185e-02 -3.508923377217967876e-02 -2.526236159408960097e-02 -1.635707819296125520e-02 -8.036606243913349545e-03
-4.979994990060766513e-01 -7.456328451363344323e-01 -7.843095610928410011e-01 -6.957677119006936417e-01 -5.630278614561871064e-01 -4.373881033765715798e-01 -3.366640464696767920e-01 -2.605361548376050607e-01 -2.035109254630638465e-01 -1.603639067147813180e-01 -1.272288425283920055e-01 -1.013853314847743825e-01 -8.091062587964936714e-02 -6.442314032593975115e-02 -5.091188924075794320e-02 -3.962257135881860209e-02 -2.998000883294278315e-02 -2.153397194556099653e-02 -1.392045076012266187e-02 -6.832905253821425044e-03
-4.157103650984733667e-01 -6.253362830301858466e-01 -6.597257732910196681e-01 -5.861428053901522883e-01 -4.740735169903299573e-01 -3.671269879148085780e-01 -2.809964815951249695e-01 -2.158879452016947142e-01 -1.673220357766292965e-01 -1.308442918231805530e-01 -1.030807046813656258e-01 -8.163041304843575430e-02 -6.479341603172558695e-02 -5.135363124988500533e-02 -4.042839713387891970e-02 -3.136581496208929593e-02 -2.367422344100433840e-02 -1.697304158368085486e-02 -1.095782103344589836e-02 -5.374558270897960080e-03
-2.854640175452561879e-01 -4.342248151826681446e-01 -4.624622431468415895e-01 -4.144598553344605585e-01 -3.375765751028321771e-01 -2.624830267702519815e-01 -2.010177964363260295e-01 -1.540925912322323177e-01 -1.189607579626604933e-01 -9.260160345801519977e-02 -7.261851754210429943e-02 -5.726211221901426895e-02 -4.527894417283526846e-02 -3.576952843076894317e-02 -2.808222732857499140e-02 -2.173804789557057249e-02 -1.637800758397171819e-02 -1.172614115482445603e-02 -7.563226019412126570e-03 -3.707503559077674794e-03
-1.427552135958448654e-01 -2.191627051591689967e-01 -2.353649435211223329e-01 -2.126211077022492624e-01 -1.743822179562956043e-01 -1.362446836590135435e-01 -1.045677584719303943e-01 -8.014892130805700843e-02 -6.177732728425937292e-02 -4.797761819801302230e-02 -3.752921186590518765e-02 -2.952051081171242972e-02 -2.329069126047118160e-02 -1.836328900748423337e-02 -1.439291767454714543e-02 -1.112614476504283911e-02 -8.373611856967800096e-03 -5.990295821987453445e-03 -3.861437177216937421e-03 -1.892233965002102858e-03
