-1.191922997379580781e-02 -2.462132234026563268e-02 -3.899338727068296651e-02 -5.615206872033336183e-02 -7.761367001042179803e-02 -1.055255412446041569e-01 -1.428921038901090623e-01 -1.933875543104228711e-01 -2.596432283751965997e-01 -3.387883229946180852e-01 -4.169686279207853730e-01 -4.699786605687858998e-01 -4.757808856612198989e-01 -4.308091413018654281e-01 -3.528155654642111672e-01 -2.669162675475388324e-01 -1.903228740024136278e-01 -1.283219398324980387e-01 -7.882348743066465435e-02 -3.747460013780618687e-02
-2.305559643506526271e-02 -4.757265463270913403e-02 -7.519985013788176020e-02 -1.079973378141333984e-01 -1.487399712344647518e-01 -2.013276560087841338e-01 -2.711796894058883245e-01 -3.648726769133657233e-01 -4.870163999226022056e-01 -6.321851883057566512e-01 -7.750560572363272005e-01 -8.716392757309336936e-01 -8.819680697153959859e-01 -7.995714580252863968e-01 -6.566172754877444007e-01 -4.986931584342258472e-01 -3.571653553306912143e-01 -2.418233869312554629e-01 -1.490391340945453613e-01 -7.100623228931662867e-02
-3.273049971150603088e-02 -6.741381673938952324e-02 -1.062354820553276791e-01 -1.518906380659838518e-01 -2.079560082256571574e-01 -2.793930191251611794e-01 -3.730323579120246036e-01 -4.971098739242542086e-01 -6.572959157122495455e-01 -8.463918315671516979e-01 -1.031679787160895367e+00 -1.156475174803647255e+00 -1.169290240131375169e+00 -1.061773243977373493e+00 -8.753318446417063248e-01 -6.686619115727726603e-01 -4.821981959715317401e-01 -3.286923630234540039e-01 -2.036978408112397054e-01 -9.739046392475143865e-02
-4.045258291283710533e-02 -8.311658693854595548e-02 -1.304369027586010366e-01 -1.853646323543730323e-01 -2.517135024600884452e-01 -3.346265541478410932e-01 -4.409902671809800001e-01 -5.788507689065977013e-01 -7.532675157586962156e-01 -9.558195564149315482e-01 -1.151910282807415919e+00 -1.282678642343552111e+00 -1.294990031939875941e+00 -1.180206500192023666e+00 -9.809440660629205055e-01 -7.579110038141061434e-01 -5.534536761022261775e-01 -3.816202192432728291e-01 -2.385959173084242491e-01 -1.146969007714498390e-01
-4.596324177174193615e-02 -9.416300205096707343e-02 -1.470301819761923035e-01 -2.074083025247384082e-01 -2.788190324868030645e-01 -3.657735478628973413e-01 -4.739597697977266932e-01 -6.095018101111071562e-01 -7.752456349663420232e-01 -9.620210971152834967e-01 -1.138581744865330148e+00 -1.253983442560163919e+00 -1.262972464254457305e+00 -1.158168549875052022e+00 -9.756446169366201904e-01 -7.674575626453290500e-01 -5.710547864880517466e-01 -4.002540771781926132e-01 -2.532843427889370225e-01 -1.226387121727801344e-01
-4.923738055285331594e-02 -1.005419632665394830e-01 -1.561119651751518012e-01 -2.184123321705823961e-01 -2.903135613295269035e-01 -3.752019225548074988e-01 -4.768998149301913458e-01 -5.988222265160955127e-01 -7.410770568397164748e-01 -8.944462742957349777e-01 -1.034122383354286523e+00 -1.122383869625473762e+00 -1.126658066555255910e+00 -1.041599210686309007e+00 -8.928777977973877400e-01 -7.184131263025487213e-01 -5.469501145370964101e-01 -3.908570443300088959e-01 -2.508183332688845857e-01 -1.224491653720257978e-01
-5.044431617535245077e-02 -1.026554872663897611e-01 -1.584630634826718620e-01 -2.198114208442539796e-01 -2.887819462653741232e-01 -3.675381343609944729e-01 -4.580633987848543032e-01 -5.613503633522672898e-01 -6.754111549236337941e-01 -7.918109164169235825e-01 -8.926793008986771971e-01 -9.532711013743798700e-01 -9.530840151752689726e-01 -8.887071227370745286e-01 -7.759909610630875143e-01 -6.391975345350675575e-01 -4.981279162607746835e-01 -3.629677633741359988e-01 -2.362008057054361398e-01 -1.162673838694364414e-01
-4.988439712951669991e-02 -1.011725996405340444e-01 -1.552732415936812493e-01 -2.135865519057970341e-01 -2.774475043213140424e-01 -3.479809124623859939e-01 -4.257824043104164735e-01 -5.102622255703018750e-01 -5.984374355814101598e-01 -6.832544736326870982e-01 -7.526159649989260236e-01 -7.914748532841423545e-01 -7.879967332173734018e-01 -7.401589977136303622e-01 -6.568404883623830681e-01 -5.523030785718899827e-01 -4.392831516571883976e-01 -3.256125768024650258e-01 -2.145376660164252658e-01 -1.063877828869876502e-01
-4.792067342023776516e-02 -9.687727126079748174e-02 -1.478707090741309682e-01 -2.018134453522245353e-01 -2.594348872326781574e-01 -3.211141274704688575e-01 -3.865953067632548201e-01 -4.545305891140157262e-01 -5.218302904759549721e-01 -5.829980114772215227e-01 -6.300810134012955199e-01 -6.541829920441336599e-01 -6.486890602603789802e-01 -6.124168077285478962e-01 -5.501227872333459556e-01 -4.699034762114487340e-01 -3.797170916260525497e-01 -2.853039170486753595e-01 -1.898787594082708974e-01 -9.473547968793492868e-02
-4.492102581748707441e-02 -9.054510364089249363e-02 -1.375188697010467365e-01 -1.863614864654482561e-01 -2.373630290599618442e-01 -2.904349210158686523e-01 -3.448965179840876027e-01 -3.991948099021154772e-01 -4.505987045263571966e-01 -4.950169855950893316e-01 -5.272465514258476427e-01 -5.419780592004361797e-01 -5.354617472220744023e-01 -5.069858506724487235e-01 -4.591088035306556403e-01 -3.964626692292501642e-01 -3.240309282104900657e-01 -2.459167719157684673e-01 -1.649200897954518630e-01 -8.267269754023252870e-02
-4.121832696521260386e-02 -8.286324944865414155e-02 -1.252981799250281747e-01 -1.687505771238452246e-01 -2.132205482160577925e-01 -2.583640036102390347e-01 -3.033500019889942001e-01 -3.467074843859245803e-01 -3.862077543254248124e-01 -4.188778902935519910e-01 -4.412813651617644717e-01 -4.501567014000172895e-01 -4.432935547025624312e-01 -4.202448405112044205e-01 -3.824380978369655848e-01 -3.326142134850155196e-01 -2.739606927622118548e-01 -2.093948148196058678e-01 -1.412087041940889021e-01 -7.103470822773287618e-02
-3.708903331172795637e-02 -7.439138947150870929e-02 -1.120600274195045626e-01 -1.501220940894019418e-01 -1.884045504317968245e-01 -2.264502581260423308e-01 -2.634304058725615016e-01 -2.980707051316925371e-01 -3.286258806730744109e-01 -3.529550790356696943e-01 -3.687529646260280791e-01 -3.739482639092555627e-01 -3.671801017860487071e-01 -3.481585334520026498e-01 -3.177226722680704940e-01 -2.775673225873037664e-01 -2.297931596472830018e-01 -1.764905760814837743e-01 -1.194847095770796147e-01 -6.025735882803821830e-02
-3.274641866619874137e-02 -6.555324896639259935e-02 -9.842845022002032207e-02 -1.312732252633440344e-01 -1.638253028873228323e-01 -1.956020468963248493e-01 -2.258504912292974842e-01 -2.535183219183308467e-01 -2.772676746838538264e-01 -2.955580397899600364e-01 -3.068170977334037652e-01 -3.096894665056936780e-01 -3.033056550025771125e-01 -2.874751459700602974e-01 -2.627199292748088055e-01 -2.301361581698840586e-01 -1.911529886181702331e-01 -1.472893472764201239e-01 -9.998214840986537066e-02 -5.051001161374736592e-02
-2.834339302444623121e-02 -5.664674222070360810e-02 -8.482730255710509149e-02 -1.127170595242073942e-01 -1.400213936846619600e-01 -1.662821393145017534e-01 -1.908511812467240942e-01 -2.128843633355247955e-01 -2.313682689207335885e-01 -2.451918513220028017e-01 -2.532670864198574012e-01 -2.546857017713453630e-01 -2.488767093520087292e-01 -2.357155232307392989e-01 -2.155451758144027452e-01 -1.891041382402930404e-01 -1.573932025346670982e-01 -1.215316556882950483e-01 -8.264452257377212507e-02 -4.180054029133457860e-02
-2.398041283534272858e-02 -4.786302478299749724e-02 -7.151696243541147413e-02 -9.474631954272108580e-02 -1.172610785197413519e-01 -1.386539393814243681e-01 -1.583877365075370691e-01 -1.757996818370007874e-01 -1.901291802182771551e-01 -2.005739859694809224e-01 -2.063736464755660249e-01 -2.069094768013449159e-01 -2.017998856418455333e-01 -1.909650057293358072e-01 -1.746410798695234023e-01 -1.533420020113021864e-01 -1.277840241588756864e-01 -9.879955026784090211e-02 -6.726374779062305187e-02 -3.404762786696864663e-02
-1.971523461359135990e-02 -3.930798380455730739e-02 -5.863120531801063740e-02 -7.749018093790593920e-02 -9.562266512053868572e-02 -1.126848076361058326e-01 -1.282461476077066953e-01 -1.417974522330022191e-01 -1.527747879000118103e-01 -1.606012699192283788e-01 -1.647440388703500236e-01 -1.647786755738590569e-01 -1.604483509933143370e-01 -1.517035358899918862e-01 -1.387121368062105287e-01 -1.218387676849724405e-01 -1.016013430698654851e-01 -7.861877548512764824e-02 -5.356329195258172776e-02 -2.712622450398411919e-02
-1.557254241885720411e-02 -3.102247266549281596e-02 -4.620969604413732723e-02 -6.096053732462158176e-02 -7.505459714294410167e-02 -8.821648324807802866e-02 -1.001146000425407051e-01 -1.103691977531118251e-01 -1.185712565612312558e-01 -1.243122728446407754e-01 -1.272225714192615764e-01 -1.270128415512614961e-01 -1.235113146802378908e-01 -1.166886563359540996e-01 -1.066651704696521125e-01 -9.369959455656355629e-02 -7.816380996070293463e-02 -6.051092065751021570e-02 -4.124442290243784254e-02 -2.089397969554364007e-02
-1.155246309327605941e-02 -2.299966825262666700e-02 -3.422457153095157661e-02 -4.508767756653148107e-02 -5.541870660221216716e-02 -6.501193250941905699e-02 -7.362657653219641107e-02 -8.099348840196646249e-02 -8.682877417700628209e-02 -9.085400174010109520e-02 -9.282113834488670001e-02 -9.253881264906053949e-02 -8.989541549023361000e-02 -8.487461144320734840e-02 -7.756030010885830994e-02 -6.813063636354350916e-02 -5.684338638114062175e-02 -4.401667820816546062e-02 -3.000950142794971826e-02 -1.520527252254197208e-02
-7.637642338731208055e-03 -1.519916761592282617e-02 -2.260124657026760589e-02 -2.974689686094655547e-02 -3.652062292763371548e-02 -4.278596640546965257e-02 -4.838628888473675560e-02 -5.314940900783162586e-02 -5.689635429752015749e-02 -5.945382604718181530e-02 -6.066917271589765404e-02 -6.042585884116473405e-02 -5.865692782229028207e-02 -5.535407768631979419e-02 -5.057078640919513562e-02 -4.441926826726555477e-02 -3.706242423783780854e-02 -2.870290626973039105e-02 -1.957163304709209906e-02 -9.917609282908107504e-03
-3.798939079945597760e-03 -7.558114262766635165e-03 -1.123435035377398465e-02 -1.477804222346492530e-02 -1.813092173945127575e-02 -2.122502339805778376e-02 -2.398320458565389099e-02 -2.632150580062290329e-02 -2.815340925278226811e-02 -2.939577589953760658e-02 -2.997586793407541056e-02 -2.983852171641496881e-02 -2.895235900383689304e-02 -2.731398444766260786e-02 -2.494949964349032351e-02 -2.191322611393357531e-02 -1.828413519160305631e-02 -1.416088916082588502e-02 -9.656513597998737583e-03 -4.893530962804214061e-03
