-4.926369841557933470e-03 -1.003355061953513198e-02 -1.551260351539146889e-02 -2.157561075712651627e-02 -2.846728775687044563e-02 -3.647747271189001605e-02 -4.595348277699053824e-02 -5.730936689711605553e-02 -7.102472212326448042e-02 -8.761684260730749629e-02 -1.075521108724927094e-01 -1.310284058318514633e-01 -1.575151478340199029e-01 -1.849616555881969104e-01 -2.088998936522512839e-01 -2.223524536914618654e-01 -2.177065709284363160e-01 -1.902453386564537663e-01 -1.407411223152998658e-01 -7.479972954687195974e-02
-9.671921438270839749e-03 -1.969521467285660979e-02 -3.044124925417546548e-02 -4.232255057876555676e-02 -5.581607043046014904e-02 -7.148911923948146618e-02 -9.002707943154496240e-02 -1.122591911489573963e-01 -1.391720036795603133e-01 -1.718848726674830074e-01 -2.115264605006296206e-01 -2.588657062056876068e-01 -3.133969416634708183e-01 -3.715278488050611783e-01 -4.242068854620643092e-01 -4.561795577506718158e-01 -4.500738955185280554e-01 -3.949235056964298107e-01 -2.925356881963816491e-01 -1.555706511542979675e-01
-1.406608693454260671e-02 -2.863412389551264065e-02 -4.423463175406176784e-02 -6.145728508614023422e-02 -8.098535932530596948e-02 -1.036358838892374873e-01 -1.304065125684953086e-01 -1.625281183728288503e-01 -2.015168657957752685e-01 -2.492040051287547908e-01 -3.076721570426522168e-01 -3.788666084066932838e-01 -4.632764088577365214e-01 -5.567554400419096883e-01 -6.456722543730931685e-01 -7.044583409974789490e-01 -7.023990809949171021e-01 -6.196941141773465445e-01 -4.597040697793701725e-01 -2.446489242517261575e-01
-1.795830239109377779e-02 -3.654055373717830790e-02 -5.640588222703301485e-02 -7.828662879699253840e-02 -1.030322295071349342e-01 -1.316625836225218948e-01 -1.654349528395433200e-01 -2.059293620285809756e-01 -2.551569682485910762e-01 -3.156875664256417746e-01 -3.907372780110048849e-01 -4.839096618008926765e-01 -5.975900019861613011e-01 -7.281842908106122003e-01 -8.579317621760649271e-01 -9.496980376467987206e-01 -9.567215138557847443e-01 -8.483521498113921755e-01 -6.300132322101410498e-01 -3.354753732541091993e-01
-2.122657466989728153e-02 -4.316392022711536269e-02 -6.656175136867274744e-02 -9.225115579647739927e-02 -1.211944098609915726e-01 -1.545473194565588071e-01 -1.937413321439783453e-01 -2.405963203225296720e-01 -2.974810641108572296e-01 -3.675401542377810249e-01 -4.549535954832091833e-01 -5.648731438088897550e-01 -7.016734976291348902e-01 -8.628256066012027770e-01 -1.027544393517013432e+00 -1.148736810250337914e+00 -1.165231311369090639e+00 -1.036536822793294066e+00 -7.700921944209055958e-01 -4.101643218404451563e-01
-2.378408872214402697e-02 -4.832681422978559599e-02 -7.442607336584020072e-02 -1.029618701702252753e-01 -1.349469590109593498e-01 -1.715909891921167663e-01 -2.143866491730302970e-01 -2.652317774679054940e-01 -3.266105343038596120e-01 -4.018645506439574855e-01 -4.955354672061320076e-01 -6.134062886046632856e-01 -7.607149471865080059e-01 -9.354250609609310319e-01 -1.115405912051463888e+00 -1.249017118825803463e+00 -1.268453910854117517e+00 -1.128717987971925130e+00 -8.382880689098436422e-01 -4.464082636327554865e-01
-2.558298375012485124e-02 -5.193320524036531410e-02 -7.985388960570771744e-02 -1.102233156957120180e-01 -1.440406006397050298e-01 -1.824830520535460632e-01 -2.269824015089371705e-01 -2.793315544131226846e-01 -3.418408856474743907e-01 -4.175672872703193317e-01 -5.105884949852999011e-01 -6.259651960644100344e-01 -7.679852849241338708e-01 -9.338798805150122506e-01 -1.102081280410475372e+00 -1.223834406177136458e+00 -1.235830377462018292e+00 -1.096270635740649313e+00 -8.131600491140558162e-01 -4.327288441544345221e-01
-2.661465533341934517e-02 -5.396915827210937294e-02 -8.283298823697710089e-02 -1.140369256996833364e-01 -1.485090928109000785e-01 -1.873182457353913255e-01 -2.317282586494767704e-01 -2.832693116118043530e-01 -3.438328451714440792e-01 -4.157923776219561995e-01 -5.020994440288557570e-01 -6.060446710661712144e-01 -7.296225770346626005e-01 -8.685336059469753733e-01 -1.003459199440205341e+00 -1.094447741243731675e+00 -1.091353903726353769e+00 -9.615514540559638723e-01 -7.114481787287081360e-01 -3.780868744811708426e-01
-2.690649331190459251e-02 -5.449581189784783591e-02 -8.347201592649862445e-02 -1.145823503080681260e-01 -1.486406541908323331e-01 -1.865526339744778273e-01 -2.293430699614271706e-01 -2.781833945273852748e-01 -3.344144348698581681e-01 -3.995462320132904255e-01 -4.751691918313181162e-01 -5.625415328572676010e-01 -6.612000737010853557e-01 -7.655518960883103130e-01 -8.596053038963160642e-01 -9.143290518286153468e-01 -8.953042864346714147e-01 -7.807539422765440440e-01 -5.752913066786118357e-01 -3.050495656594336968e-01
-2.651551543343632147e-02 -5.363561028271939674e-02 -8.197694761272460162e-02 -1.121798607143243698e-01 -1.449185980477341873e-01 -1.809086488494886791e-01 -2.209080212098007145e-01 -2.657061873473944846e-01 -3.160879230604137780e-01 -3.727454840680747283e-01 -4.360775620157791854e-01 -5.057256618439124329e-01 -5.795285487914109135e-01 -6.515143629577824225e-01 -7.093315192717775108e-01 -7.336594530195974517e-01 -7.033098201176823938e-01 -6.055051502550257148e-01 -4.435240469923436013e-01 -2.344348676206403637e-01
-2.551997128010308202e-02 -5.155418099749771443e-02 -7.862033721929226338e-02 -1.072416024548921848e-01 -1.379453027929506692e-01 -1.712554221651902409e-01 -2.076742723888446440e-01 -2.476452339516329870e-01 -2.914827920055088062e-01 -3.392455883316869425e-01 -3.905097336798173946e-01 -4.439668660153239799e-01 -4.967355223880849935e-01 -5.433402559253214248e-01 -5.747536574569344081e-01 -5.787702528993486917e-01 -5.431948850005092755e-01 -4.612324352892486212e-01 -3.353776675897606196e-01 -1.765703185772586059e-01
-2.401018911313867674e-02 -4.844082890316338957e-02 -7.370864498736505455e-02 -1.002209530580609048e-01 -1.283656335965204787e-01 -1.584935244312905001e-01 -1.908884568725443820e-01 -2.257176804859243047e-01 -2.629516335870464849e-01 -3.022371240771065115e-01 -3.427017256135766465e-01 -3.826642357107292169e-01 -4.192400684304132263e-01 -4.479089191381981361e-01 -4.623266776639055609e-01 -4.549533678810513959e-01 -4.189784482458125403e-01 -3.510637108944857920e-01 -2.532592486357781447e-01 -1.327552615290295557e-01
-2.207996756564219176e-02 -4.449031314169129420e-02 -6.755249067353229220e-02 -9.156797360957473486e-02 -1.168027962297905065e-01 -1.434646241666374944e-01 -1.716684152148753584e-01 -2.013854326592251498e-01 -2.323688250821358547e-01 -2.640479909784654300e-01 -2.953853180995251182e-01 -3.246964060531859486e-01 -3.494580399700914497e-01 -3.661814703465248177e-01 -3.705183795458084628e-01 -3.578340336040432001e-01 -3.243577215471036834e-01 -2.685971081622932077e-01 -1.922927816372431153e-01 -1.003615541458213051e-01
-1.981937357092964508e-02 -3.988800164624060896e-02 -6.044306260847009254e-02 -8.169569029299011964e-02 -1.038130003774992843e-01 -1.268938057322415713e-01 -1.509351940782741874e-01 -1.757868871808489220e-01 -2.010902895223748155e-01 -2.262005070953404251e-01 -2.500934450156676037e-01 -2.712693068956271158e-01 -2.876814730448227220e-01 -2.967479109204572141e-01 -2.955327537674433125e-01 -2.811841252417678350e-01 -2.516241809998057133e-01 -2.063036191576235190e-01 -1.466910370168324484e-01 -7.625758562533996310e-02
-1.730954283731723012e-02 -3.479928192168617318e-02 -5.263611823042767951e-02 -7.095877646303397346e-02 -8.985975990311997896e-02 -1.093624523828042039e-01 -1.293917325837851406e-01 -1.497367037153794211e-01 -1.700050347147003538e-01 -1.895703655144400646e-01 -2.075185022697792203e-01 -2.226048514592151584e-01 -2.332464945589908800e-01 -2.375840979812688103e-01 -2.336551749117277144e-01 -2.197041393047444724e-01 -1.946003038199015100e-01 -1.582545592410813662e-01 -1.118765001762906802e-01 -5.795969294852955367e-02
-1.461951484841155467e-02 -2.936348424223408568e-02 -4.434338559568185012e-02 -5.964359163928915214e-02 -7.530486842903670597e-02 -9.130456885613431883e-02 -1.075326390003318727e-01 -1.237632473922511273e-01 -1.396228514055279646e-01 -1.545575050419771834e-01 -1.678053851571525701e-01 -1.783850522327552202e-01 -1.851152106900020300e-01 -1.866857181492117823e-01 -1.817973045423521283e-01 -1.693729760525183592e-01 -1.488134154553140132e-01 -1.202331899402619420e-01 -8.459743409525082025e-02 -4.370292095651668457e-02
-1.180503379937117639e-02 -2.369175675803856032e-02 -3.573037714647540192e-02 -4.796736857850022323e-02 -6.041159699625604090e-02 -7.301835184068300455e-02 -8.567104276302101029e-02 -9.816083393219451891e-02 -1.101656735483070026e-01 -1.212314598602312748e-01 -1.307605219779756078e-01 -1.380147777720346358e-01 -1.421435868681303338e-01 -1.422462125746215000e-01 -1.374752367631179306e-01 -1.271767963217055597e-01 -1.110468784249568075e-01 -8.926703253141914096e-02 -6.257689829155281547e-02 -3.225443183324211427e-02
-8.908860238273115864e-03 -1.786811625933185793e-02 -2.691901028636684359e-02 -3.608394534038102813e-02 -4.535582792055308649e-02 -5.468623542791457154e-02 -6.397236498302652508e-02 -7.304340006368445493e-02 -8.164757153591303829e-02 -8.944219310524630095e-02 -9.599048487884725978e-02 -1.007699746921964096e-01 -1.031981632883305772e-01 -1.026803150190840480e-01 -9.868066501752853492e-02 -9.081210240494522190e-02 -7.893028969478844969e-02 -6.321115193258812492e-02 -4.418870268132218254e-02 -2.273789819864904457e-02
-5.962271890951140012e-03 -1.195283230868821392e-02 -1.799361616378465992e-02 -2.409359450647322043e-02 -3.024157383345733169e-02 -3.639841580019446271e-02 -4.248878449743052205e-02 -4.839285056091077036e-02 -5.393903518365111144e-02 -5.889928590084259064e-02 -6.298929467664063364e-02 -6.587649659815522640e-02 -6.719881187933791911e-02 -6.659623667399638958e-02 -6.375503711981789223e-02 -5.846067333299610064e-02 -5.065106360442449274e-02 -4.045859256163364392e-02 -2.822888659222281410e-02 -1.450846100117064198e-02
-2.987399350885367594e-03 -5.987319078517075281e-03 -9.009050491948791817e-03 -1.205527742711519010e-02 -1.511847968302844694e-02 -1.817709947700500359e-02 -2.119152118618570016e-02 -2.410020628246797164e-02 -2.681647465797129537e-02 -2.922667296038023929e-02 -3.119096912374889202e-02 -3.254795344872681018e-02 -3.312438301161297477e-02 -3.275079522447208596e-02 -3.128257655377768981e-02 -2.862448882193862829e-02 -2.475470369890038491e-02 -1.974327670873067889e-02 -1.375980431135171052e-02 -7.067066463849428805e-03
