-1.080215048878077275e-02 -2.039460171655374868e-02 -2.791516463266896855e-02 -3.299076450804498684e-02 -3.568615811846533731e-02 -3.635114313185188600e-02 -3.545818722698110270e-02 -3.348186628362644773e-02 -3.083121707075198864e-02 -2.782443240237588225e-02 -2.468961256814969710e-02 -2.157797364002861720e-02 -1.858081118208486024e-02 -1.574553024325960754e-02 -1.308890015813254579e-02 -1.060717849817543849e-02 -8.283350577295031311e-03 -6.092154693365341503e-03 -4.003421339349511228e-03 -1.984181032100052876e-03
-2.281357644014692099e-02 -4.286073798503360621e-02 -5.827504218500768191e-02 -6.836160252310358176e-02 -7.340267787464445359e-02 -7.426018854331917218e-02 -7.199972605813877158e-02 -6.763805165066262559e-02 -6.201856360364475795e-02 -5.577689408634006751e-02 -4.935601908821245221e-02 -4.304144528377006756e-02 -3.699971766667079637e-02 -3.131239018568915400e-02 -2.600290206345922533e-02 -2.105647133338817492e-02 -1.643406402600562297e-02 -1.208184798385256338e-02 -7.937353419959321948e-03 -3.933310238363893485e-03
-3.758572765171140639e-02 -6.995475653316490794e-02 -9.395938545390458696e-02 -1.087762671883142629e-01 -1.153020899248696912e-01 -1.152869946610843438e-01 -1.106423830141574083e-01 -1.030520246306470683e-01 -9.382807530294530463e-02 -8.390854198343261627e-02 -7.391609274027133303e-02 -6.423203027693863421e-02 -5.506418507420503261e-02 -4.650137806212429475e-02 -3.855383004228042643e-02 -3.118173442849856911e-02 -2.431457746900629255e-02 -1.786381526249923579e-02 -1.173082576448905914e-02 -5.811699281754780996e-03
-5.751551870566911501e-02 -1.053617638892577063e-01 -1.387975330712818700e-01 -1.574650027963750698e-01 -1.637359644315706797e-01 -1.609414308877697153e-01 -1.522303562631455998e-01 -1.400995086538648626e-01 -1.263331464959401573e-01 -1.121130902766395571e-01 -9.816774250988673234e-02 -8.490634318857773200e-02 -7.252358156167686143e-02 -6.107507588137923993e-02 -5.052929384757701148e-02 -4.080204214460279866e-02 -3.177868696014145983e-02 -2.332800078818024134e-02 -1.531042258622476900e-02 -7.582653060994344087e-03
-8.665042161157229805e-02 -1.547750365474589995e-01 -1.981371448485997055e-01 -2.184167150412439362e-01 -2.211846488797442611e-01 -2.124977898085667893e-01 -1.972348705706711558e-01 -1.787819390411362341e-01 -1.592918055075898953e-01 -1.400429036964177809e-01 -1.217353959790178491e-01 -1.047019602833094143e-01 -8.904866777723982607e-02 -7.474601405444494806e-02 -6.168619182519923666e-02 -4.971841165281569441e-02 -3.867007931765869405e-02 -2.835904421106815940e-02 -1.860018651359993461e-02 -9.208496530455577075e-03
-1.315453051375413962e-01 -2.265422634232321097e-01 -2.789693833436948101e-01 -2.960844640496217428e-01 -2.897863143097773042e-01 -2.705434015983529950e-01 -2.454104184512711506e-01 -2.184983982080403730e-01 -1.920088066670858906e-01 -1.670312333117107972e-01 -1.440289410783981427e-01 -1.231173787968749544e-01 -1.042230757475047231e-01 -8.717408384638976326e-02 -7.175101913890362393e-02 -5.771529369436984025e-02 -4.482413060011371936e-02 -3.283787004803614962e-02 -2.152277033115366708e-02 -1.065114566525559962e-02
-2.004948185813355821e-01 -3.299995933647902335e-01 -3.879316945739824662e-01 -3.935715632270735398e-01 -3.699694467622415828e-01 -3.340870149907740894e-01 -2.952794754335495431e-01 -2.577782449966329881e-01 -2.232119430658267012e-01 -1.920440438416524676e-01 -1.642316566289246937e-01 -1.395154660256191781e-01 -1.175521110075715692e-01 -9.797617873614240802e-02 -8.042845473621554331e-02 -6.456755888322855685e-02 -5.007322552192773613e-02 -3.664550201133180002e-02 -2.400186515559846190e-02 -1.187331390376359340e-02
-2.976531632856711518e-01 -4.677749794844155984e-01 -5.245936990876040040e-01 -5.079944383326947532e-01 -4.577647576880626290e-01 -3.992133643187070757e-01 -3.435495561177134283e-01 -2.940747282446803390e-01 -2.510105714074507555e-01 -2.137006919616394052e-01 -1.813380609640532215e-01 -1.531606414094429103e-01 -1.284936748601362144e-01 -1.067500214202920517e-01 -8.741903168108398903e-02 -7.005320312629674528e-02 -5.425565146537751626e-02 -3.966901853970173503e-02 -2.596587546430396271e-02 -1.284025005752865121e-02
-4.112943933758608783e-01 -6.221505834536095181e-01 -6.708380773519051488e-01 -6.241041533715009360e-01 -5.417645872795533446e-01 -4.579677800460038029e-01 -3.848710753408057794e-01 -3.238349707707444680e-01 -2.730391221053418138e-01 -2.304085166946563956e-01 -1.942590516688146862e-01 -1.632952486434254280e-01 -1.365118360791074681e-01 -1.131111549202076239e-01 -9.244439201442408716e-02 -7.397052445195582970e-02 -5.722710278063021516e-02 -4.180901096285827290e-02 -2.735236663644648181e-02 -1.352182527006316574e-02
-5.068650182776479607e-01 -7.484137625384679193e-01 -7.868952784551910273e-01 -7.129645084106970288e-01 -6.033788366353393107e-01 -4.991660017485122780e-01 -4.126374896238806933e-01 -3.431079536942674424e-01 -2.868714571113464840e-01 -2.406322039606733632e-01 -2.019940899053864480e-01 -1.692493649823832158e-01 -1.411472040089247204e-01 -1.167383038189006711e-01 -9.527681345249362777e-02 -7.615733422999111657e-02 -5.887316634707231988e-02 -4.298751023736666760e-02 -2.811274353375598639e-02 -1.389468800296127585e-02
-5.418235513531799441e-01 -7.939202820944759598e-01 -8.280066544306381449e-01 -7.437250876419757573e-01 -6.240562359501450329e-01 -5.124533829841274590e-01 -4.211757117621998669e-01 -3.487194979602797340e-01 -2.906603559599935660e-01 -2.432502978333649923e-01 -2.038353219319777865e-01 -1.705607971755352392e-01 -1.420892199255321675e-01 -1.174179920925958742e-01 -9.576716307504085091e-02 -7.650876965472439006e-02 -5.912065498924139878e-02 -4.315508366972322513e-02 -2.821639091575636749e-02 -1.394419573083111388e-02
-4.979793843524021324e-01 -7.365154891373921764e-01 -7.756388084371539371e-01 -7.038638293401197066e-01 -5.964551618307718517e-01 -4.938523832526621749e-01 -4.083719059030865295e-01 -3.395174239667657079e-01 -2.837479755272243054e-01 -2.378682934572952101e-01 -1.995356777974807150e-01 -1.670691531069431190e-01 -1.392308070853849611e-01 -1.150772188625582698e-01 -9.386502913076248678e-02 -7.498986053919166894e-02 -5.794552388584976732e-02 -4.229572220413568839e-02 -2.765352804886936008e-02 -1.366569651455234319e-02
-3.977006405843104830e-01 -6.034517820532870891e-01 -6.525886288683977465e-01 -6.087726586090371761e-01 -5.295808534449629734e-01 -4.482179100139109806e-01 -3.767816291939742879e-01 -3.168732447956253973e-01 -2.669010411817598349e-01 -2.249349082282222079e-01 -1.893695314703650601e-01 -1.589492269159640536e-01 -1.326875504918156867e-01 -1.097949934142930795e-01 -8.962583160974417484e-02 -7.164006410446419060e-02 -5.537579600039063688e-02 -4.042871562861168055e-02 -2.643628725632799284e-02 -1.306506825020518209e-02
-2.841309428467669873e-01 -4.482755284367157533e-01 -5.045099314058173468e-01 -4.900190066354748741e-01 -4.424826411921544689e-01 -3.862170027388376337e-01 -3.322596663240339754e-01 -2.840608664502519698e-01 -2.420189438388798131e-01 -2.055979195032727469e-01 -1.740580389506645453e-01 -1.466705648774186410e-01 -1.227751060688672402e-01 -1.017893173250256911e-01 -8.320319272580709025e-02 -6.656870968075681572e-02 -5.148882555885272994e-02 -3.760701469887102466e-02 -2.459782757476126902e-02 -1.215829115064876245e-02
-1.894586801802729537e-01 -3.129795179625134982e-01 -3.690461422811542325e-01 -3.752321456224150809e-01 -3.530832737841870239e-01 -3.187359304829440187e-01 -2.812877187840966409e-01 -2.449772968130043971e-01 -2.115015729953179380e-01 -1.813783638106989393e-01 -1.545939585878670641e-01 -1.308997931677481352e-01 -1.099529272250394790e-01 -9.138394545828376625e-02 -7.482886503422275792e-02 -5.994272413062742139e-02 -4.640373017828117175e-02 -3.391265275375912602e-02 -2.218970853866283899e-02 -1.097027038458028153e-02
-1.229808443138928620e-01 -2.122701095685161077e-01 -2.617663638353900923e-01 -2.779231032446807803e-01 -2.717639555415358732e-01 -2.531714299115717659e-01 -2.289197898077564297e-01 -2.030162934079416948e-01 -1.776262985225451896e-01 -1.538194311225695721e-01 -1.320395386252266878e-01 -1.123816448213698777e-01 -9.475279538258801759e-02 -7.896461898223332276e-02 -6.478556784494085563e-02 -5.196953375948708265e-02 -4.027067596107562070e-02 -2.945012460943556218e-02 -1.927806752301549492e-02 -9.533086666482561491e-03
-7.951199291605957897e-02 -1.420511070321044123e-01 -1.816852644867432975e-01 -1.998570444123857204e-01 -2.017123491663010415e-01 -1.929308302326170621e-01 -1.781305952738010678e-01 -1.605296809948679737e-01 -1.421663414089452959e-01 -1.242333367143934747e-01 -1.073630677557958629e-01 -9.183438194200939375e-02 -7.771193362490233514e-02 -6.493613018665167491e-02 -5.337920626685422471e-02 -4.287913598986822089e-02 -3.325926932703654471e-02 -2.433906971045834630e-02 -1.593933357498892103e-02 -7.884000051876166940e-03
-5.072403242929991035e-02 -9.274117000916917708e-02 -1.217490229294788812e-01 -1.374481704039919316e-01 -1.420474708806875319e-01 -1.386369808947849613e-01 -1.301263481933744026e-01 -1.188028376029685029e-01 -1.062756946688954984e-01 -9.358443017659329177e-02 -8.134496044050001928e-02 -6.988082151912530793e-02 -5.932437840541998630e-02 -4.968870972404920705e-02 -4.091596369567387231e-02 -3.290850734484516982e-02 -2.554815989244547253e-02 -1.870752698438901337e-02 -1.225618053040159264e-02 -6.063568979217597715e-03
-3.027018466623914578e-02 -5.611588745620653407e-02 -7.490717707496249989e-02 -8.603189872735295118e-02 -9.035168053855113790e-02 -8.943153793611449687e-02 -8.493237436219563952e-02 -7.827916688079336605e-02 -7.054910435734848551e-02 -6.248371842587911729e-02 -5.455149917734083975e-02 -4.701953246321968066e-02 -4.001599882639367278e-02 -3.357832695606621093e-02 -2.768740783517616849e-02 -2.229074492395027515e-02 -1.731731796218883429e-02 -1.268668516632980893e-02 -8.314270200035609945e-03 -4.114100719259146041e-03
-1.419487251808404689e-02 -2.650500069980391352e-02 -3.570550017691927203e-02 -4.140735432401280308e-02 -4.389079098857184835e-02 -4.380364519669468354e-02 -4.189208215853152534e-02 -3.883226734872108343e-02 -3.515779873611723366e-02 -3.124982123384408006e-02 -2.735777224452920486e-02 -2.362976216068360044e-02 -2.014173669337986083e-02 -1.692116435146004752e-02 -1.396458229476129319e-02 -1.124975220416700276e-02 -8.743670823354060540e-03 -6.407615587782769691e-03 -4.200112255882086122e-03 -2.078551823983211186e-03
