-3.104168051140138163e-02 -6.027729603800282415e-02 -8.593467798823049841e-02 -1.064085326384797137e-01 -1.205243134646811071e-01 -1.278276601307179183e-01 -1.287145138611736073e-01 -1.242904032878554416e-01 -1.160270847075911965e-01 -1.053976954112427755e-01 -9.363254278579841161e-02 -8.162627480211673281e-02 -6.995205026937771631e-02 -5.892489816027170202e-02 -4.867431430874769732e-02 -3.920679955461783828e-02 -3.045266742127449716e-02 -2.229802179989009286e-02 -1.460505588133467238e-02 -7.224054440171604613e-03
-6.388733961346992896e-02 -1.241271009097014294e-01 -1.770410923159748129e-01 -2.191566715248607355e-01 -2.478391481676041341e-01 -2.620521280140584164e-01 -2.627265579058840617e-01 -2.524130777319309460e-01 -2.344175214273058749e-01 -2.119303232832770723e-01 -1.875059947901293322e-01 -1.629204538485692355e-01 -1.392569903914157303e-01 -1.170732036231077883e-01 -9.656554526731485344e-02 -7.770020931354677807e-02 -6.030584947033538340e-02 -4.413437111578153577e-02 -2.889815721085354366e-02 -1.429117473583211076e-02
-1.003623930861777397e-01 -1.952531762085402967e-01 -2.788437566850493488e-01 -3.451780998177326198e-01 -3.894340076933269224e-01 -4.096448228805609215e-01 -4.076104689901935418e-01 -3.881578780808739304e-01 -3.572760953018951913e-01 -3.203930918864165145e-01 -2.815390489707265687e-01 -2.432922450080648724e-01 -2.070821905797115281e-01 -1.735453282741291903e-01 -1.428144375373039676e-01 -1.147226377129535180e-01 -8.893614578090622280e-02 -6.503547550331417737e-02 -4.256202192621833663e-02 -2.104249337675185086e-02
-1.421898059865152886e-01 -2.773548428929992760e-01 -3.972329192084640970e-01 -4.922304279871291266e-01 -5.538319509245362982e-01 -5.783664144535339835e-01 -5.691520589706162703e-01 -5.349390543665357711e-01 -4.859820753600956889e-01 -4.307812308983740013e-01 -3.749545622536810119e-01 -3.216255070405816263e-01 -2.722339289017334796e-01 -2.272114250127208190e-01 -1.864241989519288267e-01 -1.494397242612169607e-01 -1.156805997898098515e-01 -8.450936182820154019e-02 -5.527194482524470931e-02 -2.731677738057791335e-02
-1.904494550102923678e-01 -3.731306761405429051e-01 -5.371750185061296978e-01 -6.674740695459326911e-01 -7.491260670437462910e-01 -7.752905699473278123e-01 -7.519135276423610792e-01 -6.945125652929722282e-01 -6.201677990084212277e-01 -5.415683848409247325e-01 -4.658214178854805376e-01 -3.960125493306502764e-01 -3.330154508273426295e-01 -2.766421067982963722e-01 -2.262311630354491565e-01 -1.809314234325187509e-01 -1.398371266847273642e-01 -1.020493935705064498e-01 -6.669960126634705277e-02 -3.295266145919722306e-02
-2.442456213609477678e-01 -4.814690269750970253e-01 -6.983291936547704193e-01 -8.717618818544847770e-01 -9.766656161791066326e-01 -1.000866836459591402e+00 -9.544665950312988256e-01 -8.636792937826544003e-01 -7.557302903468383626e-01 -6.486489604470636605e-01 -5.505579691356685679e-01 -4.635550166234044811e-01 -3.871689473698115003e-01 -3.201099275940934574e-01 -2.609268398683836643e-01 -2.082176359445862268e-01 -1.606870290860379358e-01 -1.171514497083850637e-01 -7.652436829219673442e-02 -3.779425708485770891e-02
-2.986922177180328375e-01 -5.928275315088866737e-01 -8.671269477705230155e-01 -1.088609872682786195e+00 -1.218548516954333527e+00 -1.237402501832813639e+00 -1.160771591930458424e+00 -1.029020839991798164e+00 -8.822085044222180983e-01 -7.443005711591634821e-01 -6.236578074922313197e-01 -5.203869818386577251e-01 -4.319832477098879409e-01 -3.557005858627093065e-01 -2.891484856699176875e-01 -2.303251899303242756e-01 -1.775418628566995116e-01 -1.293449653861638848e-01 -8.445215154568080917e-02 -4.169998401901484075e-02
-3.439050639763858719e-01 -6.864858258487614995e-01 -1.011293062439494239e+00 -1.275867287814038686e+00 -1.427892984132916210e+00 -1.440337965835986722e+00 -1.334248625867172855e+00 -1.164001498917360156e+00 -9.819989137726268247e-01 -8.174091330775314912e-01 -6.781982266017185790e-01 -5.621492662851720334e-01 -4.646502191983336583e-01 -3.815580603778116475e-01 -3.096410695870401852e-01 -2.463927202716501008e-01 -1.898102193052500775e-01 -1.382343762173241231e-01 -9.023929037149854004e-02 -4.455351802857781401e-02
-3.678163373008804249e-01 -7.363333648736742898e-01 -1.088625580262914339e+00 -1.376931248043788969e+00 -1.541180490816865811e+00 -1.550022063705272402e+00 -1.427590422892270894e+00 -1.236214473619546617e+00 -1.035199954620531271e+00 -8.564796385233209852e-01 -7.076285185580252213e-01 -5.850293162719036877e-01 -4.828672680140949081e-01 -3.962360771462163367e-01 -3.214646482428324958e-01 -2.557943197709789951e-01 -1.970718885795247899e-01 -1.435430126438925480e-01 -9.371709746672315933e-02 -4.627480331348829412e-02
-3.628870230299256483e-01 -7.258130519354543120e-01 -1.071911308287996745e+00 -1.354875303208625592e+00 -1.516811971136208026e+00 -1.527580545051587801e+00 -1.410418594163970862e+00 -1.225381263402635978e+00 -1.029819772599191552e+00 -8.549115071806669963e-01 -7.083839571554063630e-01 -5.870589419704044243e-01 -4.854999463459417908e-01 -3.990490315481456940e-01 -3.241866615341560398e-01 -2.582479524199733367e-01 -1.991399696009079623e-01 -1.451486526263278953e-01 -9.481127144063569712e-02 -4.682858581631679784e-02
-3.313887126396123928e-01 -6.599098338956377319e-01 -9.693393081620113039e-01 -1.220811738319838247e+00 -1.367314573229975627e+00 -1.384740222334897242e+00 -1.291931336557553323e+00 -1.137690130712833092e+00 -9.695754081364061916e-01 -8.148093837424355002e-01 -6.816525681519137736e-01 -5.689329049893181445e-01 -4.729741185389575442e-01 -3.902684161231915749e-01 -3.179845870811970898e-01 -2.538707656175252514e-01 -1.960913342402133830e-01 -1.431003048355800056e-01 -9.355071096081273019e-02 -4.622825008268234559e-02
-2.837975574091198272e-01 -5.614908200042736386e-01 -8.182429222434421945e-01 -1.025172632275358264e+00 -1.149430746710008222e+00 -1.174658718144013791e+00 -1.113959276451143454e+00 -1.001422361714575882e+00 -8.715324614934929492e-01 -7.458417082747769156e-01 -6.328514534245408552e-01 -5.337675175902141245e-01 -4.471591324773870890e-01 -3.710623245961861549e-01 -3.036121845283901721e-01 -2.431591093977951701e-01 -1.882542384767426913e-01 -1.376104776506498484e-01 -9.006296430768109817e-02 -4.453367938033793438e-02
-2.320386678643756861e-01 -4.560540570060169774e-01 -6.592814428306722485e-01 -8.219774562319143163e-01 -9.235989742412814563e-01 -9.543552015810343736e-01 -9.223164853802533480e-01 -8.486744861187484057e-01 -7.560443309136943846e-01 -6.602422690766985847e-01 -5.692595372605343540e-01 -4.859756525977408370e-01 -4.108129956190755272e-01 -3.432075706220369393e-01 -2.822425027945320575e-01 -2.268991854030834865e-01 -1.761559914653935410e-01 -1.290243427379469676e-01 -8.455697056876131101e-02 -4.184346213257478242e-02
-1.840845166023971635e-01 -3.599231014094319558e-01 -5.171601643315147934e-01 -6.428019943109067880e-01 -7.246986137197807265e-01 -7.573598718331926438e-01 -7.453739504052050435e-01 -7.010201226563205212e-01 -6.382881322214645214e-01 -5.682089610315080863e-01 -4.976054614784976016e-01 -4.300005317178429709e-01 -3.669015447440930888e-01 -3.087115916945541438e-01 -2.552509601313114884e-01 -2.060390910546321119e-01 -1.604461641174602937e-01 -1.177739097932268136e-01 -7.729708743488102052e-02 -3.828319176362063314e-02
-1.430630005654378589e-01 -2.788190594053855942e-01 -3.992586771120485989e-01 -4.958360038575013728e-01 -5.613562902978154190e-01 -5.927188429577836537e-01 -5.924239392927137526e-01 -5.674182316807760973e-01 -5.261855132750937747e-01 -4.761972771579448538e-01 -4.228396574483873072e-01 -3.695000952406094497e-01 -3.180784970039083892e-01 -2.694859706969433000e-01 -2.240105855044154104e-01 -1.815600011209408948e-01 -1.418156440715557520e-01 -1.043280203405552303e-01 -6.857427178720734706e-02 -3.399221533323002614e-02
-1.090384851040164388e-01 -2.121878414657183964e-01 -3.034788897302899136e-01 -3.772046599289436974e-01 -4.289438895664340889e-01 -4.568342155239035196e-01 -4.622081397855934415e-01 -4.490224829124712658e-01 -4.224386788054791397e-01 -3.874362971568668934e-01 -3.480290573948741639e-01 -3.070770880896404043e-01 -2.664257251982273811e-01 -2.271431018936694024e-01 -1.897453349614945384e-01 -1.543746350461508987e-01 -1.209283615595705547e-01 -8.914822645792373768e-02 -5.867976675890636956e-02 -2.911138616420311589e-02
-8.084764303707762945e-02 -1.572639976660312466e-01 -2.249529758012705216e-01 -2.800727958492905678e-01 -3.198029107528705395e-01 -3.429469667995821980e-01 -3.501982903917317813e-01 -3.438422162054170506e-01 -3.270388744411739101e-01 -3.030589098156403760e-01 -2.747583644986522633e-01 -2.443526142964296821e-01 -2.134040692068505107e-01 -1.829152973226517154e-01 -1.534529836746810205e-01 -1.252647675686787421e-01 -9.837489842845867360e-02 -7.265673324277625855e-02 -4.788515318806382121e-02 -2.377356573798763625e-02
-5.708055999854788620e-02 -1.110470386335902504e-01 -1.589539517764306242e-01 -1.982645377306480883e-01 -2.271696168804905880e-01 -2.448820204990980742e-01 -2.517478393752787258e-01 -2.490844238357019791e-01 -2.388059713101065573e-01 -2.229991924654696756e-01 -2.035921874917338004e-01 -1.821707941039214240e-01 -1.599225840933135301e-01 -1.376610017671947295e-01 -1.158864898298075929e-01 -9.485650465566829170e-02 -7.464968303411828598e-02 -5.521861392961781301e-02 -3.643053309313806776e-02 -1.809771455356264450e-02
-3.642679947217083991e-02 -7.088755524140094577e-02 -1.015469043629624174e-01 -1.268549674521711190e-01 -1.457209226864069063e-01 -1.576563917068711240e-01 -1.628216696650801598e-01 -1.619391058078859247e-01 -1.561003690705390912e-01 -1.465393563182016967e-01 -1.344402848445145626e-01 -1.208157283191336612e-01 -1.064544416423665596e-01 -9.191960685261765795e-02 -7.757544237744926074e-02 -6.362505155004478941e-02 -5.014869349405082222e-02 -3.713747754418263158e-02 -2.452064650164299461e-02 -1.218674903816420983e-02
-1.773903573773231990e-02 -3.452934634109094958e-02 -4.949080428597780329e-02 -6.188696702252002163e-02 -7.120207267622859215e-02 -7.720036452558941276e-02 -7.994295196870193632e-02 -7.974974955357447270e-02 -7.711691770466318208e-02 -7.261752660131284842e-02 -6.681379731863069937e-02 -6.019734945465136239e-02 -5.315983190925935298e-02 -4.598751561109305774e-02 -3.887062966295417449e-02 -3.191955567312235870e-02 -2.518255161870193437e-02 -1.866196098710129828e-02 -1.232780758887487560e-02 -6.128640388091865371e-03
