-1.755599341090423966e-03 -3.496191466160904204e-03 -5.205185771966815318e-03 -6.862960824956380532e-03 -8.445694975519557612e-03 -9.924625885699808053e-03 -1.126589205324519428e-02 -1.243109013893285188e-02 -1.337864398724740445e-02 -1.406598768761906267e-02 -1.445246997875126137e-02 -1.450272893691303792e-02 -1.419019215020513904e-02 -1.350025376362746186e-02 -1.243271705699412234e-02 -1.100315878969180920e-02 -9.243073193443175628e-03 -7.198818432990384923e-03 -4.929575938069785321e-03 -2.504593166862434730e-03
-3.526205032272926223e-03 -7.023979628989889326e-03 -1.046158982124826241e-02 -1.380096198186041810e-02 -1.699519273054233073e-02 -1.998691659385312333e-02 -2.270785174113222268e-02 -2.507982586975729747e-02 -2.701749818297814743e-02 -2.843283849198866703e-02 -2.924116296509585849e-02 -2.936825407382217396e-02 -2.875778376250048840e-02 -2.737810488544996715e-02 -2.522745335211742934e-02 -2.233684475985509010e-02 -1.877031526106946388e-02 -1.462262610862717638e-02 -1.001489275704537003e-02 -5.088797504208653934e-03
-5.325240173785528684e-03 -1.061192977788214496e-02 -1.581622990105655338e-02 -2.088410299568644463e-02 -2.574719615743280288e-02 -3.031999505588324137e-02 -3.449877227304369576e-02 -3.816286196417225524e-02 -4.117868483368517657e-02 -4.340670412608351597e-02 -4.471108924986091915e-02 -4.497133826588696481e-02 -4.409458166570540127e-02 -4.202692441453779321e-02 -3.876214424845288858e-02 -3.434644924061988625e-02 -2.887871700034925007e-02 -2.250647821748237229e-02 -1.541857289482721077e-02 -7.835704518133925281e-03
-7.162824998346615374e-03 -1.428226829183953939e-02 -2.130729565307402582e-02 -2.817202210442412702e-02 -3.478949226783310811e-02 -4.104709251899400085e-02 -4.680437666669266111e-02 -5.189416120595979204e-02 -5.612767142952673066e-02 -5.930420099670168782e-02 -6.122514918978647774e-02 -6.171142479644704110e-02 -6.062227638308102795e-02 -5.787286258980918474e-02 -5.344774625608886970e-02 -4.740808814004403987e-02 -3.989162388642251283e-02 -3.110599613205462105e-02 -2.131721578555176647e-02 -1.083544780672674075e-02
-9.043790831623474413e-03 -1.804702127980279541e-02 -2.695866106824838793e-02 -3.570719567051837406e-02 -4.419165540075893628e-02 -5.227450188378075790e-02 -5.977747481709919097e-02 -6.648172856859710378e-02 -7.213363201534393754e-02 -7.645727426480768141e-02 -7.917387608368825491e-02 -8.002693145688187515e-02 -7.881023146370010057e-02 -7.539449942724227305e-02 -6.974788543713335287e-02 -6.194653047075506652e-02 -5.217369103653930057e-02 -4.070866452606836106e-02 -2.790884411298841933e-02 -1.418886970241157140e-02
-1.096531631608367065e-02 -2.190336412548923167e-02 -3.277312990003776461e-02 -4.350644226161961420e-02 -5.399542843239403533e-02 -6.408178043337317553e-02 -7.354928618805052498e-02 -8.212163943771495778e-02 -8.946784668925431006e-02 -9.521738122595452269e-02 -9.898614390331256230e-02 -1.004121888717586647e-01 -9.919721457089400452e-02 -9.514701501238087555e-02 -8.820276243676056227e-02 -7.845645429173006558e-02 -6.614794240777853440e-02 -5.164612358122049746e-02 -3.542062353423339194e-02 -1.801118503815087382e-02
-1.291410987617895058e-02 -2.582798768620449270e-02 -3.872405031531166164e-02 -5.155001135032677428e-02 -6.420183271711851769e-02 -7.650790010538015273e-02 -8.821624558969139163e-02 -9.898768984604297549e-02 -1.083987284288556729e-01 -1.159582532987601527e-01 -1.211411247773920424e-01 -1.234384596947269569e-01 -1.224194194432556698e-01 -1.177935789699388752e-01 -1.094596925640947821e-01 -9.752857812573542673e-02 -8.231549766524456913e-02 -6.430725996329406113e-02 -4.411633835758579925e-02 -2.243524480267627269e-02
-1.486313435823125549e-02 -2.977042364500678134e-02 -4.474506831089795911e-02 -5.976771621624957231e-02 -7.475398600206678568e-02 -8.953173820092762136e-02 -1.038201018566825284e-01 -1.172141423972322682e-01 -1.291811181073707626e-01 -1.390757742841767786e-01 -1.461816346110891562e-01 -1.497811005727950617e-01 -1.492484171708508833e-01 -1.441481846788975063e-01 -1.343138452389827930e-01 -1.198826653331610814e-01 -1.012782061495682284e-01 -7.915107779080989003e-02 -5.430222213208164145e-02 -2.761345448177803322e-02
-1.676800264223837073e-02 -3.364550223587087219e-02 -5.071807935612965973e-02 -6.802179401023918104e-02 -8.551465190414385409e-02 -1.030449597331326295e-01 -1.203182770577966854e-01 -1.368676547847280933e-01 -1.520358223027524769e-01 -1.649820831960281675e-01 -1.747285305541082523e-01 -1.802558803721583947e-01 -1.806449533754138081e-01 -1.752368860304737153e-01 -1.637648290220908853e-01 -1.464100242329712809e-01 -1.237635789897661154e-01 -9.671661953174005844e-02 -6.632801572685487201e-02 -3.371634985425276537e-02
-1.856337370915349394e-02 -3.732550094998635798e-02 -5.645994894153395088e-02 -7.608672264216588543e-02 -9.623786120058598625e-02 -1.168151653155173053e-01 -1.375403860937003953e-01 -1.579023705579042924e-01 -1.771124232302010992e-01 -1.940881883119921769e-01 -2.074944907657812476e-01 -2.158688787849921686e-01 -2.178385480244486028e-01 -2.123894846629222344e-01 -1.990984809125279920e-01 -1.782289702162707934e-01 -1.506494381969718521e-01 -1.176237941622380184e-01 -8.057686727019172657e-02 -4.092392819454082620e-02
-2.015999121216763626e-02 -4.063317779329330554e-02 -6.170949020288631071e-02 -8.362728096147158119e-02 -1.065348991924148503e-01 -1.304374473673154400e-01 -1.551257230729769787e-01 -1.800890008775432871e-01 -2.044232605363432986e-01 -2.267635976355996119e-01 -2.452919658264991754e-01 -2.578858128597003585e-01 -2.624497018324664088e-01 -2.573826894177874136e-01 -2.420094867460360066e-01 -2.167571818418919105e-01 -1.829810328271770925e-01 -1.425521093814359208e-01 -9.743169006205983085e-02 -4.940248670746365256e-02
-2.144341375887937051e-02 -4.333772883281132582e-02 -6.611755036008208630e-02 -9.017800793404512349e-02 -1.158370001374253166e-01 -1.432739925234616796e-01 -1.724360307395677028e-01 -2.029045271592169186e-01 -2.337274892673147642e-01 -2.632491688289823051e-01 -2.890192495117850369e-01 -3.079233731600498070e-01 -3.166777364897553348e-01 -3.126661150189126159e-01 -2.947858016402448711e-01 -2.638002078178796062e-01 -2.219609183226461668e-01 -1.721702332317310014e-01 -1.171948146081162045e-01 -5.925422449055327279e-02
-2.227593513997163516e-02 -4.515677219051807828e-02 -6.924497258547267220e-02 -9.513019477276271618e-02 -1.233610942971970353e-01 -1.543854638674199697e-01 -1.884397014891537048e-01 -2.253645362856573631e-01 -2.643282423528461877e-01 -3.034699354617947931e-01 -3.395696103584403547e-01 -3.680256942333129389e-01 -3.835440291611875718e-01 -3.816727300831405656e-01 -3.605417517410160477e-01 -3.216146792507802443e-01 -2.688513844939790509e-01 -2.069577365341262742e-01 -1.399187326459576386e-01 -7.041864991341506563e-02
-2.250355442861819155e-02 -4.576845091101576501e-02 -7.057536974101411009e-02 -9.773669914769023137e-02 -1.280916989522920824e-01 -1.624669105323163776e-01 -2.015715680150824696e-01 -2.457784529755143721e-01 -2.947181668296408041e-01 -3.466194453400621156e-01 -3.974673469785017788e-01 -4.404785621324089906e-01 -4.669175436079773811e-01 -4.689338254493382041e-01 -4.432257706101701555e-01 -3.926971627395962061e-01 -3.245902445282439208e-01 -2.467845324830708620e-01 -1.650734844851822203e-01 -8.249510475844029633e-02
-2.196983040652774472e-02 -4.483810514851638979e-02 -6.955135182438743069e-02 -9.714952219173418613e-02 -1.288020109016863035e-01 -1.658181127049507819e-01 -2.095949100526364184e-01 -2.614217525735894609e-01 -3.219745713448804447e-01 -3.902291315518026660e-01 -4.616504927083595611e-01 -5.264284422005020003e-01 -5.700924916046545832e-01 -5.786549327922941854e-01 -5.461844274438202307e-01 -4.783822030277421478e-01 -3.885512745836582904e-01 -2.899612218160070309e-01 -1.909371861952046945e-01 -9.445404985363629879e-02
-2.053766180245850115e-02 -4.206278496570398789e-02 -6.564240551873617990e-02 -9.250800037293428757e-02 -1.241484031474155009e-01 -1.624054600683232930e-01 -2.095432180344497519e-01 -2.681890702782279701e-01 -3.408465886441559567e-01 -4.283170381604934907e-01 -5.263185179974457784e-01 -6.212836472899206930e-01 -6.900226944680283303e-01 -7.085096995166313416e-01 -6.664275939003787563e-01 -5.742822586128811801e-01 -4.554092666217054441e-01 -3.313667996335350474e-01 -2.136312158841034980e-01 -1.042479968875232588e-01
-1.811803133394945808e-02 -3.723296602173330888e-02 -5.844747851246753778e-02 -8.309159933010175358e-02 -1.128772287360178678e-01 -1.501026072721133309e-01 -1.979082357674644410e-01 -2.604932993306524613e-01 -3.428513100638005962e-01 -4.487867654445182874e-01 -5.754891743981868091e-01 -7.056239642525363731e-01 -8.049926799130711075e-01 -8.360384120349511061e-01 -7.824219869010853312e-01 -6.613573828868269944e-01 -5.097949119434009857e-01 -3.598294009440951013e-01 -2.260806324097342779e-01 -1.084977053367428973e-01
-1.470149844765822507e-02 -3.030356888701561321e-02 -4.782293297599225085e-02 -6.853353646437725100e-02 -9.416422730567949873e-02 -1.271978415997643552e-01 -1.713222769448309035e-01 -2.319947574110267918e-01 -3.165919647839364748e-01 -4.323216235564322218e-01 -5.789464488447910728e-01 -7.369131214579484057e-01 -8.623298291488210587e-01 -9.047464379772320875e-01 -8.419624938362322286e-01 -6.978241980465853533e-01 -5.223372798449135157e-01 -3.569363306924788759e-01 -2.180474165529195374e-01 -1.027291026935823193e-01
-1.038439447407065071e-02 -2.145687836707062604e-02 -3.400713393537486973e-02 -4.905512272729654899e-02 -6.804471405664397343e-02 -9.316479379060745025e-02 -1.278916227979410569e-01 -1.777905785706906105e-01 -2.510954281817993072e-01 -3.570015510105056800e-01 -4.979438017633422975e-01 -6.558040372525587580e-01 -7.848470716327694552e-01 -8.305248825577812299e-01 -7.685889785969197696e-01 -6.253797558033533655e-01 -4.551942511497630295e-01 -3.013509202297925960e-01 -1.789784154675682359e-01 -8.275766132249730289e-02
-5.379202379641212159e-03 -1.113241592449838550e-02 -1.769358309587837005e-02 -2.563476391594474851e-02 -3.579001012656714276e-02 -4.947589013415304438e-02 -6.889995942720242295e-02 -9.784587572458906812e-02 -1.423729490681128473e-01 -2.099923241042570832e-01 -3.041711850444442922e-01 -4.134965747052352092e-01 -5.051848188169845155e-01 -5.386381540546504310e-01 -4.955999704234403391e-01 -3.960420398298092337e-01 -2.804697303138227737e-01 -1.799743841775071351e-01 -1.039714002407572946e-01 -4.720778964237924008e-02
