-7.500263481964691316e-03 -1.496770096545110493e-02 -2.235911902332746864e-02 -2.961105914580389187e-02 -3.663102861454949066e-02 -4.329087512135358640e-02 -4.942372453793743292e-02 -5.482620756932878731e-02 -5.926761569319591305e-02 -6.250685422931227808e-02 -6.431637382267944847e-02 -6.450992575443592614e-02 -6.296871035879603173e-02 -5.965968899971026140e-02 -5.464133641675661401e-02 -4.805584149411049749e-02 -4.011095617496969468e-02 -3.105740694564294163e-02 -2.116798073356341778e-02 -1.072247779160034366e-02
-1.503335303626126065e-02 -3.001142126974532670e-02 -4.485771658706996096e-02 -5.945408840183208365e-02 -7.362217847829470585e-02 -8.710874468438328799e-02 -9.957781285018867112e-02 -1.106134870453053809e-01 -1.197374006572176491e-01 -1.264434245793394362e-01 -1.302487139128262750e-01 -1.307546140674159252e-01 -1.277052233501649314e-01 -1.210287062599009478e-01 -1.108498132243844608e-01 -9.747107343656359613e-02 -8.133057470800246491e-02 -6.295068961109548389e-02 -4.289203500516671624e-02 -2.172192905673769880e-02
-2.262172684981932427e-02 -4.518691433953125197e-02 -6.760623701860148105e-02 -8.972539835883105996e-02 -1.112948499035586181e-01 -1.319441083957366700e-01 -1.511652903177614915e-01 -1.683125230257568050e-01 -1.826250706348225838e-01 -1.932807273425587447e-01 -1.994804373010490572e-01 -2.005545882943784164e-01 -1.960688566396811550e-01 -1.859000948555088184e-01 -1.702581353070468928e-01 -1.496480634356883999e-01 -1.247895782411208992e-01 -9.652273789623838640e-02 -6.572753585522955744e-02 -3.327319969980178233e-02
-3.026663953233620780e-02 -6.050827108736064192e-02 -9.065491795681496212e-02 -1.205464168961710297e-01 -1.498877119968760052e-01 -1.782075447422442060e-01 -2.048267123574100124e-01 -2.288462404910384107e-01 -2.491696289635874639e-01 -2.645739724831710493e-01 -2.738377127361937280e-01 -2.759144327177678879e-01 -2.701155067560125911e-01 -2.562446705962163618e-01 -2.346345648372406556e-01 -2.060734654158154766e-01 -1.716569366794113982e-01 -1.326231457874593456e-01 -9.022216693967749501e-02 -4.564333115543765806e-02
-3.793655827440665929e-02 -7.592460993533572955e-02 -1.139587450170083532e-01 -1.519176379930753107e-01 -1.895020338421045947e-01 -2.261716411341715416e-01 -2.610877667227423093e-01 -2.930760856814684789e-01 -3.206332078386819884e-01 -3.420077638133962039e-01 -3.553819046464805065e-01 -3.591497740120087601e-01 -3.522339072942738958e-01 -3.343283863331747430e-01 -3.059619082053304795e-01 -2.683542617444489853e-01 -2.231415426595324270e-01 -1.720907370046311502e-01 -1.168946499920584248e-01 -5.907795524652066643e-02
-4.555498049607399624e-02 -9.129486122632263223e-02 -1.373378117500342610e-01 -1.836633538181823011e-01 -2.300311431102342319e-01 -2.758892105368797032e-01 -3.202766003280083651e-01 -3.617370222599192164e-01 -3.982790238172512209e-01 -4.274411665771322144e-01 -4.465308677217095790e-01 -4.530667275501381042e-01 -4.453396817588371470e-01 -4.228712031602037125e-01 -3.865292760374492986e-01 -3.382395948373368988e-01 -2.804640465436277763e-01 -2.157035567911820273e-01 -1.461877285237344615e-01 -7.377383668827408592e-02
-5.298849942831637683e-02 -1.063620383837929340e-01 -1.604342834387783856e-01 -2.153668193717229729e-01 -2.710699640173206415e-01 -3.270774068055125605e-01 -3.823921314658584869e-01 -4.353152505519580773e-01 -4.833010490770844880e-01 -5.229380337729720996e-01 -5.502169097129241404e-01 -5.612228580777058884e-01 -5.531614206399170230e-01 -5.252667484606031723e-01 -4.790316164086674267e-01 -4.176048188490033564e-01 -3.447693718728572776e-01 -2.640711440103693519e-01 -1.783787532019373012e-01 -8.982964395257440893e-02
-6.003697539400962985e-02 -1.207305040503617727e-01 -1.826704605919324542e-01 -2.462996679578217663e-01 -3.118044323094116832e-01 -3.789579223944996023e-01 -4.468970438390932332e-01 -5.138212823012231478e-01 -5.766409863933564806e-01 -6.307168851179622004e-01 -6.700337177704681624e-01 -6.882451077475882917e-01 -6.806003941691318726e-01 -6.458270249231817806e-01 -5.866172465739588615e-01 -5.083280248046304628e-01 -4.169195189766851106e-01 -3.174280679810994044e-01 -2.134255118240752647e-01 -1.071658335368199794e-01
-6.642889487635696144e-02 -1.338525366914005144e-01 -2.032173807647498220e-01 -2.753569216373514261e-01 -3.508898335992591266e-01 -4.300502780659246072e-01 -5.124025709758682767e-01 -5.963707041420651667e-01 -6.785260269135531264e-01 -7.527652711929798679e-01 -8.100417077736490334e-01 -8.398290968491085584e-01 -8.337788920628905753e-01 -7.896935869608918690e-01 -7.125853599447710129e-01 -6.118446863018869308e-01 -4.970371399411805391e-01 -3.752650748852160989e-01 -2.507230744382660803e-01 -1.254072027032230308e-01
-7.182606571627671299e-02 -1.450333625062409371e-01 -2.209895885357088807e-01 -3.010206332025183729e-01 -3.863460505694080727e-01 -4.779384876348834466e-01 -5.762227349109861896e-01 -6.804348848551916573e-01 -7.873584679307541467e-01 -8.893899033429750745e-01 -9.730815261957265205e-01 -1.020940337428248634e+00 -1.018220150938096369e+00 -9.610734526412954004e-01 -8.587880921755357555e-01 -7.278397524107756977e-01 -5.835563500428515571e-01 -4.357207890893097790e-01 -2.887637113063019068e-01 -1.437351475945496115e-01
-7.584200259392971655e-02 -1.534652532975668837e-01 -2.346869260619062481e-01 -3.213893498997127951e-01 -4.155291555058451269e-01 -5.190894587476279076e-01 -6.338580853107249613e-01 -7.606861560918827259e-01 -8.975031507373302242e-01 -1.035534390169988495e+00 -1.155481690949810236e+00 -1.229309552351391499e+00 -1.232059499133708824e+00 -1.157230181413923420e+00 -1.021096517557178451e+00 -8.512994204726551661e-01 -6.715473207945219514e-01 -4.947391420462050049e-01 -3.247620197730957670e-01 -1.607521073991024785e-01
-7.807668969146577820e-02 -1.582987109175338636e-01 -2.429033769182852298e-01 -3.343189458722694019e-01 -4.352747033363242868e-01 -5.489048474754989471e-01 -6.787142679057028838e-01 -8.278627226088497437e-01 -9.964044694825541226e-01 -1.175053647571222104e+00 -1.337853567268272981e+00 -1.443422663583741716e+00 -1.453360801691021997e+00 -1.357647520547190068e+00 -1.181889051050054595e+00 -9.682679528184638951e-01 -7.507661316314567790e-01 -5.453607398316649979e-01 -3.544742750302123935e-01 -1.744620416416174102e-01
-7.816604357111782420e-02 -1.587495052255811501e-01 -2.443086376631143919e-01 -3.377046687848449524e-01 -4.423096376654712114e-01 -5.622707156772179804e-01 -7.027029597392379090e-01 -8.690928045046640849e-01 -1.063899741866735527e+00 -1.277947855443283265e+00 -1.479453360751854296e+00 -1.614418325121851350e+00 -1.631406940907287773e+00 -1.516967530447065338e+00 -1.305834659630713768e+00 -1.054190915260303063e+00 -8.055112157928503436e-01 -5.781383769703990483e-01 -3.726351801978280420e-01 -1.825172564686280141e-01
-7.583797683609606877e-02 -1.542245998173865096e-01 -2.378765394509041453e-01 -3.298755241864858578e-01 -4.339301484921799790e-01 -5.547303663412402885e-01 -6.982734704221497113e-01 -8.713561336857651440e-01 -1.077866261367292466e+00 -1.308908893710018617e+00 -1.529823695732157818e+00 -1.680026174781026560e+00 -1.701163808719961867e+00 -1.577959684476612168e+00 -1.350019949805219888e+00 -1.080923730134875749e+00 -8.190238455040043108e-01 -5.836935679040665681e-01 -3.743207542560205159e-01 -1.828035315189622256e-01
-7.096126261426430326e-02 -1.444343433972505586e-01 -2.230968377700355831e-01 -3.099835056286117663e-01 -4.087339045626202649e-01 -5.239162207782674940e-01 -6.613016686892638774e-01 -8.273177874141298682e-01 -1.025457635574842152e+00 -1.246908252331848654e+00 -1.458372669236385866e+00 -1.602117742218002405e+00 -1.622724848842133971e+00 -1.505694343122950363e+00 -1.288589487524233190e+00 -1.031845020283441494e+00 -7.816507914564356785e-01 -5.567590333629348631e-01 -3.568204951906991940e-01 -1.741707660184540762e-01
-6.357272835229732522e-02 -1.294546418353093864e-01 -2.000924459004262690e-01 -2.782210641288132558e-01 -3.670399136403205698e-01 -4.704078109189773760e-01 -5.929214097464039490e-01 -7.392460400944216303e-01 -9.110304653742739012e-01 -1.099527799848711407e+00 -1.276531993579146818e+00 -1.395188020895356429e+00 -1.411302935176588225e+00 -1.313340771532685913e+00 -1.131022626474021964e+00 -9.127415548601945927e-01 -6.964809579753270530e-01 -4.988284150485349788e-01 -3.208008462122134974e-01 -1.568690718836183995e-01
-5.387500681355671117e-02 -1.097190280150199260e-01 -1.695968761936522129e-01 -2.357637002247059410e-01 -3.107507117398348728e-01 -3.974092906798546987e-01 -4.987821827549876463e-01 -6.173627818081892649e-01 -7.527463662162069413e-01 -8.967646028919101786e-01 -1.028139671915558662e+00 -1.113971488405008481e+00 -1.124184087869422033e+00 -1.050953082773690150e+00 -9.142050913782682198e-01 -7.471057957386639803e-01 -5.769288237276501974e-01 -4.170352364515157451e-01 -2.698224519460281079e-01 -1.323714631659993479e-01
-4.220826976985497109e-02 -8.594957371295132431e-02 -1.328121385598861892e-01 -1.844836521848274846e-01 -2.427654041153602116e-01 -3.095133720820559264e-01 -3.863997538050182312e-01 -4.742368873283914765e-01 -5.713982568496831504e-01 -6.710943474476291914e-01 -7.588957246930133627e-01 -8.143750869124867231e-01 -8.196278123594014087e-01 -7.700109078590011702e-01 -6.771247302701889348e-01 -5.608858906084193130e-01 -4.387079482847108802e-01 -3.203086146024967662e-01 -2.086235314334677071e-01 -1.027235147472100874e-01
-2.900849661901734947e-02 -5.905885074656672812e-02 -9.121837198029222882e-02 -1.265923593380688106e-01 -1.663039905043295352e-01 -2.114052629447036313e-01 -2.626493018244966393e-01 -3.199977236492706489e-01 -3.817008679051059339e-01 -4.429932331151158476e-01 -4.952188394772820135e-01 -5.271267837953075297e-01 -5.292894297107013646e-01 -4.992659041191828684e-01 -4.430012010476868101e-01 -3.710701519126322068e-01 -2.933294402557664049e-01 -2.159600026671201212e-01 -1.414546912421662528e-01 -6.987052913677656296e-02
-1.476686367544407033e-02 -3.005895763038422125e-02 -4.641011268292138947e-02 -6.436311480187906220e-02 -8.444991361126692742e-02 -1.071318495196670051e-01 -1.326670018774347426e-01 -1.608573407965271373e-01 -1.906380903414657824e-01 -2.195828628846466235e-01 -2.436868180329992417e-01 -2.580530759967782362e-01 -2.587193914678049822e-01 -2.446595891299247760e-01 -2.183137311892563992e-01 -1.841514502718085977e-01 -1.465474707306136104e-01 -1.084699794602651118e-01 -7.130823513688443194e-02 -3.529519551125474830e-02
