-6.026146999679135932e-03 -1.187193451835235301e-02 -1.736228617703599111e-02 -2.233330767026370581e-02 -2.663908972995693986e-02 -3.015913189496633937e-02 -3.280549406777249349e-02 -3.452833617869075639e-02 -3.531848847374251255e-02 -3.520615809398666696e-02 -3.425568911406976641e-02 -3.255721250191138949e-02 -3.021661192836334192e-02 -2.734545281570571404e-02 -2.405224393983211584e-02 -2.043593195284284722e-02 -1.658196653827228098e-02 -1.256084798736081462e-02 -8.428782187459580091e-03 -4.229963875117035907e-03
-1.223265486302728237e-02 -2.409930745425657023e-02 -3.524390554654101282e-02 -4.533185886416953025e-02 -5.406392201381379770e-02 -6.119194620689413777e-02 -6.653450996181276000e-02 -6.998936203189151661e-02 -7.153946168336634825e-02 -7.125045453525903627e-02 -6.925938845677206968e-02 -6.575655041383547672e-02 -6.096378523644802039e-02 -5.511295758475426992e-02 -4.842759291038345459e-02 -4.110951752375123502e-02 -3.333108631879479894e-02 -2.523264265332958098e-02 -1.692431567235254050e-02 -8.491073062437144020e-03
-1.880516625195209623e-02 -3.704873757951031299e-02 -5.418217367685426028e-02 -6.968630420091379007e-02 -8.309279771034216999e-02 -9.401022363132223447e-02 -1.021512390625069350e-01 -1.073551422922068149e-01 -1.095995413169548321e-01 -1.089968130867252222e-01 -1.057748612087482387e-01 -1.002458191311387942e-01 -9.276902484306710772e-02 -8.371500300843701114e-02 -7.343565562649051470e-02 -6.224346101345221843e-02 -5.040021840379621532e-02 -3.811431940882957503e-02 -2.554476329981605204e-02 -1.281001125543432956e-02
-2.593927316918090767e-02 -5.110830369041315102e-02 -7.474974946978765744e-02 -9.613838907932867328e-02 -1.146107436342517216e-01 -1.296049144923632768e-01 -1.407050829335317887e-01 -1.476804292686252351e-01 -1.505067516680898554e-01 -1.493623982214278556e-01 -1.445974282331903282e-01 -1.366828441713891784e-01 -1.261514956304952140e-01 -1.135423777891495789e-01 -9.935656924246265287e-02 -8.402845472235594138e-02 -6.791200907064691428e-02 -5.127965448563575473e-02 -3.433040712732467192e-02 -1.720420949548431486e-02
-3.384362171545552550e-02 -6.669545420749208031e-02 -9.757013024086595709e-02 -1.255067598341905455e-01 -1.496068739969989569e-01 -1.690936101011836223e-01 -1.833837522857808544e-01 -1.921547438013816722e-01 -1.953846431861680777e-01 -1.933486038656281603e-01 -1.865696141579248069e-01 -1.757366371852256970e-01 -1.616117400100941515e-01 -1.449464465547378178e-01 -1.264197920376476381e-01 -1.066017830913673081e-01 -8.593971114405066225e-02 -6.476188542366856371e-02 -4.329300395028050363e-02 -2.167642080963627302e-02
-4.273975913243302505e-02 -8.425976058933130897e-02 -1.233285580565444545e-01 -1.587116460632547466e-01 -1.892163855202086686e-01 -2.137789020593933720e-01 -2.315815768450146528e-01 -2.421701562816051534e-01 -2.455284789861522099e-01 -2.420777665056859929e-01 -2.325957928689266208e-01 -2.180823550121414878e-01 -1.996123855159450122e-01 -1.782118803775748217e-01 -1.547743737455541391e-01 -1.300191781044229278e-01 -1.044831718274772808e-01 -7.853517588274000483e-02 -5.240330621921947957e-02 -2.620847163978228325e-02
-5.285565541831030445e-02 -1.042752718819603130e-01 -1.527726958669538559e-01 -1.967948784922211314e-01 -2.347681094144189184e-01 -2.652240176176094977e-01 -2.869934695453084106e-01 -2.994157988551526262e-01 -3.024813305779359696e-01 -2.968381819067080207e-01 -2.836534343449869655e-01 -2.643846090156812267e-01 -2.405435701372825308e-01 -2.135143213172029375e-01 -1.844466480507027939e-01 -1.542173882513352134e-01 -1.234386260098375432e-01 -9.249234503247873163e-02 -6.157657742891075453e-02 -3.075416242462431990e-02
-6.440759175268551129e-02 -1.272129733281483488e-01 -1.866920490961712642e-01 -2.409269705304631082e-01 -2.878369297075699107e-01 -3.253551753110746070e-01 -3.517519201543624074e-01 -3.660176522098473884e-01 -3.681424052718447748e-01 -3.591399249063329524e-01 -3.407950372126453686e-01 -3.152590399591951864e-01 -2.846629627747419011e-01 -2.508551915999310822e-01 -2.152805146537420111e-01 -1.789651051702949580e-01 -1.425616018642278937e-01 -1.064190029916305402e-01 -7.065649872904090911e-02 -3.523160206509701881e-02
-7.756172359539152683e-02 -1.534768874016136098e-01 -2.258551593209468245e-01 -2.923827648442105520e-01 -3.502944636154240454e-01 -3.966024258652892098e-01 -4.286339971828529438e-01 -4.447528405171843335e-01 -4.449247156856751539e-01 -4.307805115865445122e-01 -4.051261450506549733e-01 -3.711930094822761816e-01 -3.319939145994525997e-01 -2.899629485798215778e-01 -2.468551165220914390e-01 -2.038009201631079681e-01 -1.614236764598444840e-01 -1.199655689517128837e-01 -7.939881411666677158e-02 -3.951574847397300999e-02
-9.236224375307297563e-02 -1.832767439354730798e-01 -2.708649999610993619e-01 -3.524421165108237997e-01 -4.243263852947899428e-01 -4.820732000186879196e-01 -5.213566157361382292e-01 -5.393602787683194899e-01 -5.359644820530731213e-01 -5.138963945512378118e-01 -4.777203061649553106e-01 -4.323875732415986550e-01 -3.821553547052380928e-01 -3.301473076403190765e-01 -2.783760487563975983e-01 -2.279597826583686371e-01 -1.793666168794082472e-01 -1.326207844031166705e-01 -8.745744192889370883e-02 -4.343257881063530140e-02
-1.086092148633478610e-01 -2.163957927919877844e-01 -3.218568077788903636e-01 -4.221028702207673677e-01 -5.122784693861396343e-01 -5.856159770345852333e-01 -6.348245645126259218e-01 -6.548140184158576238e-01 -6.452425187719421640e-01 -6.108621329963684898e-01 -5.593547251558876887e-01 -4.984418495039343311e-01 -4.340823257960277903e-01 -3.700928644359909869e-01 -3.085416939322937480e-01 -2.502955176216951627e-01 -1.954622238187972427e-01 -1.436935133961328159e-01 -9.437759239548527967e-02 -4.675712661620383404e-02
-1.256715664270382504e-01 -2.518008121127964793e-01 -3.778998551436574260e-01 -5.013209095936904669e-01 -6.158492579157975877e-01 -7.110912630288988012e-01 -7.745126116651408488e-01 -7.967245324619087743e-01 -7.768938295972106500e-01 -7.235062348493555007e-01 -6.497414531300320650e-01 -5.677195393223241071e-01 -4.855814028143839445e-01 -4.075887770620499340e-01 -3.354006606682980451e-01 -2.692181838755787204e-01 -2.084932365943696631e-01 -1.523134564923075696e-01 -9.960229160829675576e-02 -4.921833797691067824e-02
-1.422453646631678392e-01 -2.870676151123072728e-01 -4.359244613317501127e-01 -5.872486414182426229e-01 -7.335192078383110381e-01 -8.590438454826027082e-01 -9.426524148567955175e-01 -9.674727294157061674e-01 -9.317411118350764632e-01 -8.503650265771433014e-01 -7.456068047125957721e-01 -6.361638076462816649e-01 -5.326889312075375749e-01 -4.392318655241182479e-01 -3.562467978616145059e-01 -2.826825155000228795e-01 -2.169790165941902216e-01 -1.574647852708555007e-01 -1.024997827829725455e-01 -5.051393602250899006e-02
-1.561427145626369806e-01 -3.177567187641003321e-01 -4.892359664410821929e-01 -6.711904706990163838e-01 -8.552081081325064726e-01 -1.018783198593314898e+00 -1.128441138966643331e+00 -1.156191220776269013e+00 -1.098822266498477918e+00 -9.807338938175708121e-01 -8.371971333933549975e-01 -6.955776379569265089e-01 -5.689852405530125834e-01 -4.602471330635359292e-01 -3.676489547252805856e-01 -2.882834509825842328e-01 -2.192753096794767265e-01 -1.580668762145274742e-01 -1.024181211465263197e-01 -5.033762574994507522e-02
-1.643253988204914362e-01 -3.372529836590242858e-01 -5.265825338110678988e-01 -7.358613683660428784e-01 -9.564511663518988627e-01 -1.158789918183062762e+00 -1.295574368590767245e+00 -1.325939751208448536e+00 -1.244952057988035543e+00 -1.087974741558138891e+00 -9.049683445194581788e-01 -7.324786631113138213e-01 -5.854877985981487010e-01 -4.647415624481139873e-01 -3.657617306231122911e-01 -2.835206279394015816e-01 -2.137713512028072416e-01 -1.531092562714808092e-01 -9.876819990192235721e-02 -4.841844682506585978e-02
-1.634549128227402726e-01 -3.378872233114237345e-01 -5.338073383778715320e-01 -7.573349633751957910e-01 -1.000178410553542063e+00 -1.227876679452365005e+00 -1.382781124754802971e+00 -1.414162739372829991e+00 -1.315734173673353435e+00 -1.131231784378065930e+00 -9.216383424481906506e-01 -7.300097237408975648e-01 -5.721518696780255597e-01 -4.467637515456411301e-01 -3.470306947523523200e-01 -2.662541244791449269e-01 -1.991791996962083422e-01 -1.418305342605387098e-01 -9.112697321456693367e-02 -4.456796138288356135e-02
-1.509735429828259756e-01 -3.135780723863206831e-01 -4.991355988630141738e-01 -7.147027725307874002e-01 -9.526229662989287306e-01 -1.178055194141859330e+00 -1.331755664546357298e+00 -1.361264007853860925e+00 -1.260010293746695265e+00 -1.073140971391844500e+00 -8.633354600494144160e-01 -6.742855554458420109e-01 -5.212979958033133743e-01 -4.021394058729327314e-01 -3.091955627265776663e-01 -2.352693209008126507e-01 -1.748593657830874448e-01 -1.239066179027752956e-01 -7.934119197922001598e-02 -3.872642540743288092e-02
-1.261866428453897182e-01 -2.626363728972634370e-01 -4.192390790529476052e-01 -6.020246732265094325e-01 -8.042298322131673505e-01 -9.958388240771149924e-01 -1.126202449756285473e+00 -1.150635829650131781e+00 -1.063544505529917084e+00 -9.033526947273766705e-01 -7.235741133639315148e-01 -5.617517499962206839e-01 -4.312397585483310758e-01 -3.302445783649713418e-01 -2.521856539563758215e-01 -1.907504949044049603e-01 -1.410808112095572331e-01 -9.959528206701513675e-02 -6.360474699589242775e-02 -3.099654740748677625e-02
-9.059217660086049673e-02 -1.885716417244366061e-01 -3.008783384727995447e-01 -4.314303265794859898e-01 -5.749588101049751820e-01 -7.101011444762783675e-01 -8.016027300845216530e-01 -8.186681602443302008e-01 -7.574682379544284139e-01 -6.444777726213386515e-01 -5.168584935379850753e-01 -4.011607991467748269e-01 -3.073258039304815892e-01 -2.345613270996436683e-01 -1.784251087376239608e-01 -1.344518789451108476e-01 -9.911687988668428650e-02 -6.978887508972833609e-02 -4.448596344783471712e-02 -2.165501690232580698e-02
-4.727726683632532678e-02 -9.836236143171771251e-02 -1.567576006575616965e-01 -2.243041206680194410e-01 -2.981027569699898905e-01 -3.671867177576190744e-01 -4.137803068856060751e-01 -4.224808106482345060e-01 -3.913852595933934864e-01 -3.337365320668784219e-01 -2.682403400585315345e-01 -2.084601262468347982e-01 -1.596864385416544019e-01 -1.217283918907163393e-01 -9.242394536232113877e-02 -6.950627355414717989e-02 -5.114520702252303014e-02 -3.595732909623013118e-02 -2.289521238598331634e-02 -1.113755737777565036e-02
