-1.292501271452650008e-02 -2.539792595026159339e-02 -3.697716733763057456e-02 -4.724746231089217707e-02 -5.584367052570967521e-02 -6.248098577595593422e-02 -6.698495311858503054e-02 -6.931168783436965353e-02 -6.955002471389268304e-02 -6.790293039923919749e-02 -6.465269684953159346e-02 -6.011934133324198931e-02 -5.462176542448841238e-02 -4.844835399344594312e-02 -4.183923003200405721e-02 -3.497925622555870390e-02 -2.799906469029357289e-02 -2.098126791583185963e-02 -1.396929515397082877e-02 -6.977267127286557701e-03
-2.630212421562537137e-02 -5.168953061731338533e-02 -7.526328710551564993e-02 -9.616901818138855196e-02 -1.136462298797971809e-01 -1.270953117455322079e-01 -1.361471268670124968e-01 -1.407117688896752095e-01 -1.409854933059901672e-01 -1.374089974042901341e-01 -1.305885290743726002e-01 -1.212029037076322591e-01 -1.099193632246533298e-01 -9.733241668292937077e-02 -8.392931357027266781e-02 -7.007871836619718187e-02 -5.603573735407895579e-02 -4.195671935320326867e-02 -2.791865163225153851e-02 -1.393979384066688747e-02
-4.059395885407572624e-02 -7.979480260650961831e-02 -1.162174518100252407e-01 -1.485191172393052206e-01 -1.754769308967764063e-01 -1.961069027537861442e-01 -2.097964791359310521e-01 -2.164027842885206110e-01 -2.162712030812928288e-01 -2.101590733137295997e-01 -1.990895374773447579e-01 -1.841843936166092932e-01 -1.665203942082766897e-01 -1.470326415666751152e-01 -1.264668977010973694e-01 -1.053705774486522057e-01 -8.410844388421839790e-02 -6.289124340412004244e-02 -4.180883079896897253e-02 -2.086327345202946409e-02
-5.627890621125167248e-02 -1.106782772253607772e-01 -1.612926093847616982e-01 -2.062130634972937360e-01 -2.436354375856891186e-01 -2.720588248641941376e-01 -2.905290294516194027e-01 -2.988316439528136415e-01 -2.975374710698597824e-01 -2.878665654221435055e-01 -2.714261934365682638e-01 -2.499247658261104232e-01 -2.249452190664373019e-01 -1.978109008896710153e-01 -1.695351010655335444e-01 -1.408282483730934065e-01 -1.121362352273541918e-01 -8.369100031047171928e-02 -5.556216592673521998e-02 -2.770450207501506598e-02
-7.384337678841121355e-02 -1.453467507570390116e-01 -2.120614887104786683e-01 -2.714046836713579491e-01 -3.207920781004243715e-01 -3.579626830582046115e-01 -3.814277946377021000e-01 -3.908561610589368907e-01 -3.871797865322565424e-01 -3.723432274037503098e-01 -3.488238233666692834e-01 -3.191432579304667727e-01 -2.855248873566961776e-01 -2.497307036100292754e-01 -2.130344207147040758e-01 -1.762711263762480607e-01 -1.399172532252395962e-01 -1.041743755876255312e-01 -6.904436803772558140e-02 -3.439258583406609726e-02
-9.374769545685131267e-02 -1.848032158994904472e-01 -2.701997715640287456e-01 -3.465466613147735742e-01 -4.101550443234045495e-01 -4.575567786259024938e-01 -4.863464856345925957e-01 -4.959713745665888518e-01 -4.879734107963116796e-01 -4.654984710181991336e-01 -4.323810960928248792e-01 -3.922991457418849581e-01 -3.482803489797940966e-01 -3.025526601154561179e-01 -2.566008251002669938e-01 -2.113046043020094522e-01 -1.670872898016890484e-01 -1.240448836128998922e-01 -8.204836277583209270e-02 -4.082150133322570706e-02
-1.163428816122386439e-01 -2.299128915715494825e-01 -3.373684852684271651e-01 -4.343784086072711714e-01 -5.156310058287125742e-01 -5.756265934025377451e-01 -6.102795811028126627e-01 -6.185836685466863383e-01 -6.031642955958237406e-01 -5.692578532576518802e-01 -5.228890037013790293e-01 -4.693880609308532237e-01 -4.127439635109332872e-01 -3.555987166221616924e-01 -2.995116773850171055e-01 -2.452592119655869207e-01 -1.930824287295806463e-01 -1.428695198172875713e-01 -9.428272911861471095e-02 -4.684507791211696415e-02
-1.417020924956028938e-01 -2.810980162437987095e-01 -4.148526354643289338e-01 -5.376375716144847772e-01 -6.417304616825860730e-01 -7.181168670250479558e-01 -7.595441212628598615e-01 -7.640684369294181710e-01 -7.363027295985591358e-01 -6.852203411635778840e-01 -6.204345668804656100e-01 -5.495940432202272019e-01 -4.777033386952182492e-01 -4.075857615503894471e-01 -3.405879216290365052e-01 -2.771381495922375926e-01 -2.171137121718812457e-01 -1.600680464196928832e-01 -1.053680051339960372e-01 -5.227610693006083664e-02
-1.693221417583427590e-01 -3.377246370030920208e-01 -5.026387666843601387e-01 -6.578974274473915473e-01 -7.922887064183011807e-01 -8.908390984222291920e-01 -9.404957094588054511e-01 -9.374806419541608093e-01 -8.899918356132056063e-01 -8.135568230862948447e-01 -7.235505658804186613e-01 -6.307165031594121896e-01 -5.408616565478909788e-01 -4.564487178243487597e-01 -3.781156565597883490e-01 -3.055917340827117301e-01 -2.381662577867374453e-01 -1.749209809335929844e-01 -1.148451858838183820e-01 -5.689139310305296043e-02
-1.976856733879139016e-01 -3.970630863954444090e-01 -5.974855572512413060e-01 -7.924519856777801907e-01 -9.660673547009153150e-01 -1.094085332043886138e+00 -1.153850204128208157e+00 -1.138413551644776200e+00 -1.061878283170324178e+00 -9.502983329389635969e-01 -8.276121456985207070e-01 -7.083399304704774968e-01 -5.984693221762249493e-01 -4.992145939922627562e-01 -4.098322590200819127e-01 -3.289467220670199699e-01 -2.550386340938711194e-01 -1.866044545137155730e-01 -1.222004358871877500e-01 -6.044431122965338715e-02
-2.238384972709565879e-01 -4.530689559175691827e-01 -6.901446672673547944e-01 -9.289961127105653693e-01 -1.148266759500036871e+00 -1.311472207768983100e+00 -1.382699752947678107e+00 -1.350505881940507802e+00 -1.237145948476782609e+00 -1.082927608499447025e+00 -9.227150533678406541e-01 -7.750304205883860043e-01 -6.451405698988426085e-01 -5.320572837537648203e-01 -4.330460332377781829e-01 -3.453237398653136170e-01 -2.664371089025556749e-01 -1.942577952701461108e-01 -1.269078376086899551e-01 -6.268545210000035783e-02
-2.434405249758622991e-01 -4.961214664427742727e-01 -7.639595308651280225e-01 -1.041886649380372454e+00 -1.303515709996425187e+00 -1.500003527386119639e+00 -1.581645879586127679e+00 -1.532249670285006582e+00 -1.382567212606198526e+00 -1.187568017408447085e+00 -9.929085540995645776e-01 -8.205065126776367457e-01 -6.742893808795742405e-01 -5.507143678909776074e-01 -4.449572772518937125e-01 -3.528638791012398968e-01 -2.711282210001255688e-01 -1.970817867635982767e-01 -1.284877102444222097e-01 -6.338967619744764748e-02
-2.518405224755881355e-01 -5.153702412226059959e-01 -7.987929912512258257e-01 -1.097891244810884404e+00 -1.383383175148910293e+00 -1.598842472877790577e+00 -1.685948206258842896e+00 -1.625516134344091812e+00 -1.453621330272325984e+00 -1.234344619245590469e+00 -1.019886132225931830e+00 -8.340091999904941655e-01 -6.795842140469406933e-01 -5.513612634570360660e-01 -4.431817665226492342e-01 -3.500442155471811256e-01 -2.681299982511182733e-01 -1.944534188981210943e-01 -1.265715719023392527e-01 -6.238555145000340696e-02
-2.460342795630362234e-01 -5.036309345877009180e-01 -7.808772606000148331e-01 -1.073594875976293439e+00 -1.352969135213908380e+00 -1.563578759777725091e+00 -1.648200186518038679e+00 -1.588030101257041471e+00 -1.418482952782112783e+00 -1.202489975209745099e+00 -9.913889031110288963e-01 -8.086323252193192701e-01 -6.571220041110954480e-01 -5.317179688463425924e-01 -4.263347231946281179e-01 -3.359985528940991895e-01 -2.568940050204904235e-01 -1.860303257625307849e-01 -1.209596314085304575e-01 -5.958097797153998759e-02
-2.262173269058730118e-01 -4.614497854837289470e-01 -7.114285586664406136e-01 -9.712979883779454537e-01 -1.215927700615706764e+00 -1.399011403518151342e+00 -1.473560539797126312e+00 -1.424317780573575609e+00 -1.280408182666458394e+00 -1.093945328063132161e+00 -9.083880334825249481e-01 -7.447843347258815694e-01 -6.070409412277480987e-01 -4.918138866719302671e-01 -3.944118001897007897e-01 -3.107186839193193384e-01 -2.374169972211263024e-01 -1.718142584365661973e-01 -1.116556893693038538e-01 -5.497874310853917423e-02
-1.955799687757606431e-01 -3.965646791539103044e-01 -6.054989511921229361e-01 -8.168879391117706001e-01 -1.011106027920085859e+00 -1.154737823790308759e+00 -1.215012232217507648e+00 -1.181548927907004609e+00 -1.074738932187417451e+00 -9.315544257381471738e-01 -7.841450342223125203e-01 -6.497487778042131401e-01 -5.333282692837771899e-01 -4.339079002794533069e-01 -3.487586938560746086e-01 -2.750454762646984963e-01 -2.102409594637724699e-01 -1.521540421279213573e-01 -9.887016546340843259e-02 -4.867833662696138125e-02
-1.585288134513421765e-01 -3.192820842270406301e-01 -4.822519735633947202e-01 -6.420018450805019539e-01 -7.845835846157179772e-01 -8.886042625737152756e-01 -9.341072083020083294e-01 -9.150239222987121002e-01 -8.438769961183667512e-01 -7.437971593681177440e-01 -6.361075250859797858e-01 -5.337597903823415590e-01 -4.419920793702705186e-01 -3.616318371108124263e-01 -2.916577338025989619e-01 -2.304624968713412936e-01 -1.763472467294288915e-01 -1.276908041549432715e-01 -8.299262994225510559e-02 -4.086446169474201168e-02
-1.188256496946746565e-01 -2.378982558387894297e-01 -3.559275419457957335e-01 -4.683324261416356715e-01 -5.659933486340998909e-01 -6.364066080404156001e-01 -6.685978701372713440e-01 -6.594189840891779841e-01 -6.158612654858813817e-01 -5.511115393451028188e-01 -4.781599629697853016e-01 -4.059291155035590903e-01 -3.389843307470945533e-01 -2.789277650265330477e-01 -2.257729082676870613e-01 -1.787990745591682973e-01 -1.369947127067576431e-01 -9.926930917873268145e-02 -6.454512540800155795e-02 -3.178691174730345625e-02
-7.873822015146292319e-02 -1.569524233666689528e-01 -2.332047990567239770e-01 -3.042834790396353739e-01 -3.648129550139807553e-01 -4.081115656068145525e-01 -4.286589895850617671e-01 -4.249778184333334319e-01 -4.006586558414461652e-01 -3.626005901022542055e-01 -3.180243835113807926e-01 -2.724071466686923682e-01 -2.290035562408807013e-01 -1.893085484963814569e-01 -1.537054645754729887e-01 -1.219660331206736115e-01 -9.356319811987813539e-02 -6.784660239854801989e-02 -4.413167541728877513e-02 -2.173807770204748066e-02
-3.914136137751165340e-02 -7.782106003632650870e-02 -1.151632560104037389e-01 -1.495362773863725681e-01 -1.784681448042071961e-01 -1.990812546272118511e-01 -2.091018323726220596e-01 -2.079570957450892765e-01 -1.971548838002142590e-01 -1.796272655315594713e-01 -1.585726173970961328e-01 -1.365728903333506272e-01 -1.152936042548999701e-01 -9.559418656494171607e-02 -7.777401869940893386e-02 -6.179637587820895755e-02 -4.744545331448035697e-02 -3.442224136947344415e-02 -2.239691243699326248e-02 -1.103374566524997595e-02
