-3.856051287158442521e-03 -7.711390605146066328e-03 -1.156081399877272910e-02 -1.539013610536152897e-02 -1.917177951888819967e-02 -2.286061012483340399e-02 -2.639036364917193497e-02 -2.967121518673235953e-02 -3.258922460882934108e-02 -3.500855108120050352e-02 -3.677728889640959065e-02 -3.773747061848414797e-02 -3.773914530873861278e-02 -3.665743769617850478e-02 -3.441044122455091947e-02 -3.097499675727445265e-02 -2.639736696289741308e-02 -2.079666896338697515e-02 -1.436043353500177089e-02 -7.333198624718415860e-03
-7.712813874611762141e-03 -1.542869890059410387e-02 -2.314173034015437960e-02 -3.082795316601115443e-02 -3.843637556962515439e-02 -4.588029833646239952e-02 -5.302963088476168874e-02 -5.970527273048278905e-02 -6.567713074319181388e-02 -7.066769130485525685e-02 -7.436313340644620795e-02 -7.643345016724939489e-02 -7.656167466615396155e-02 -7.448016669513959909e-02 -7.000933262329686602e-02 -6.309218023593866909e-02 -5.381780385527883126e-02 -4.242887741921588102e-02 -2.931186881913470932e-02 -1.497236195366213538e-02
-1.156650657349403595e-02 -2.314886131139120770e-02 -3.474945832317084121e-02 -4.634357450656585026e-02 -5.786547411230715671e-02 -6.919458120623089847e-02 -8.014259054507889835e-02 -9.044311477477252892e-02 -9.974633580851326176e-02 -1.076219492679911377e-01 -1.135741057773612672e-01 -1.170715244474839489e-01 -1.175939404772581853e-01 -1.146922255494891574e-01 -1.080545456416355660e-01 -9.756659008686521806e-02 -8.335279264681479117e-02 -6.578917061558289814e-02 -4.548580471658319330e-02 -2.324438194541341568e-02
-1.540435048602978134e-02 -3.085078303012669942e-02 -4.636366778332674105e-02 -6.193141501395477838e-02 -7.748736840718301044e-02 -9.288996441827816752e-02 -1.079030381747615452e-01 -1.221782630009226045e-01 -1.352431500605467407e-01 -1.464996675921152181e-01 -1.552398188911836008e-01 -1.606846052815590620e-01 -1.620503417786300637e-01 -1.586402530238620878e-01 -1.499500363230999445e-01 -1.357668432526014934e-01 -1.162376065383802365e-01 -9.188920869133808400e-02 -6.359779893292079322e-02 -3.251936266123435504e-02
-1.920011236621648257e-02 -3.848625334892209759e-02 -5.792301601914720544e-02 -7.753105097081237906e-02 -9.726262280790577697e-02 -1.169748723457054579e-01 -1.364013397713569886e-01 -1.551237537695819846e-01 -1.725483405062155362e-01 -1.878937584420012352e-01 -2.002009021654365950e-01 -2.083767415116096200e-01 -2.112825726146786431e-01 -2.078684110897549286e-01 -1.973385046449600833e-01 -1.793131386223623946e-01 -1.539415810589259415e-01 -1.219322577635954807e-01 -8.449682035002886726e-02 -4.323527049328382971e-02
-2.290984721714552086e-02 -4.597110231681772463e-02 -6.931109350176373196e-02 -9.300715240429135999e-02 -1.170571995053555636e-01 -1.413455670279653020e-01 -1.656036990000530340e-01 -1.893670793815519504e-01 -2.119327080869596591e-01 -2.323261299176531680e-01 -2.492932936504565489e-01 -2.613388821251919625e-01 -2.668347805102495585e-01 -2.642122841543105838e-01 -2.522223890988963824e-01 -2.302055817829939399e-01 -1.982832865153600910e-01 -1.574014017707583979e-01 -1.092219460015260296e-01 -5.592489658418928200e-02
-2.646817457950879221e-02 -5.317721886596002423e-02 -8.034310586967655099e-02 -1.081292685105856161e-01 -1.366134607219560426e-01 -1.657465012173846564e-01 -1.953008169669205596e-01 -2.248081652128765262e-01 -2.534892897353153152e-01 -2.801847560418208594e-01 -3.033072215323107113e-01 -3.208505753483316125e-01 -3.305050601651562392e-01 -3.299229829106854472e-01 -3.171324239372902976e-01 -2.910027422393762220e-01 -2.515839934329162086e-01 -2.001677768968730953e-01 -1.390645173851129124e-01 -7.124232104906882967e-02
-2.978563447481696533e-02 -5.992649557251624598e-02 -9.075484734977512513e-02 -1.225533612099696384e-01 -1.555208779787120854e-01 -1.897261664395171743e-01 -2.250449079183765022e-01 -2.610754783034355819e-01 -2.970315097900129153e-01 -3.316162454618951649e-01 -3.628996813879930006e-01 -3.882493609322998918e-01 -4.044077798997069983e-01 -4.078349294770534650e-01 -3.953719569103698039e-01 -3.650792643279512362e-01 -3.168747499514717458e-01 -2.526168973296459286e-01 -1.756241395445189701e-01 -8.997924272998020223e-02
-3.274786892645387831e-02 -6.598828463597869454e-02 -1.001964321922334811e-01 -1.358084569870317282e-01 -1.731905303366555182e-01 -2.125923851355688288e-01 -2.540771717206641300e-01 -2.974173004484989002e-01 -3.419447749445683749e-01 -3.863476654980988467e-01 -4.284203680034548434e-01 -4.648224996846994639e-01 -4.910026281547592575e-01 -5.015683067721236066e-01 -4.913498340452868152e-01 -4.569754669342530606e-01 -3.981484137891668773e-01 -3.177601125010313665e-01 -2.208179764545808998e-01 -1.130445426585789531e-01
-3.521755606777755149e-02 -7.108234468218180280e-02 -1.082341429490602108e-01 -1.472935112935602753e-01 -1.888404080811275920e-01 -2.333756762093238402e-01 -2.812540700559033047e-01 -3.325715177007185774e-01 -3.869807683446263580e-01 -4.433993949126392442e-01 -4.995718008757218942e-01 -5.514960149723638905e-01 -5.929303657502301705e-01 -6.155917493754898828e-01 -6.108263649076285384e-01 -5.726616154935458836e-01 -5.004767346691992858e-01 -3.991636221636994386e-01 -2.767141748914023758e-01 -1.413380201177726059e-01
-3.704001080806507834e-02 -7.488939410765894922e-02 -1.143642871433884489e-01 -1.562910429478139573e-01 -2.015019201545372729e-01 -2.508158351339658809e-01 -3.049917646671264637e-01 -3.646324906920456743e-01 -4.299972509528030007e-01 -5.006434472827203663e-01 -5.747542762022237461e-01 -6.479962545233453053e-01 -7.120959747365533943e-01 -7.543481891189905975e-01 -7.601189762624904755e-01 -7.187546366535181308e-01 -6.291713569126499150e-01 -5.001030832310610075e-01 -3.448341211959360941e-01 -1.753592983450177334e-01
-3.805309129010058661e-02 -7.707093454963952206e-02 -1.180425705535036451e-01 -1.620044586651708807e-01 -2.100603979108895680e-01 -2.633939343162289837e-01 -3.232640213049074451e-01 -3.909634588933381116e-01 -4.676903821375680836e-01 -5.542000866412930549e-01 -6.499081187076977129e-01 -7.508980591039037256e-01 -8.467647253574097643e-01 -9.184530619766474446e-01 -9.417374854954055907e-01 -8.981335088789050847e-01 -7.859362951581235768e-01 -6.206290767658162455e-01 -4.242546890411303950e-01 -2.142976962303013155e-01
-3.810141986515447332e-02 -7.729868266232892138e-02 -1.187306047855323232e-01 -1.636238289416501457e-01 -2.133412748966626582e-01 -2.694353232293454359e-01 -3.337049095777223640e-01 -4.082482125312136834e-01 -4.954693978834141532e-01 -5.978604238257736458e-01 -7.169682954786765761e-01 -8.503367842269544674e-01 -9.857354986347280912e-01 -1.096083221558005416e+00 -1.143848484925134690e+00 -1.099321665468019793e+00 -9.600501391482377800e-01 -7.515007168866916221e-01 -5.081560223040277879e-01 -2.545461631436537475e-01
-3.705390595091789807e-02 -7.529177385780533305e-02 -1.159573415071131486e-01 -1.604189814938341008e-01 -2.102455308913844800e-01 -2.673007876784685433e-01 -3.338672751394146099e-01 -4.128105977188571973e-01 -5.077666540652574501e-01 -6.231462842125470303e-01 -7.630902175963415468e-01 -9.273536025915385395e-01 -1.102553149230296681e+00 -1.253462841620321289e+00 -1.328066244760974568e+00 -1.284147655499815022e+00 -1.118513096607256285e+00 -8.679562289368693007e-01 -5.807066218417769043e-01 -2.885334989983227572e-01
-3.482243197776280913e-02 -7.085716857271970315e-02 -1.093880104397629976e-01 -1.518492279840323034e-01 -1.999210405521963940e-01 -2.556543158651727321e-01 -3.216441498751128059e-01 -4.012801516332136775e-01 -4.990787846923240845e-01 -6.208836264136383676e-01 -7.728710433336695163e-01 -9.567234495331213839e-01 -1.158679882398247152e+00 -1.338025890968633780e+00 -1.432441212257993035e+00 -1.390665778134074992e+00 -1.209002496955460915e+00 -9.325100207126152396e-01 -6.192659937702080786e-01 -3.059237873907640903e-01
-3.137865515955858692e-02 -6.392646145559743864e-02 -9.888830718910462947e-02 -1.376688809904405286e-01 -1.819350303842150185e-01 -2.337503210843106805e-01 -2.957630405398827267e-01 -3.714777631600502117e-01 -4.656183542794145591e-01 -5.843658305039994838e-01 -7.343809223358516158e-01 -9.178899821558497152e-01 -1.121443661223842536e+00 -1.304011454541866399e+00 -1.402298236568620737e+00 -1.364098935392717538e+00 -1.185663887809963235e+00 -9.129103785750347644e-01 -6.048165370362602600e-01 -2.982126422912206309e-01
-2.676572915050146398e-02 -5.458171709898694546e-02 -8.456987902540166746e-02 -1.180029575819068616e-01 -1.563998200184830989e-01 -2.016478980901686424e-01 -2.561677036843814093e-01 -3.231364218470121896e-01 -4.067582391620954141e-01 -5.123673122667309343e-01 -6.454247171392216709e-01 -8.071837076448037385e-01 -9.852177721143655642e-01 -1.143746904388032837e+00 -1.228590638086607179e+00 -1.195374886535074399e+00 -1.040785891256736040e+00 -8.035737159984811528e-01 -5.339374324989865084e-01 -2.638169971854406048e-01
-2.110254488073487478e-02 -4.306480031090585692e-02 -6.680653559836301214e-02 -9.337325039625796186e-02 -1.240133472476425136e-01 -1.602729656860584218e-01 -2.041138687178508937e-01 -2.580533003558280192e-01 -3.252891489698822025e-01 -4.096165132219881655e-01 -5.144572574889585415e-01 -6.395582835584535664e-01 -7.744110295627085749e-01 -8.920675604060472885e-01 -9.533245210874647935e-01 -9.265692690635588535e-01 -8.092536203160167751e-01 -6.285745047523300100e-01 -4.204583280839320758e-01 -2.087722051502108600e-01
-1.457964985699982015e-02 -2.976840421033622591e-02 -4.621821387947982335e-02 -6.467016128123263818e-02 -8.600732709285070776e-02 -1.113162851815232141e-01 -1.419558084716205371e-01 -1.796210443567263781e-01 -2.263589513260385044e-01 -2.843882419036297682e-01 -3.553173505762540763e-01 -4.380195576001690849e-01 -5.248695610910520948e-01 -5.986410913641455611e-01 -6.355148565706649766e-01 -6.166763620459511097e-01 -5.404548782499264403e-01 -4.227030282993663457e-01 -2.849370444324127449e-01 -1.422854408629768697e-01
-7.447650633318683190e-03 -1.521095254222373967e-02 -2.362775534725503404e-02 -3.308185491714821930e-02 -4.402950418011973566e-02 -5.702883225307808779e-02 -7.276946961331762220e-02 -9.209236177413548941e-02 -1.159708180478425527e-01 -1.453750640274939221e-01 -1.808388455806355100e-01 -2.214449811005171631e-01 -2.632021274716968562e-01 -2.978840531869251795e-01 -3.145844583658143900e-01 -3.048413936776492861e-01 -2.678391341908583079e-01 -2.105694660017292663e-01 -1.427596674998764803e-01 -7.158947474635725394e-02
