-1.815458790045089725e-03 -3.558105332530726254e-03 -5.160403687620651429e-03 -6.564797716011247508e-03 -7.727233995120752312e-03 -8.619275142545937754e-03 -9.228527552281205401e-03 -9.557574761145930242e-03 -9.621673707856810351e-03 -9.445639636742952233e-03 -9.060442757578703044e-03 -8.499889604526697853e-03 -7.797787394328084543e-03 -6.985717704526797807e-03 -6.091554641210601868e-03 -5.138643915326955754e-03 -4.145583156841947843e-03 -3.126469602019741993e-03 -2.091468361914017391e-03 -1.047665836514452250e-03
-3.703741295597059828e-03 -7.256571030929349214e-03 -1.051874090596246862e-02 -1.337156591455460758e-02 -1.572488551868511317e-02 -1.752135029554489215e-02 -1.873726403716781050e-02 -1.938009789095022917e-02 -1.948346567156630793e-02 -1.910042979240704833e-02 -1.829622143697384393e-02 -1.714131951075189425e-02 -1.570553241723227772e-02 -1.405352614696098699e-02 -1.224185520702178974e-02 -1.031743193506962780e-02 -8.317216061308758956e-03 -6.268805850281938298e-03 -4.191731804116586441e-03 -2.099184764296975134e-03
-5.742944378137321629e-03 -1.124570023740101635e-02 -1.628643068510332234e-02 -2.067785413607356806e-02 -2.427938771824057068e-02 -2.700398393200504135e-02 -2.881907154331445411e-02 -2.974207081668272037e-02 -2.983164185111225261e-02 -2.917636478613186077e-02 -2.788267063768048656e-02 -2.606360814191968980e-02 -2.382948146466672829e-02 -2.128098827168175070e-02 -1.850489591152892216e-02 -1.557201081905423140e-02 -1.253702792770132642e-02 -9.439788364434195667e-03 -6.307449711723785504e-03 -3.157326497195777834e-03
-8.022330537753559823e-03 -1.569684408178724858e-02 -2.270341036785065991e-02 -2.877399861580279272e-02 -3.371080137541734162e-02 -3.739609188968654602e-02 -3.979292922378840219e-02 -4.093743286754788352e-02 -4.092462640828632009e-02 -3.989066623271077944e-02 -3.799445132330663694e-02 -3.540092106271699318e-02 -3.226776198298655224e-02 -2.873602377833959359e-02 -2.492470913075095496e-02 -2.092866493443198972e-02 -1.681908882521720994e-02 -1.264585178160317243e-02 -8.440946556110499183e-03 -4.222658980414928723e-03
-1.064952581815657717e-02 -2.081589495283352534e-02 -3.005632470465278289e-02 -3.800387047337840107e-02 -4.439366812511578303e-02 -4.907659931561108441e-02 -5.201907510671791024e-02 -5.329006819847129095e-02 -5.303871276374781674e-02 -5.146719277277257004e-02 -4.880349761466629827e-02 -4.527783007784254993e-02 -4.110457543922862306e-02 -3.647059754567227169e-02 -3.152921155155396365e-02 -2.639881774480649229e-02 -2.116479274657353388e-02 -1.588356306283860570e-02 -1.058782424265184222e-02 -5.292355586076218261e-03
-1.375985974025961331e-02 -2.686086876542475091e-02 -3.870208118040396883e-02 -4.879143626683876689e-02 -5.678334895279422978e-02 -6.249750842617528279e-02 -6.591665332536958410e-02 -6.716499527847735740e-02 -6.647292285146544355e-02 -6.413583004053637071e-02 -6.047447804285124850e-02 -5.580227218891121999e-02 -5.040206190924251956e-02 -4.451251499802939826e-02 -3.832267304745757414e-02 -3.197255410293249611e-02 -2.555767557413542862e-02 -1.913576874620095958e-02 -1.273442265873506000e-02 -6.358939455663647523e-03
-1.752904618147460569e-02 -3.416564338756874347e-02 -4.909967367420794288e-02 -6.167643104972153623e-02 -7.145075332993447437e-02 -7.821340195622714098e-02 -8.198500945316439248e-02 -8.298029454036617847e-02 -8.155210085965097777e-02 -7.812868581820250902e-02 -7.315626071156701438e-02 -6.705467643696925995e-02 -6.018883583517634084e-02 -5.285467247896712822e-02 -4.527634652108897956e-02 -3.761099609717253461e-02 -2.995754826931533096e-02 -2.236738526180713157e-02 -1.485514180555914596e-02 -7.408974105663586850e-03
-2.219068460600533491e-02 -4.317298437355378965e-02 -6.185453276058742317e-02 -7.736382571977623579e-02 -8.912980859180671955e-02 -9.692029520197012471e-02 -1.008296457812276337e-01 -1.012190032158817171e-01 -9.862643154784619948e-02 -9.367047042238607624e-02 -8.696713102809540408e-02 -7.907127622110904364e-02 -7.044388241753794799e-02 -6.144092338550295046e-02 -5.231700316478587326e-02 -4.323747819410611593e-02 -3.429410104306496176e-02 -2.552105446983309739e-02 -1.690976767266758399e-02 -8.421799816968188190e-03
-2.806070914390505072e-02 -5.448108112366996381e-02 -7.778161860673639405e-02 -9.679451860928123264e-02 -1.107843154728074264e-01 -1.195082819925763762e-01 -1.231942208920425857e-01 -1.224395686740036016e-01 -1.180640624798430932e-01 -1.109595454370909673e-01 -1.019704510083648263e-01 -9.181934323087528882e-02 -8.107443767420154102e-02 -7.014808326546818906e-02 -5.931320881330351402e-02 -4.872777629634406082e-02 -3.846028495873238945e-02 -2.851294159338545880e-02 -1.884103453635892905e-02 -9.368448192017370460e-03
-3.557104290401918306e-02 -6.890896107312520502e-02 -9.799625343381887510e-02 -1.212482025145428660e-01 -1.377045403504998100e-01 -1.471341915837062753e-01 -1.499992980401134990e-01 -1.472808766815433823e-01 -1.402306208175767288e-01 -1.301330854167838669e-01 -1.181357077370581710e-01 -1.051611255664956363e-01 -9.188638370487207940e-02 -7.876368177450100705e-02 -6.605992869830312753e-02 -5.390009546484689218e-02 -4.230628549560474377e-02 -3.122936413687023988e-02 -2.057295830003571038e-02 -1.021093129728137955e-02
-4.531439227518294088e-02 -8.758719354704337656e-02 -1.240457634586579899e-01 -1.524968727329479301e-01 -1.716508156921617845e-01 -1.813241513585171771e-01 -1.823875777228876338e-01 -1.764538510706632479e-01 -1.654443366616572542e-01 -1.512063851477102316e-01 -1.352781003162887852e-01 -1.188029857059232364e-01 -1.025462080210422094e-01 -8.696026369297615854e-02 -7.226265600372926146e-02 -5.850634527778605237e-02 -4.563537365762634912e-02 -3.352524293750971940e-02 -2.201045922043567971e-02 -1.090230851170434154e-02
-5.809797169546765394e-02 -1.120764959383577092e-01 -1.580971381283834132e-01 -1.930352080590511943e-01 -2.150700627511810403e-01 -2.241181305233567178e-01 -2.217695371721437603e-01 -2.107010196304726912e-01 -1.938859384805429464e-01 -1.739698104113971133e-01 -1.529672557756027451e-01 -1.322264256817543560e-01 -1.125351349104863896e-01 -9.426840507670060376e-02 -7.752401439964248797e-02 -6.222720958848936695e-02 -4.820356833554419185e-02 -3.522574269594296037e-02 -2.304129362963160121e-02 -1.138780603394703647e-02
-7.498762690726483437e-02 -1.444924512957549700e-01 -2.031757908912098509e-01 -2.464025840134088929e-01 -2.714006303781305585e-01 -2.782505791200162171e-01 -2.698373830175115340e-01 -2.506796425047036481e-01 -2.254234612981070862e-01 -1.978183131189034383e-01 -1.703943919257842610e-01 -1.446002193684119141e-01 -1.210994097100523970e-01 -1.000541344911517611e-01 -8.133770365651642187e-02 -6.467486124693669347e-02 -4.972592511855553066e-02 -3.613283829655318524e-02 -2.354112920789461563e-02 -1.160761013509221777e-02
-9.725904472851987226e-02 -1.874939369879793649e-01 -2.632933463490954584e-01 -3.174382730769784722e-01 -3.453092562414413202e-01 -3.472066149174717342e-01 -3.283928121045613380e-01 -2.966427940331726743e-01 -2.592716386590844801e-01 -2.214757732258273437e-01 -1.861898380331490910e-01 -1.546803192822146789e-01 -1.272080644613140243e-01 -1.035109284366447918e-01 -8.309775758682515223e-02 -6.540856083551481459e-02 -4.989239679324860427e-02 -3.603852428510501138e-02 -2.338275207820737778e-02 -1.150147032841285048e-02
-1.259758411281106660e-01 -2.435794442990576458e-01 -3.426731754211418957e-01 -4.115380748685624757e-01 -4.419265976699850440e-01 -4.343563942451649229e-01 -3.984130117711645602e-01 -3.475750707777459647e-01 -2.933254632776917115e-01 -2.425674786113573289e-01 -1.981980417389536397e-01 -1.607215182947192011e-01 -1.295413634330461750e-01 -1.036836910990629051e-01 -8.213377743444409684e-02 -6.396920061889294074e-02 -4.839656598654269726e-02 -3.474609667450156286e-02 -2.244985829994125548e-02 -1.101551149333059379e-02
-1.605518621982895411e-01 -3.123068622928813487e-01 -4.418951051047877998e-01 -5.301773132429618007e-01 -5.623267265790133917e-01 -5.389489951714081517e-01 -4.769390320804312577e-01 -3.990882795767515812e-01 -3.229368553963388178e-01 -2.570284870863784876e-01 -2.032665397447754041e-01 -1.604594634934247699e-01 -1.265513673086913482e-01 -9.954856720836308126e-02 -7.778442066978416558e-02 -5.993785154660841857e-02 -4.497855022243436168e-02 -3.209941199751978336e-02 -2.065505750327193205e-02 -1.011069667637230600e-02
-1.956534319015206524e-01 -3.838871359842749853e-01 -5.482360725913204558e-01 -6.590771881284201994e-01 -6.915951413108829549e-01 -6.461975744591907933e-01 -5.502780043078967509e-01 -4.395852790830354073e-01 -3.391758629040641515e-01 -2.585463238080333848e-01 -1.972263370953825090e-01 -1.512758976158846136e-01 -1.166535388894656550e-01 -9.017453384315447795e-02 -6.951742490846984923e-02 -5.301918688001187874e-02 -3.948034532628356269e-02 -2.801790787523160062e-02 -1.796024130071900010e-02 -8.772205420937515680e-03
-2.175373299217514267e-01 -4.311630290044675129e-01 -6.227864929190174426e-01 -7.518467655318301635e-01 -7.823627670466829498e-01 -7.142055159349153248e-01 -5.859245735328507676e-01 -4.465528860393589428e-01 -3.278272943020029695e-01 -2.387666744266359053e-01 -1.754328762301896050e-01 -1.307080774137210077e-01 -9.860607488013788113e-02 -7.497802657233253176e-02 -5.709148249599005354e-02 -4.314107389014548710e-02 -3.190571305527836049e-02 -2.253161207051693898e-02 -1.439578520041572690e-02 -7.017875145949447648e-03
-2.042999150720499757e-01 -4.092975622533048807e-01 -5.985692211423294662e-01 -7.266866293605075411e-01 -7.516171155483719613e-01 -6.725626079865091311e-01 -5.334300075371831706e-01 -3.889074019070295485e-01 -2.720464881104625032e-01 -1.895003604793888130e-01 -1.343047187247641827e-01 -9.741127969032224720e-02 -7.207286745017039975e-02 -5.403900654716082413e-02 -4.072931063556591708e-02 -3.054787810045860377e-02 -2.246979514248514595e-02 -1.580701132129305395e-02 -1.007340355404199791e-02 -4.903495789271170892e-03
-1.344012268773063790e-01 -2.724808813560529730e-01 -4.041979205063235825e-01 -4.943436213483680675e-01 -5.091638483881557597e-01 -4.475833972029521490e-01 -3.440516333265646876e-01 -2.405625165944560440e-01 -1.607783268250638498e-01 -1.074928645194516141e-01 -7.383389677902243986e-02 -5.240720595475965166e-02 -3.821820027044990631e-02 -2.837438020605012948e-02 -2.123877597280962939e-02 -1.585130997635729455e-02 -1.161858565958137982e-02 -8.153234312235904321e-03 -5.187335963557457297e-03 -2.522708388693101818e-03
