-3.666614325171331512e-02 -6.627426411790755811e-02 -8.535173980417185002e-02 -9.377373788640144814e-02 -9.367926476123461521e-02 -8.799407740392761745e-02 -7.934330122401798968e-02 -6.960999139136235525e-02 -5.994591669760714753e-02 -5.095674463549910299e-02 -4.289645005355784829e-02 -3.581489479728015846e-02 -2.965479813005260715e-02 -2.430995650576656814e-02 -1.965765069164780721e-02 -1.557522091446629335e-02 -1.194741523617929430e-02 -8.668682144532610309e-03 -5.642770889057775394e-03 -2.781014520439944668e-03
-7.986755085518747188e-02 -1.425142216487729485e-01 -1.808962111021096830e-01 -1.957765792125565896e-01 -1.928139801535817266e-01 -1.789054655383537362e-01 -1.597560827044073595e-01 -1.391480680326678820e-01 -1.192165130012528412e-01 -1.009845584608569935e-01 -8.481414948936535914e-02 -7.070831945014853515e-02 -5.849433319755827088e-02 -4.792736162735664052e-02 -3.874541560969529258e-02 -3.069580608604163124e-02 -2.354575342778902208e-02 -1.708454081744365319e-02 -1.112138746233560377e-02 -5.481286515061472783e-03
-1.373208243553044328e-01 -2.398106102852412824e-01 -2.973143328209991720e-01 -3.139905727868168572e-01 -3.021265086048737225e-01 -2.747836328475568024e-01 -2.415533540619606845e-01 -2.079944769700677598e-01 -1.767851294766991932e-01 -1.489505396020526784e-01 -1.246672215244445797e-01 -1.037098824930951096e-01 -8.568682586018600000e-02 -7.015971797958234224e-02 -5.670082191839458108e-02 -4.491681610238430072e-02 -3.445523814966270498e-02 -2.500233844608873782e-02 -1.627694968117971222e-02 -8.022747003197694057e-03
-2.168232488159449467e-01 -3.682812663901363082e-01 -4.432463662658641113e-01 -4.537198121269451212e-01 -4.236111379057062587e-01 -3.753693059776567198e-01 -3.233600695258395663e-01 -2.744258911944031376e-01 -2.309687854040785859e-01 -1.933640211656413310e-01 -1.611941679536947059e-01 -1.337771204480982523e-01 -1.103833378908013890e-01 -9.032382702351189618e-02 -7.298130887729412097e-02 -5.781537193811217556e-02 -4.435602747482739194e-02 -3.219261408148148956e-02 -2.096132257415946401e-02 -1.033275330966608799e-02
-3.199772900576255963e-01 -5.281702288033095494e-01 -6.167482762748573988e-01 -6.111049962471709618e-01 -5.524375919285364755e-01 -4.758718617814703955e-01 -4.010501972627641409e-01 -3.351666501116999375e-01 -2.792668535748952796e-01 -2.323386258280926153e-01 -1.929679061815722518e-01 -1.598210269043675580e-01 -1.317455339426202021e-01 -1.077709038463411512e-01 -8.708517660808325067e-02 -6.900730139889743597e-02 -5.296085885965806650e-02 -3.845075242491399758e-02 -2.504296289231515427e-02 -1.234693976081518291e-02
-4.317209250834717071e-01 -6.961646239025246485e-01 -7.931311614048031089e-01 -7.647976683525953279e-01 -6.724658304553501331e-01 -5.651046119267939538e-01 -4.672256354326839167e-01 -3.853953046353112977e-01 -3.185111736343295141e-01 -2.637459821062492216e-01 -2.185168818085202747e-01 -1.807934324487561473e-01 -1.490068226572198173e-01 -1.219290332476042904e-01 -9.858114985711152745e-02 -7.816775594685254624e-02 -6.002932069295309481e-02 -4.360654617806145744e-02 -2.841281838742047358e-02 -1.401203505724350588e-02
-5.172180636730659975e-01 -8.225196679083066620e-01 -9.235212203182843194e-01 -8.761265487224620951e-01 -7.574587136866984816e-01 -6.269913072466966053e-01 -5.125205364507749994e-01 -4.196870005838598261e-01 -3.454824997868564673e-01 -2.855990366868570995e-01 -2.365585190372868352e-01 -1.958288391691062613e-01 -1.615592277681951738e-01 -1.323572147105318009e-01 -1.071425848051897334e-01 -8.505320990985611174e-02 -6.538207338674124902e-02 -4.753326086826126923e-02 -3.098970620563072306e-02 -1.528836791769873880e-02
-5.395208900908647909e-01 -8.558974828186972639e-01 -9.587998281049971983e-01 -9.075255630159440035e-01 -7.830798141352122155e-01 -6.474864117819252307e-01 -5.293093097381079692e-01 -4.339412181014791758e-01 -3.579138134547478756e-01 -2.965832812210585923e-01 -2.462869574393213856e-01 -2.044039495111308058e-01 -1.690439798495268764e-01 -1.387979581207411106e-01 -1.125787136571754776e-01 -8.952037445336437360e-02 -6.891246347821909646e-02 -5.015467743696761654e-02 -3.272435227841326982e-02 -1.615171794669373329e-02
-4.885000210783012609e-01 -7.823942624542966628e-01 -8.858435292949922157e-01 -8.491549701203002787e-01 -7.431520747326252341e-01 -6.231988521674506343e-01 -5.158869263982782671e-01 -4.273369598137354841e-01 -3.554123041318243970e-01 -2.965054581103573894e-01 -2.475995160429668995e-01 -2.064557908615913540e-01 -1.714147054760331579e-01 -1.412118610967667276e-01 -1.148538787594867994e-01 -9.153706618709019083e-02 -7.059268118814052140e-02 -5.144860653300338538e-02 -3.360128421845396535e-02 -1.659413874988181076e-02
-3.899012922702744244e-01 -6.376389287532300276e-01 -7.386620295445038842e-01 -7.269927186927856999e-01 -6.545215681640996763e-01 -5.639145073381484075e-01 -4.776557744891821167e-01 -4.028675200196360495e-01 -3.397002290364556920e-01 -2.864039364030240842e-01 -2.411477492488357799e-01 -2.024047634636727266e-01 -1.689471048715855683e-01 -1.397808338533116368e-01 -1.140878110463370981e-01 -9.118127686727706127e-02 -7.047255558295555111e-02 -5.144575311738720097e-02 -3.363802255213736020e-02 -1.662354755699532727e-02
-2.834947590366566628e-01 -4.775430469408254441e-01 -5.714293064921778242e-01 -5.832068372882456275e-01 -5.452292304805469447e-01 -4.864382503258276036e-01 -4.242096518452665999e-01 -3.660093065086081898e-01 -3.139977385740753690e-01 -2.682481545691621228e-01 -2.281814322235052039e-01 -1.930682472588776954e-01 -1.621880275268909322e-01 -1.348764786204641464e-01 -1.105351870076261567e-01 -8.862762310082929196e-02 -6.867046497792894666e-02 -5.022380622381097948e-02 -3.288149117343065059e-02 -1.626202010299082623e-02
-1.961352468623328016e-01 -3.415374770581275365e-01 -4.239929151556616760e-01 -4.504840189818145602e-01 -4.385378383258158874e-01 -4.059011347291193172e-01 -3.649775042734493269e-01 -3.226018294528446018e-01 -2.819771657642827223e-01 -2.444028115103316912e-01 -2.102609273105331411e-01 -1.794986393168642724e-01 -1.518601973021374285e-01 -1.270017871382452257e-01 -1.045487691372934125e-01 -8.412349881575191535e-02 -6.535783699376811196e-02 -4.789748583973564566e-02 -3.140209335976207328e-02 -1.554303542998121748e-02
-1.344576504584988341e-01 -2.414091750742373421e-01 -3.103474547174397968e-01 -3.424301974587886099e-01 -3.460561608551708801e-01 -3.313384846563982578e-01 -3.065718303556633773e-01 -2.773150270577913190e-01 -2.468862548040644811e-01 -2.171225827344070713e-01 -1.889605448987098646e-01 -1.628050961717908141e-01 -1.387522682280982189e-01 -1.167216480954639812e-01 -9.653452872394120698e-02 -7.795971404381393799e-02 -6.073984403778110580e-02 -4.460616880145051866e-02 -2.928633699792693515e-02 -1.450801236660881691e-02
-9.352874628441185112e-02 -1.719922103424305904e-01 -2.275763164930910964e-01 -2.591191762683905941e-01 -2.701699026588342267e-01 -2.662009810736111204e-01 -2.524875093795414527e-01 -2.331655224663798931e-01 -2.111247880694944734e-01 -1.882400254854615373e-01 -1.656534528901851544e-01 -1.440088687105018084e-01 -1.236220945945328969e-01 -1.045979392896431853e-01 -8.690792672134016461e-02 -7.044092679574560922e-02 -5.503561207853011061e-02 -4.050096781676040120e-02 -2.662904432968021123e-02 -1.320266189409981597e-02
-6.628334272089160539e-02 -1.239614843049480220e-01 -1.676233357376604727e-01 -1.955408209032490907e-01 -2.089457595562688452e-01 -2.106804359175703245e-01 -2.039771344656443608e-01 -1.917276313168532198e-01 -1.762061842292533265e-01 -1.590590824899716371e-01 -1.414043015356820920e-01 -1.239547796019403736e-01 -1.071292413506305663e-01 -9.114002464528832281e-02 -7.605825912919403353e-02 -6.186041738937512330e-02 -4.846066824604455120e-02 -3.573301304149682778e-02 -2.352617874890972419e-02 -1.167357396713548934e-02
-4.742894083321286952e-02 -8.971557254362694245e-02 -1.232251004450422294e-01 -1.463572610596854673e-01 -1.593364206472977496e-01 -1.635780717236645365e-01 -1.610075589951777686e-01 -1.535605501605296630e-01 -1.429130010818807639e-01 -1.303857328595604825e-01 -1.169498250869729916e-01 -1.032766336805182456e-01 -8.980000162808955688e-02 -7.677460029606797409e-02 -6.432463315924921710e-02 -5.248178168366443574e-02 -4.121359844618608520e-02 -3.044421062198205546e-02 -2.006906731463700341e-02 -9.965437003383117304e-03
-3.369166933545297837e-02 -6.421954793184292409e-02 -8.918193123935097555e-02 -1.073128522664571621e-01 -1.184580582622954542e-01 -1.232855368278356484e-01 -1.229138136781474933e-01 -1.185938513018065660e-01 -1.114994487241438431e-01 -1.026209679908400146e-01 -9.273254871867334104e-02 -8.240186374447813766e-02 -7.201945706127781122e-02 -6.183368798199581629e-02 -5.198385284882392487e-02 -4.252843538184401806e-02 -3.346771443327599405e-02 -2.476115503371215804e-02 -1.634042131114006591e-02 -8.119100882807398986e-03
-2.311594218994569502e-02 -4.428659079713068158e-02 -6.196822965124752086e-02 -7.525291289541675976e-02 -8.389682797774186684e-02 -8.819197547768557743e-02 -8.876822030545843123e-02 -8.640153440460346390e-02 -8.186992875363796607e-02 -7.586608133633433726e-02 -6.895749113105482941e-02 -6.157875375000130408e-02 -5.404222327488263783e-02 -4.655679209106021454e-02 -3.924861330589901609e-02 -3.218036606404754696e-02 -2.536766443995798828e-02 -1.879225655658561464e-02 -1.241234477377643405e-02 -6.170537589059434287e-03
-1.448535562752585083e-02 -2.784247848764342601e-02 -3.915134204989896560e-02 -4.783364792151838241e-02 -5.368429595944262250e-02 -5.681727457720097546e-02 -5.756550784402884868e-02 -5.637410514090340080e-02 -5.371260672401564906e-02 -5.001591656184543183e-02 -4.565254750386638777e-02 -4.091340956998772843e-02 -3.601385645751063042e-02 -3.110260890855419749e-02 -2.627340554950058707e-02 -2.157673358717466378e-02 -1.703030041266870298e-02 -1.262783805679280717e-02 -8.346153906613579601e-03 -4.150701972431304447e-03
-6.982992632536626741e-03 -1.344661713715356033e-02 -1.896099647891793041e-02 -2.324601545566531632e-02 -2.618940220287271220e-02 -2.782727329789030576e-02 -2.830238644553185676e-02 -2.781674045729996478e-02 -2.659044594192539607e-02 -2.483243204671055707e-02 -2.272336287554985873e-02 -2.040848621817812833e-02 -1.799717555715047573e-02 -1.556636115770559589e-02 -1.316565402760223186e-02 -1.082283510975544545e-02 -8.548944603389731570e-03 -6.342627960344493152e-03 -4.193724010663670704e-03 -2.086111830742641646e-03
