-1.907965785693434627e-02 -3.990520178056650158e-02 -6.455792619339785487e-02 -9.585580223214602846e-02 -1.377550046999279632e-01 -1.951627362370721985e-01 -2.715699182131063871e-01 -3.630101334297424764e-01 -4.513717191439307608e-01 -5.068952974391709443e-01 -5.055544787526354833e-01 -4.479824161758907408e-01 -3.589354741529331427e-01 -2.679340421439551645e-01 -1.924117727452553661e-01 -1.358442033953219663e-01 -9.458096651465665305e-02 -6.373553911012747042e-02 -3.941355927492214140e-02 -1.884936709538039684e-02
-3.641275587969457217e-02 -7.597498522003121035e-02 -1.223955441018374779e-01 -1.805908384227359609e-01 -2.572805887710331030e-01 -3.605223402320513193e-01 -4.955884243331932781e-01 -6.549025377493187250e-01 -8.072500062372528484e-01 -9.023951937972042314e-01 -9.001062481952425420e-01 -8.014411888751692414e-01 -6.478634433973899931e-01 -4.892332121200371198e-01 -3.556437087552412613e-01 -2.538402131994877409e-01 -1.782643867608968147e-01 -1.208790456138420372e-01 -7.506189985756314687e-02 -3.598327905951439337e-02
-5.059534794930321822e-02 -1.051740023939161245e-01 -1.683447088988861973e-01 -2.460456115416184419e-01 -3.461379931522149955e-01 -4.777137103181881006e-01 -6.461648956211201167e-01 -8.415168508320299834e-01 -1.026189933259118225e+00 -1.140784714482799389e+00 -1.138041490262515998e+00 -1.019201282307642620e+00 -8.329793289541740364e-01 -6.383590914587478071e-01 -4.716209988382821794e-01 -3.417601629541451302e-01 -2.430315551044331390e-01 -1.663506110996989529e-01 -1.039604630835003901e-01 -5.002093128901731467e-02
-6.079344811635661872e-02 -1.257666777547643833e-01 -1.996332700015162609e-01 -2.882077446227473971e-01 -3.987917050342559278e-01 -5.392867534204838220e-01 -7.134258441782231897e-01 -9.100899421566905900e-01 -1.092571453042427532e+00 -1.204605519245567136e+00 -1.201946677683526588e+00 -1.085753695076360659e+00 -9.016497104530346585e-01 -7.055521062491980633e-01 -5.329818929125793581e-01 -3.941346473467266520e-01 -2.849187768843909341e-01 -1.974123987176582551e-01 -1.243955245201793097e-01 -6.013891330656565698e-02
-6.681072944648522305e-02 -1.374535619921544161e-01 -2.161005810158486140e-01 -3.075770078466456003e-01 -4.174308696742148883e-01 -5.509223470690430835e-01 -7.091196284439897912e-01 -8.809473721527719681e-01 -1.035859057155039231e+00 -1.129360435514671579e+00 -1.127174317261430581e+00 -1.030194131412149883e+00 -8.737851803824886465e-01 -7.022306694512423508e-01 -5.451989365435980783e-01 -4.130412778506185600e-01 -3.043730082011487093e-01 -2.138812599902228662e-01 -1.360591108474567545e-01 -6.613826380881755729e-02
-6.899521503214957330e-02 -1.411280813702908699e-01 -2.196637757616928810e-01 -3.080526139045342005e-01 -4.097283340259534890e-01 -5.271150777170985346e-01 -6.588650611645671118e-01 -7.949818653001776703e-01 -9.130165951762098109e-01 -9.825802357526024489e-01 -9.809929204332777930e-01 -9.088415197066316287e-01 -7.895478268936758637e-01 -6.534228129118763162e-01 -5.223798452777930201e-01 -4.059303439793994772e-01 -3.051739542686875972e-01 -2.176123912796906479e-01 -1.398140158771598862e-01 -6.835442996667803750e-02
-6.804171062859125374e-02 -1.383956781855016360e-01 -2.133365250744866937e-01 -2.949835044471474377e-01 -3.849640149182420035e-01 -4.835810538834694472e-01 -5.880996370992978006e-01 -6.902629025145012864e-01 -7.749337027230401853e-01 -8.234165922088182432e-01 -8.223505046189371059e-01 -7.720778992393568796e-01 -6.864155247772569801e-01 -5.840653991505043718e-01 -4.798909598229211815e-01 -3.818634223549268181e-01 -2.925419381803629482e-01 -2.115463039106473264e-01 -1.372264610860407519e-01 -6.746513850252854050e-02
-6.477583041435298894e-02 -1.310748509869192335e-01 -2.002890295244239005e-01 -2.734832430533311043e-01 -3.510516963956339387e-01 -4.321144805154918389e-01 -5.135762092706026571e-01 -5.890877109366436937e-01 -6.489127464759743003e-01 -6.821695095049904456e-01 -6.814750682079848687e-01 -6.470166817548217431e-01 -5.864423581865336743e-01 -5.106751449220395811e-01 -4.293329173663092968e-01 -3.486122388428680718e-01 -2.714939162950005258e-01 -1.987915471709679194e-01 -1.300790025045119591e-01 -6.427955321972914082e-02
-5.998673830373615901e-02 -1.208384538111670209e-01 -1.832574600521459374e-01 -2.475807504834289796e-01 -3.134982551054379396e-01 -3.796659999069311731e-01 -4.432482030952087926e-01 -4.995950144879235388e-01 -5.425346315239779615e-01 -5.657934719815267410e-01 -5.653387586734687220e-01 -5.412719105268397612e-01 -4.977786968570718784e-01 -4.411786303037611989e-01 -3.776015680315534251e-01 -3.116214541494880530e-01 -2.460040776986251454e-01 -1.820433017922432617e-01 -1.200180726033569789e-01 -5.957405889562433776e-02
-5.433268130010106278e-02 -1.090346882635990222e-01 -1.643207593062719352e-01 -2.200779536632016808e-01 -2.756626400322995107e-01 -3.296762362054898032e-01 -3.797737519316062849e-01 -4.226382824227702395e-01 -4.543303538420377929e-01 -4.711551620952748598e-01 -4.708508293543680057e-01 -4.534739547341826715e-01 -4.213769012692211713e-01 -3.782932973980586144e-01 -3.281532326250050646e-01 -2.742380840896141425e-01 -2.188520339073095344e-01 -1.633587244610880951e-01 -1.083758791062205684e-01 -5.399860720412033577e-02
-4.830932475397789472e-02 -9.664688899335432959e-02 -1.449128361700809109e-01 -1.927467027005099476e-01 -2.393928797043690659e-01 -2.835816866438788386e-01 -3.234693437859094689e-01 -3.567103623506002741e-01 -3.807448035019078691e-01 -3.933201521060993855e-01 -3.931115645077677967e-01 -3.801521880943967702e-01 -3.558223239234066249e-01 -3.224041192717887472e-01 -2.824602307776979404e-01 -2.383207350613513187e-01 -1.918063702118431302e-01 -1.441636067588680792e-01 -9.612812709392461186e-02 -4.804450984677105518e-02
-4.225775386945727213e-02 -8.433075013089318117e-02 -1.259370116320039923e-01 -1.666030531945975335e-01 -2.055798833414087534e-01 -2.417857342649673835e-01 -2.738037827455286899e-01 -2.999711421966660407e-01 -3.185873380103713681e-01 -3.282283988317017953e-01 -3.280826581287428767e-01 -3.181704638389029061e-01 -2.993387407933166267e-01 -2.730331372789407407e-01 -2.409604367203317665e-01 -2.047776890879701439e-01 -1.658890552415926423e-01 -1.253612320238517708e-01 -8.392853527427183991e-02 -4.205132715091887408e-02
-3.639097048958198077e-02 -7.248137147102792777e-02 -1.079014475415860652e-01 -1.421486610317874155e-01 -1.745378505538771607e-01 -2.041774270303422234e-01 -2.299882338825732508e-01 -2.507814918198921217e-01 -2.654021498902455201e-01 -2.729196783789374359e-01 -2.728164483292466191e-01 -2.651054603931388143e-01 -2.503274625796079733e-01 -2.294286227355127605e-01 -2.035705216870946632e-01 -1.739405407584388996e-01 -1.416109742694825480e-01 -1.074637550375603379e-01 -7.217347769784732137e-02 -3.623226748704194006e-02
-3.082475941772267608e-02 -6.130233395683212100e-02 -9.103876141828008695e-02 -1.195523273728905100e-01 -1.462454776845918403e-01 -1.703979285768885688e-01 -1.911902543552612410e-01 -2.077643859022303974e-01 -2.193199469544574454e-01 -2.252315234783064113e-01 -2.251577955926421792e-01 -2.191073312869481482e-01 -2.074369857462633471e-01 -1.907833676076174656e-01 -1.699525471399855880e-01 -1.458030152703725935e-01 -1.191505946350047696e-01 -9.070936141269836384e-02 -6.106935179367520283e-02 -3.070426492058538417e-02
-2.560572957021182636e-02 -5.086446019835214050e-02 -7.539893903388102114e-02 -9.877642955400772751e-02 -1.204938253307569068e-01 -1.399786090887808754e-01 -1.566105148750630005e-01 -1.697658994072469285e-01 -1.788817563507540120e-01 -1.835287132315853165e-01 -1.834759125650295419e-01 -1.787291382358491554e-01 -1.695298248952100406e-01 -1.563153616000263757e-01 -1.396533226544715567e-01 -1.201684141576301046e-01 -9.847904955558492435e-02 -7.515375493009217311e-02 -5.069030825590008921e-02 -2.551542797209690322e-02
-2.073370751148323129e-02 -4.115084432755087424e-02 -6.091612753587552498e-02 -7.966065665790991734e-02 -9.697481106154688668e-02 -1.124122085759143713e-01 -1.255073268401071251e-01 -1.358069742332490282e-01 -1.429125132148901800e-01 -1.465256951398812291e-01 -1.464880608765735948e-01 -1.428035309392091667e-01 -1.356378608486817905e-01 -1.252949731906157771e-01 -1.121770029587311895e-01 -9.673830627320384457e-02 -7.944347247520582023e-02 -6.073631136449920281e-02 -4.102272443129281049e-02 -2.066713600279099575e-02
-1.617825483011468835e-02 -3.208911209905273426e-02 -4.745408686870933312e-02 -6.197530688596695342e-02 -7.533261144627342865e-02 -8.718813609968062428e-02 -9.719965274180550341e-02 -1.050422070592828272e-01 -1.104356669432991073e-01 -1.131735576648747882e-01 -1.131471531026232297e-01 -1.103591269838940514e-01 -1.049231600172474826e-01 -9.704970295718531870e-02 -8.702145298915754668e-02 -7.516437422497182497e-02 -6.182026512718136885e-02 -4.732533185451362479e-02 -3.199715478930897222e-02 -1.613040880031533023e-02
-1.189022175922821445e-02 -2.357328870731846202e-02 -3.483583110713109332e-02 -4.545391282246791925e-02 -5.519223120406418354e-02 -6.380812542041029711e-02 -7.106099979085814256e-02 -7.672658368523575800e-02 -8.061444423468940024e-02 -8.258576350057743320e-02 -8.256793495568232055e-02 -8.056271775859005779e-02 -7.664600409647913393e-02 -7.095927705862768720e-02 -6.369476738589907594e-02 -5.507751325342436638e-02 -4.534792968216230791e-02 -3.474762534810831027e-02 -2.351018575642055408e-02 -1.185735280160568270e-02
-7.809350614182816210e-03 -1.547800469241101401e-02 -2.286206141201101161e-02 -2.981231004637890925e-02 -3.617429525000625395e-02 -4.179117495877077149e-02 -4.650966740279133954e-02 -5.018872464085321478e-02 -5.270980261773747233e-02 -5.398715685852105428e-02 -5.397615237385836734e-02 -5.267784611596557781e-02 -5.013888812215508417e-02 -4.644667212510476123e-02 -4.172084831148455825e-02 -3.610300691941083218e-02 -2.974633981180593162e-02 -2.280707415613069527e-02 -1.543862595152427873e-02 -7.788822205314289808e-03
-3.869164129912192572e-03 -7.667315618623724363e-03 -1.132208921596403531e-02 -1.475897192994380692e-02 -1.790147309275258100e-02 -2.067260743022430666e-02 -2.299778405757801902e-02 -2.480885127133049609e-02 -2.604889607606662716e-02 -2.667693682963517832e-02 -2.667168288659442846e-02 -2.603364390799580569e-02 -2.478505128062152146e-02 -2.296767147008961160e-02 -2.063896547935929054e-02 -1.786732984616313039e-02 -1.472734686995258099e-02 -1.129571110037136568e-02 -7.648411507595656404e-03 -3.859310523117695773e-03
