-7.816379023733334777e-03 -1.586549665529290304e-02 -2.438546721394953265e-02 -3.362381077967241394e-02 -4.383822341540991735e-02 -5.529093201595824958e-02 -6.823121123246979336e-02 -8.285745043127676346e-02 -9.924581248878748541e-02 -1.172290742559191912e-01 -1.362123779306032012e-01 -1.549378343311050288e-01 -1.712848100744757129e-01 -1.823155906347826705e-01 -1.848220898589433558e-01 -1.763663658419045432e-01 -1.562806777815582970e-01 -1.258964446570583484e-01 -8.784292062311942206e-02 -4.502560034909000586e-02
-1.540003412455838265e-02 -3.126017059382032309e-02 -4.805258864716282358e-02 -6.627156495796543423e-02 -8.643816078610333520e-02 -1.090942892259561814e-01 -1.347764474347285524e-01 -1.639526157661547190e-01 -1.968954508669080727e-01 -2.334510734752469063e-01 -2.726528899864471556e-01 -3.121590640074415890e-01 -3.476551696849473627e-01 -3.727313495754742134e-01 -3.800152320641256298e-01 -3.637380575984593967e-01 -3.223595714192032946e-01 -2.591583812315835789e-01 -1.803098183785556696e-01 -9.221070081153810716e-02
-2.252361033319377412e-02 -4.572257707134724791e-02 -7.029318761467287513e-02 -9.697172222207063597e-02 -1.265485724207891793e-01 -1.598716213960105770e-01 -1.978275804635973301e-01 -2.412801732955777712e-01 -2.909253487968206930e-01 -3.469880594690686881e-01 -4.086251427467532116e-01 -4.728659058917160096e-01 -5.331732557301597231e-01 -5.786001109066429837e-01 -5.955086956613593330e-01 -5.727656125562385903e-01 -5.075014460377137437e-01 -4.063920119768681949e-01 -2.812560022828845541e-01 -1.432382831554585845e-01
-2.897184571012323059e-02 -5.881336827895478764e-02 -9.042588838878083679e-02 -1.247735812349102108e-01 -1.629128058055209216e-01 -2.060160252755660892e-01 -2.553816902753371365e-01 -3.124112274205739781e-01 -3.785085933720223617e-01 -4.547883858073986096e-01 -5.413084464211150859e-01 -6.353133017138894445e-01 -7.282525848365063448e-01 -8.032061134269379288e-01 -8.370200711538808847e-01 -8.099082694601839050e-01 -7.169496327606642572e-01 -5.706459347820574957e-01 -3.918590951570198877e-01 -1.983612419310754327e-01
-3.455041154234594902e-02 -7.013316497920037140e-02 -1.078234283252629822e-01 -1.487839068151556587e-01 -1.943130552724951776e-01 -2.458979077160368121e-01 -3.052706762490284831e-01 -3.744619326602376952e-01 -4.558170667259344166e-01 -5.518339538811221079e-01 -6.643349552485616760e-01 -7.918759466804667912e-01 -9.244582048329162971e-01 -1.037950549922830534e+00 -1.096244853807310404e+00 -1.067237829519388725e+00 -9.431700095977912923e-01 -7.451764990872223882e-01 -5.069521156892664582e-01 -2.547813324976055394e-01
-3.909663440094927889e-02 -7.934544532914369896e-02 -1.219507645778335758e-01 -1.682255833927143174e-01 -2.196576100745929183e-01 -2.779916802530884579e-01 -3.453381122831533090e-01 -4.243186105193808011e-01 -5.182418447794052696e-01 -6.311592069956974971e-01 -7.671028798174793772e-01 -9.266981475886739705e-01 -1.099246456858744558e+00 -1.253408403415999350e+00 -1.338947161212223902e+00 -1.309923772891660843e+00 -1.155444604604668468e+00 -9.065837178756027681e-01 -6.114339359803920848e-01 -3.052435654920975794e-01
-4.249067464864932087e-02 -8.620123148471250940e-02 -1.324086176405031290e-01 -1.825100760830215274e-01 -2.381001488945002909e-01 -3.010726805281701557e-01 -3.737658561092552234e-01 -4.591775701155835776e-01 -5.612682000128930149e-01 -6.852065718268798289e-01 -8.367144689194884188e-01 -1.018152728167622367e+00 -1.218644471576959765e+00 -1.401829290563633812e+00 -1.507115510239572354e+00 -1.478258964928384156e+00 -1.302059095664838573e+00 -1.017104905855870767e+00 -6.822291807764788718e-01 -3.391532001506366023e-01
-4.466484771280938848e-02 -9.056020355951564793e-02 -1.389724317188880398e-01 -1.913060062989541954e-01 -2.491602458551132326e-01 -3.144324945823235296e-01 -3.894672721319942799e-01 -4.772816703746581846e-01 -5.818885951928148836e-01 -7.085757399761837272e-01 -8.632729763835542691e-01 -1.048562051624694069e+00 -1.253489987715873166e+00 -1.440850102029716862e+00 -1.548351803244840008e+00 -1.518075350480635466e+00 -1.336466769234193608e+00 -1.043383461552763292e+00 -6.994722637531128884e-01 -3.475939875612959473e-01
-4.560852087637395219e-02 -9.240233071589688818e-02 -1.416149456616704327e-01 -1.945813289723200001e-01 -2.528023618585400478e-01 -3.180291921205464778e-01 -3.923809133796181681e-01 -4.785137540076761509e-01 -5.798445497308212238e-01 -7.006812928984239575e-01 -8.455054943518662824e-01 -1.015384077411982888e+00 -1.199297641169502882e+00 -1.363703196942726237e+00 -1.454126296177224553e+00 -1.420507569435666140e+00 -1.251092041299371349e+00 -9.800741683053754150e-01 -6.600525851489624785e-01 -3.292004489897023545e-01
-4.536690441791940004e-02 -9.182568058527945665e-02 -1.405037277094643433e-01 -1.926020635047374918e-01 -2.494387052840047192e-01 -3.125005463514829995e-01 -3.835069673984695671e-01 -4.644848498412142979e-01 -5.578310711796168331e-01 -6.662181713408203976e-01 -7.917873801503069187e-01 -9.333037531307188939e-01 -1.080035519844289915e+00 -1.205017417559314907e+00 -1.267162103040962773e+00 -1.229677618119964899e+00 -1.083847063123316357e+00 -8.543668774633477181e-01 -5.801880381189838953e-01 -2.912646839185282777e-01
-4.403342684001351065e-02 -8.902976281194184549e-02 -1.359722501536423100e-01 -1.858845340125857559e-01 -2.398498740624945003e-01 -2.990270832422034508e-01 -3.646577055211709939e-01 -4.380497226687001255e-01 -5.204980418941049791e-01 -6.130205957064875921e-01 -7.155690064890534163e-01 -8.250383749079668316e-01 -9.316571205066395134e-01 -1.015636309005253812e+00 -1.049452475174426080e+00 -1.009434675694961037e+00 -8.899089143702499927e-01 -7.063598064514694519e-01 -4.842302800889158876e-01 -2.449106449114341888e-01
-4.173703637672106920e-02 -8.428771375845418856e-02 -1.284709860026379824e-01 -1.751139902054268394e-01 -2.250492053812211679e-01 -2.791001250627845875e-01 -3.380453156525996539e-01 -4.025410705524970489e-01 -4.729637651618471827e-01 -5.490895143868156358e-01 -6.294421713110733840e-01 -7.100635757731157405e-01 -7.827284315308438156e-01 -8.337767627166902118e-01 -8.461390291387389517e-01 -8.058953706906981651e-01 -7.096888265901930559e-01 -5.663885733011557733e-01 -3.914037172825157174e-01 -1.992423033966309320e-01
-3.862700469460807889e-02 -7.791308355490716986e-02 -1.185100159591411240e-01 -1.610512851586425598e-01 -2.061328719957207511e-01 -2.542789056861925467e-01 -3.058818160459101931e-01 -3.610995709291290878e-01 -4.196826055392458010e-01 -4.806869936296288004e-01 -5.420141766119230819e-01 -5.997414485181575827e-01 -6.474020248183465220e-01 -6.758666710504253050e-01 -6.748902163181289549e-01 -6.366141811653852622e-01 -5.591772728656759783e-01 -4.475459352512816125e-01 -3.108950374645743642e-01 -1.589596180325890951e-01
-3.485791177878483360e-02 -7.022762893405427864e-02 -1.066047400752971608e-01 -1.444483228096095084e-01 -1.841521260996079323e-01 -2.260008576758054111e-01 -2.701033691868222619e-01 -3.162912962052861210e-01 -3.639686598657774219e-01 -4.118976546927952120e-01 -4.579156590811392924e-01 -4.986205170178905077e-01 -5.291720335479719317e-01 -5.435370757759789839e-01 -5.355596822369391719e-01 -5.008077722909047846e-01 -4.383056716325974267e-01 -3.509574703965872011e-01 -2.443980370456673434e-01 -1.252570354630732907e-01
-3.057702471704334263e-02 -6.153483165976150054e-02 -9.323302315116245575e-02 -1.259851872915778437e-01 -1.600265120002924424e-01 -1.954690697280157263e-01 -2.322395313303769471e-01 -2.699933262697389313e-01 -3.080008624538784767e-01 -3.450066305139142253e-01 -3.790766310331808997e-01 -4.074810722039473032e-01 -4.267116276589706936e-01 -4.327832802899527209e-01 -4.219350305999294282e-01 -3.916224003051852476e-01 -3.413757305010714505e-01 -2.730310870412603341e-01 -1.902298581939359801e-01 -9.758229285142193399e-02
-2.591537206915846270e-02 -5.210167923952260111e-02 -7.880736166658111608e-02 -1.062329335070662378e-01 -1.344996895665779568e-01 -1.636094333958167113e-01 -1.933924062612184247e-01 -2.234416217530430515e-01 -2.530345632536850631e-01 -2.810495198206010015e-01 -3.058951246469133745e-01 -3.254897043797047584e-01 -3.373474078722087932e-01 -3.388340357604048836e-01 -3.276139354230730993e-01 -3.022011062101981893e-01 -2.624076256506522875e-01 -2.094786407807349149e-01 -1.458699697271435003e-01 -7.482902029792465326e-02
-2.098279152071009027e-02 -4.214917591859985296e-02 -6.366183308612589908e-02 -8.563951132068543803e-02 -1.081298978545994910e-01 -1.310765892643670771e-01 -1.542790905829027615e-01 -1.773462375913674449e-01 -1.996462626466036505e-01 -2.202615954359537220e-01 -2.379637836391509942e-01 -2.512323203263887028e-01 -2.583471728994363725e-01 -2.575783964015273542e-01 -2.474672371786790781e-01 -2.271410733394685910e-01 -1.965594809069059479e-01 -1.565964440594493357e-01 -1.089380379599481363e-01 -5.586231449972437618e-02
-1.586662453184017885e-02 -3.185041396195258112e-02 -4.805129078322374625e-02 -6.453339243284320070e-02 -8.130382165862880262e-02 -9.828796577433712711e-02 -1.153011750027113785e-01 -1.320180352164791182e-01 -1.479426905313080687e-01 -1.623868466715363001e-01 -1.744660617704072714e-01 -1.831284306583336186e-01 -1.872300009158451295e-01 -1.856640539744409402e-01 -1.775339720229908436e-01 -1.623347969323898354e-01 -1.400914348565117096e-01 -1.114088054976351688e-01 -7.742305988890374469e-02 -3.968208169737408308e-02
-1.063331444471594250e-02 -2.133455888655593630e-02 -3.215953209782647371e-02 -4.313895400607203889e-02 -5.426404498601306026e-02 -6.547031102130930480e-02 -7.661964532032729258e-02 -8.748206756962294273e-02 -9.771965215581010500e-02 -1.068770569432883760e-01 -1.143851945318916652e-01 -1.195853584385989932e-01 -1.217803436002090206e-01 -1.203138083069548586e-01 -1.146697241616359553e-01 -1.045725924164105786e-01 -9.006257663057801177e-02 -7.152424861613240759e-02 -4.966331355383479806e-02 -2.544296677373200644e-02
-5.332076457132284980e-03 -1.069499450295753259e-02 -1.611334032562159596e-02 -2.159885300851201520e-02 -2.714312730078304037e-02 -3.270961706287815740e-02 -3.822505423692060256e-02 -4.357097655779548079e-02 -4.857679181121871137e-02 -5.301654106583986170e-02 -5.661230487931595556e-02 -5.904747293285125820e-02 -5.999223908612624084e-02 -5.914114294607458744e-02 -5.625853412872229564e-02 -5.122328829141848533e-02 -4.406204151898646809e-02 -3.496232358844555271e-02 -2.426302839602195033e-02 -1.242649439572034512e-02
