-2.204744545571043872e-03 -4.329131032499454468e-03 -6.297633678445016710e-03 -8.044018349259808576e-03 -9.515025755538477140e-03 -1.067297325894380616e-02 -1.149698269590884205e-02 -1.198278018329744857e-02 -1.214110832616513598e-02 -1.199505385193837433e-02 -1.157668949765255223e-02 -1.092346471113298488e-02 -1.007479758067169294e-02 -9.069174287084098840e-03 -7.941945428491590034e-03 -6.723927432482382574e-03 -5.440746818255503062e-03 -4.112826912931901065e-03 -2.755900746649333436e-03 -1.381879414315353863e-03
-4.489854287339131375e-03 -8.814146936823042885e-03 -1.281738350571186638e-02 -1.636340034362939247e-02 -1.934310268308061381e-02 -2.167987427301673251e-02 -2.333218157014711053e-02 -2.429303705528588347e-02 -2.458660215139197441e-02 -2.426242146554248927e-02 -2.338823312243735672e-02 -2.204236675923565425e-02 -2.030655430892885915e-02 -1.825994866969620281e-02 -1.597466540436090834e-02 -1.351299593494629733e-02 -1.092620438577703544e-02 -8.254641891214975144e-03 -5.528882745137866928e-03 -2.771611513946399541e-03
-6.940526930213762602e-03 -1.362022395454828491e-02 -1.979433765705315013e-02 -2.524907390245954841e-02 -2.981407882737655349e-02 -3.337122848931561858e-02 -3.585882220875868248e-02 -3.727058701624066245e-02 -3.764984213227683119e-02 -3.707977269021626998e-02 -3.567144347710805158e-02 -3.355119877060945555e-02 -3.084909472205408718e-02 -2.768939579892957387e-02 -2.418375056104211940e-02 -2.042714946376089635e-02 -1.649639814868541360e-02 -1.245062219006576321e-02 -8.333362879252483729e-03 -4.175681738586491110e-03
-9.652039654802119922e-03 -1.893189170352442205e-02 -2.749065570178634704e-02 -3.502445650863930671e-02 -4.129286559928255912e-02 -4.613210615153427036e-02 -4.946126875805736955e-02 -5.128062730716127088e-02 -5.166236561076553713e-02 -5.073534489082875965e-02 -4.866651317055973452e-02 -4.564184931983709947e-02 -4.184920588136330222e-02 -3.746476825085486018e-02 -3.264376546151155634e-02 -2.751542920925231436e-02 -2.218157822487806102e-02 -1.671807166242623988e-02 -1.117826185767241756e-02 -5.597757878804610759e-03
-1.273574390618539484e-02 -2.496464568383674823e-02 -3.621192380663647292e-02 -4.606518426292976337e-02 -5.420077638442767631e-02 -6.040301344258629940e-02 -6.457347573086201498e-02 -6.672824421079956436e-02 -6.698359978915112423e-02 -6.553264903810031294e-02 -6.261734621605580253e-02 -5.850041437632659547e-02 -5.344107000202193147e-02 -4.767667371884467403e-02 -4.141109113022659050e-02 -3.480918960792657446e-02 -2.799639137507806130e-02 -2.106181757315422204e-02 -1.406385811381607835e-02 -7.037097964566018174e-03
-1.632629052027698147e-02 -3.197901813718923708e-02 -4.632717502185059594e-02 -5.882355660254402763e-02 -6.904197705612807878e-02 -7.670565136485635316e-02 -8.170131530025159794e-02 -8.407521945005336228e-02 -8.401106261108956530e-02 -8.179422969742679295e-02 -7.776971510169991553e-02 -7.230131806657082161e-02 -6.573792432537906016e-02 -5.838972642260149143e-02 -5.051468844293227622e-02 -4.231381411935369874e-02 -3.393294907591706128e-02 -2.546893929484506450e-02 -1.697825731057196405e-02 -8.486782226619664013e-03
-2.059038648994456974e-02 -4.029794785320445216e-02 -5.829417390279855588e-02 -7.385984962612394955e-02 -8.643788071532199080e-02 -9.567624831729096280e-02 -1.014508607683463209e-01 -1.038602001600181235e-01 -1.031911431161602194e-01 -9.986342697616105990e-02 -9.436589734735850721e-02 -8.719715118866638859e-02 -7.881952546430591455e-02 -6.962955495178022036e-02 -5.994407646148864482e-02 -4.999837786464046002e-02 -3.995260595382416763e-02 -2.990270671759152205e-02 -1.989343393068049304e-02 -9.931769485837774539e-03
-2.573728718342278496e-02 -5.032817456487922309e-02 -7.269168186735508463e-02 -9.188375110836194404e-02 -1.071733945678321059e-01 -1.181105511978740030e-01 -1.245656102740256288e-01 -1.267235269903391193e-01 -1.250298108330509805e-01 -1.201023888986151728e-01 -1.126332333702236566e-01 -1.033018083746880533e-01 -9.271339294728304925e-02 -8.136483896809912353e-02 -6.963360894797944456e-02 -5.778295589411707595e-02 -4.597633636535210927e-02 -3.429580000241391757e-02 -2.276096388032842685e-02 -1.134685132401106779e-02
-3.203055805230383551e-02 -6.258575334379144761e-02 -9.026059115392164045e-02 -1.138100564396025832e-01 -1.322613588647930383e-01 -1.450269042066024416e-01 -1.519774337945171416e-01 -1.534384133700126274e-01 -1.501021251028726300e-01 -1.428830348335790867e-01 -1.327627822998111995e-01 -1.206633999120607093e-01 -1.073673377853289618e-01 -9.348272005682392582e-02 -7.944250563487476047e-02 -6.552344387335891363e-02 -5.187393011735260545e-02 -3.854314482757751487e-02 -2.550774402402078769e-02 -1.269463933709795433e-02
-3.979915566014971540e-02 -7.772363792772242486e-02 -1.119548027478534102e-01 -1.408344545501508949e-01 -1.630349767751526902e-01 -1.777581522533910052e-01 -1.848786517321812095e-01 -1.849504596965380332e-01 -1.790571199595226148e-01 -1.685647811162667431e-01 -1.548713806513268565e-01 -1.392216033061157987e-01 -1.226097342546580982e-01 -1.057561364029012824e-01 -8.913017278857163217e-02 -7.299433623775292146e-02 -5.745276262749451912e-02 -4.249507041879016511e-02 -2.803218165365672573e-02 -1.392394926499332733e-02
-4.944236052998936259e-02 -9.655465924869792438e-02 -1.390001769224562811e-01 -1.745373412793367607e-01 -2.012850425601544202e-01 -2.180910945286645419e-01 -2.248277254399747294e-01 -2.224270856566452903e-01 -2.126108105481389066e-01 -1.974474331261384108e-01 -1.789362437937662975e-01 -1.587418113356053317e-01 -1.380937621429403073e-01 -1.178018243218615785e-01 -9.832765665013118439e-02 -7.987093941473573377e-02 -6.244768639222397777e-02 -4.595216380300871928e-02 -3.020195401696303128e-02 -1.496894222889269717e-02
-6.141505742885141478e-02 -1.200507120491169505e-01 -1.729496693201424962e-01 -2.170219292402515709e-01 -2.494658453932870057e-01 -2.684818432799838117e-01 -2.739046492487963169e-01 -2.673135698199496368e-01 -2.515088447357369250e-01 -2.296769009308865794e-01 -2.046840055598245223e-01 -1.787154985214730041e-01 -1.532215467451442659e-01 -1.290296658229313498e-01 -1.065076121956567978e-01 -8.571403762919968528e-02 -6.651486302786215055e-02 -4.866391644730661686e-02 -3.185448758392309815e-02 -1.574985658662075502e-02
-7.616209309101888703e-02 -1.492671829697213848e-01 -2.156862049800809256e-01 -2.710614998746028181e-01 -3.109716786973416025e-01 -3.323563819298626099e-01 -3.349072429986776900e-01 -3.213597724420294011e-01 -2.964090953838591780e-01 -2.650585072071251491e-01 -2.314049678845495062e-01 -1.982140824017685210e-01 -1.670470902709879635e-01 -1.385875762176349835e-01 -1.129590267099606499e-01 -8.996269760070972621e-02 -6.923377154481656637e-02 -5.033411767345660065e-02 -3.280219413009826529e-02 -1.617596031887716043e-02
-9.392987540503285049e-02 -1.850530057043547061e-01 -2.691816381284400372e-01 -3.400392328558309307e-01 -3.902638967566385286e-01 -4.142789429474355578e-01 -4.113747954876568191e-01 -3.864222060390119506e-01 -3.475299802164922847e-01 -3.026801161804977824e-01 -2.576464634642791629e-01 -2.156853314043286063e-01 -1.781645409588524243e-01 -1.453144072789946117e-01 -1.167781343768312663e-01 -9.194390903644587831e-02 -7.012336281003048177e-02 -5.063654190841040958e-02 -3.284415864543899916e-02 -1.615177101155890541e-02
-1.143069931407929424e-01 -2.271977699341461987e-01 -3.343968569389249024e-01 -4.267797363695983726e-01 -4.917401544846777828e-01 -5.188406515060095536e-01 -5.064411936860286900e-01 -4.633166962694693081e-01 -4.036323870151309889e-01 -3.401427865539166651e-01 -2.807241847289603798e-01 -2.286977866843300788e-01 -1.846084540489452142e-01 -1.477269791464667081e-01 -1.168951201511387594e-01 -9.091138872672270554e-02 -6.867917576995744011e-02 -4.924448795758466779e-02 -3.178608927122473365e-02 -1.558694184580083734e-02
-1.352853111346331016e-01 -2.724099843624292472e-01 -4.080231047649987008e-01 -5.290916535632301798e-01 -6.144544229666601964e-01 -6.452297002750689847e-01 -6.179890698336509836e-01 -5.480687162477194674e-01 -4.595096647344455443e-01 -3.721194265579002014e-01 -2.960330418667734276e-01 -2.336971343416214819e-01 -1.838328227903182344e-01 -1.440885500159204413e-01 -1.121637990834621207e-01 -8.612731957397526394e-02 -6.443741884059640823e-02 -4.587611910339395999e-02 -2.946874241613199261e-02 -1.440989933762525099e-02
-1.518732040414820517e-01 -3.109198109290433054e-01 -4.761454213092651266e-01 -6.300149239870285189e-01 -7.397288250959926925e-01 -7.743184802565057367e-01 -7.276336608097141445e-01 -6.242209070295776652e-01 -5.016028917510538809e-01 -3.883631787510075650e-01 -2.964126434100596841e-01 -2.259870283105554212e-01 -1.729007280362348242e-01 -1.326263438064545774e-01 -1.015437967850003342e-01 -7.699660650703596398e-02 -5.706702014994070177e-02 -4.035381469496383822e-02 -2.580284839681338746e-02 -1.258391519613364339e-02
-1.552347424410611965e-01 -3.237611158635612663e-01 -5.080540907647844717e-01 -6.870786781539804933e-01 -8.166803839111093088e-01 -8.534312275706621431e-01 -7.882226449882315800e-01 -6.549486556863898246e-01 -5.043852726159439026e-01 -3.728089614426143839e-01 -2.724704823403650833e-01 -2.003733086501883753e-01 -1.490703842271502988e-01 -1.119622610155234094e-01 -8.438751392829134390e-02 -6.324820979243862829e-02 -4.648020221862942530e-02 -3.266927038916397907e-02 -2.080492690908719230e-02 -1.012292468210265577e-02
-1.344174967274433530e-01 -2.857810751100494651e-01 -4.596699887767651815e-01 -6.352571652679032121e-01 -7.644451507444368632e-01 -7.984301149388759455e-01 -7.266098345992787477e-01 -5.867198600965768396e-01 -4.343426173848895511e-01 -3.071153701365927913e-01 -2.152566146864581254e-01 -1.529504612819019560e-01 -1.108900096469180030e-01 -8.174679345611129966e-02 -6.079417120698047544e-02 -4.512837062674997929e-02 -3.293626303759202706e-02 -2.303812119897051189e-02 -1.462465646176189238e-02 -7.102866330368800239e-03
-8.180997690734288785e-02 -1.774799031116816028e-01 -2.929283096359042715e-01 -4.139878764556845780e-01 -5.046732420821892218e-01 -5.273575166766414357e-01 -4.736448420191639030e-01 -3.724815304100616009e-01 -2.657440229062406067e-01 -1.802818408799418681e-01 -1.216314006191121649e-01 -8.389819870318025730e-02 -5.958077660058447994e-02 -4.331618578026481814e-02 -3.191181686016143076e-02 -2.353466849642542671e-02 -1.709831279723558750e-02 -1.192229010900747177e-02 -7.552712061085566780e-03 -3.663894527726870454e-03
