-1.589485175908830414e-02 -3.223989056609993104e-02 -4.947325620071033048e-02 -6.799846520535331174e-02 -8.813850456950830803e-02 -1.100500577964074050e-01 -1.335790535898380427e-01 -1.580473456462253845e-01 -1.820026601118415188e-01 -2.030684136319663713e-01 -2.181596588823017380e-01 -2.242841955818334898e-01 -2.197159615839101021e-01 -2.047969023313592207e-01 -1.817233711792452244e-01 -1.534942107786361476e-01 -1.228114891031902162e-01 -9.150919333697851710e-02 -6.051494976565334472e-02 -3.007135167844926862e-02
-3.133951789664947418e-02 -6.359145477147382097e-02 -9.765466581389806167e-02 -1.343820482384515125e-01 -1.745050456454689813e-01 -2.184797144456590845e-01 -2.662040301783063501e-01 -3.165516834258245704e-01 -3.667341343296675604e-01 -4.117614631393274882e-01 -4.447087636973430236e-01 -4.585391667259577364e-01 -4.490982205933731208e-01 -4.172562976102862642e-01 -3.683343324043784617e-01 -3.093312816561280543e-01 -2.462078949001513251e-01 -1.827021110417482441e-01 -1.204777777615636952e-01 -5.977025476531508397e-02
-4.587176610687888206e-02 -9.313174622776868028e-02 -1.431718809792924263e-01 -1.973697375861228342e-01 -2.570174939500710076e-01 -3.231437631680313394e-01 -3.961259136762987909e-01 -4.749191347805391539e-01 -5.557533525369523497e-01 -6.306466549553644274e-01 -6.872598970915658745e-01 -7.121696522153609932e-01 -6.971877853653059010e-01 -6.441410522120236681e-01 -5.635800606153935632e-01 -4.686913595540156408e-01 -3.697996905361044528e-01 -2.725691992111328732e-01 -1.789158132460619832e-01 -8.853080406618134279e-02
-5.901580329923755697e-02 -1.198918784342325877e-01 -1.845312772068907481e-01 -2.549063893370804856e-01 -3.330415243658708668e-01 -4.208866423973876003e-01 -5.199104977705129027e-01 -6.300099265862640907e-01 -7.471655877523165623e-01 -8.600897517324448405e-01 -9.487735438405756616e-01 -9.897563418987036510e-01 -9.682337260673516965e-01 -8.876814188862062194e-01 -7.672375138016767071e-01 -6.296111139360304199e-01 -4.909653805191123155e-01 -3.586776471558803525e-01 -2.340528184404718215e-01 -1.154326977401261417e-01
-7.029956927938027511e-02 -1.428886700605197235e-01 -2.201546542134183160e-01 -3.046794870513462317e-01 -3.993248615048584638e-01 -5.072483434382577538e-01 -6.316079660303772769e-01 -7.742130702399611097e-01 -9.318083637933040064e-01 -1.089829160456936341e+00 -1.218482294343773642e+00 -1.280437550317100381e+00 -1.251462507260735046e+00 -1.137444021045997955e+00 -9.697337913475937432e-01 -7.839742971558602003e-01 -6.034012657352312292e-01 -4.365603050357515502e-01 -2.830838538082375289e-01 -1.391333621515415397e-01
-7.929380358237098081e-02 -1.612085323132861348e-01 -2.485184601909098956e-01 -3.443237425957423881e-01 -4.522579019846788007e-01 -5.766980640853053286e-01 -7.226823402867524893e-01 -8.944203569836156609e-01 -1.090168135271196270e+00 -1.292656262738899331e+00 -1.462031223251923695e+00 -1.545909868137112619e+00 -1.509622270743246730e+00 -1.361759289150531904e+00 -1.147162953447798284e+00 -9.153440288256519120e-01 -6.965302022791304282e-01 -4.997554027181553282e-01 -3.223509114725095492e-01 -1.579844379560752243e-01
-8.566710979600324072e-02 -1.741331131393913656e-01 -2.683856233714098649e-01 -3.718243298626383031e-01 -4.885563134825380294e-01 -6.237558282951807254e-01 -7.837665958605589678e-01 -9.745718076949113629e-01 -1.195715306536130562e+00 -1.428318292371886900e+00 -1.625624946172044449e+00 -1.724614530083162345e+00 -1.683161787598365988e+00 -1.511799885636847751e+00 -1.264991016508421495e+00 -1.001980619370235859e+00 -7.576869351197532687e-01 -5.412228114787406286e-01 -3.481558546324831638e-01 -1.703956427997412038e-01
-8.924151831647229860e-02 -1.812710743858546580e-01 -2.790648500760953832e-01 -3.860116608259938631e-01 -5.062134608794847113e-01 -6.448571779881829835e-01 -8.083344497338509349e-01 -1.002711992458351631e+00 -1.227574522683920755e+00 -1.463833711326607334e+00 -1.664065116264419553e+00 -1.764261839551374722e+00 -1.721614656672049604e+00 -1.546831950923745369e+00 -1.295257056899860926e+00 -1.027046338680630777e+00 -7.775976507286164185e-01 -5.561090042629258656e-01 -3.580812347336181922e-01 -1.753641602615971518e-01
-9.002788554871278548e-02 -1.826447020274850619e-01 -2.805892609384403880e-01 -3.869235494932717900e-01 -5.052508103913725401e-01 -6.399524728113256122e-01 -7.961434680318012491e-01 -9.781767921704415114e-01 -1.184322973584445826e+00 -1.396700418572336178e+00 -1.573734221334372574e+00 -1.660580618598743508e+00 -1.620880747105105879e+00 -1.463653783907576722e+00 -1.235918124257664674e+00 -9.894727739127203714e-01 -7.558115651120462797e-01 -5.442742575360950408e-01 -3.521094259042947261e-01 -1.728997800820865072e-01
-8.822531906465932994e-02 -1.786905004740774183e-01 -2.737225624987060790e-01 -3.758265919045180037e-01 -4.877756996867326778e-01 -6.126484043279405434e-01 -7.535630573329457071e-01 -9.123057511186107860e-01 -1.085388726569596729e+00 -1.257277590064333372e+00 -1.396004118431623420e+00 -1.461334132931120688e+00 -1.427088265732826322e+00 -1.299634005467920517e+00 -1.112830534952238271e+00 -9.050599201507431024e-01 -7.012398518835829542e-01 -5.105367505907212333e-01 -3.327272268555874768e-01 -1.640634551527917484e-01
-8.418288987618414987e-02 -1.701693678936896104e-01 -2.597830868587320818e-01 -3.548752216245126823e-01 -4.572957663224319069e-01 -5.687669696323701674e-01 -6.904792964080812556e-01 -8.219611871204389741e-01 -9.585535492161287863e-01 -1.087690484721027584e+00 -1.187186395774640912e+00 -1.230982897039229584e+00 -1.202604856708162195e+00 -1.105915587657469112e+00 -9.621952352296359035e-01 -7.966599748295936090e-01 -6.272782831586921626e-01 -4.624169603239373649e-01 -3.039314550589565234e-01 -1.505902891839587809e-01
-7.833687134179719014e-02 -1.580209733765186031e-01 -2.403648362389307347e-01 -3.265912802254464786e-01 -4.177289528895345438e-01 -5.144056172527415871e-01 -6.164327803696264541e-01 -7.219867091747411703e-01 -8.261973527629050684e-01 -9.195006013802954348e-01 -9.874679422902459258e-01 -1.014522363803605387e+00 -9.911733171940394493e-01 -9.195127224005674726e-01 -8.117371172241621968e-01 -6.831701202102616888e-01 -5.459986284109428212e-01 -4.072573886848775970e-01 -2.698718967734678453e-01 -1.343499579542467015e-01
-7.114362180255261181e-02 -1.432128098283474427e-01 -2.170638832042504907e-01 -2.933947075186021380e-01 -3.726109042745021638e-01 -4.546130379533259158e-01 -5.384560943723015747e-01 -6.218275372742942952e-01 -7.003613339406359328e-01 -7.670976536681819447e-01 -8.129073174690764070e-01 -8.287600560875322264e-01 -8.093706315303751397e-01 -7.557974026120403144e-01 -6.747548704452100976e-01 -5.752634673934808873e-01 -4.653428408804898275e-01 -3.505175917796276019e-01 -2.339084037115478076e-01 -1.169321389276875844e-01
-6.302480460659258543e-02 -1.266227585217456764e-01 -1.912831490557383995e-01 -2.573124045643780944e-01 -3.247037858088102635e-01 -3.929588514738836524e-01 -4.608476389873363832e-01 -5.261144107607581555e-01 -5.851984002392447426e-01 -6.331740672456133145e-01 -6.642657626254370173e-01 -6.731896724939808729e-01 -6.569635806372892128e-01 -6.161100736860422034e-01 -5.543466108399490722e-01 -4.770117155225883088e-01 -3.893492621711192037e-01 -2.955042056079312252e-01 -1.983016400611231078e-01 -9.946878390923830082e-02
-5.433283714883915816e-02 -1.089702703609771728e-01 -1.641335449504593702e-01 -2.198679098109032060e-01 -2.759323766412020706e-01 -3.316669293815271424e-01 -3.858411178868796365e-01 -4.365079912725775557e-01 -4.809253447613108801e-01 -5.156589980876662427e-01 -5.370075260180198207e-01 -5.417881373245765353e-01 -5.282537067276844578e-01 -4.966641289508608170e-01 -4.491455360896026705e-01 -3.889370906367663472e-01 -3.194911933686230832e-01 -2.438371538433410091e-01 -1.643231580652928514e-01 -8.264108307611670035e-02
-4.533627476731223738e-02 -9.079194168179355318e-02 -1.364128522981506164e-01 -1.820933078640455116e-01 -2.274907965170246127e-01 -2.719347851875873467e-01 -3.143389599101023002e-01 -3.531398926057377485e-01 -3.863038233521387532e-01 -4.114590366592843496e-01 -4.262016801046882852e-01 -4.285571520459378614e-01 -4.174619874770248984e-01 -3.930487410480740240e-01 -3.565806754120188771e-01 -3.100777662515317723e-01 -2.558343340855378512e-01 -1.960284137379199043e-01 -1.325124606438927988e-01 -6.677234999958878148e-02
-3.622032183758518847e-02 -7.244837345000171291e-02 -1.086326167902863793e-01 -1.446016751420100277e-01 -1.800027109292743899e-01 -2.142423933926094481e-01 -2.464397166342896517e-01 -2.754075510539061300e-01 -2.996874314224620139e-01 -3.176638321355609307e-01 -3.277701116380417057e-01 -3.287606765945454979e-01 -3.199730597379659702e-01 -3.014771851453699192e-01 -2.740446731968253502e-01 -2.389564937300769354e-01 -1.977391913225405862e-01 -1.519295235010277856e-01 -1.029258880090445499e-01 -5.193585259637260171e-02
-2.709664181003826680e-02 -5.414861716758552490e-02 -8.106756984870540361e-02 -1.076780678869937585e-01 -1.336759801037909479e-01 -1.585923594660079428e-01 -1.817699393858233925e-01 -2.023630617752764649e-01 -2.193742209507031915e-01 -2.317380917336674118e-01 -2.384531703996786711e-01 -2.387410209256944083e-01 -2.321911007958256112e-01 -2.188413389885247862e-01 -1.991638356259634313e-01 -1.739641373923303536e-01 -1.442363498523854815e-01 -1.110245860042431976e-01 -7.532571446523156355e-02 -3.804517139073718135e-02
-1.801762852115114735e-02 -3.598188666098515315e-02 -5.381097965599046518e-02 -7.136704693103128327e-02 -8.843078171671821253e-02 -1.046811269296038793e-01 -1.196846205552173636e-01 -1.329005339555674459e-01 -1.437082832108353692e-01 -1.514611039844769025e-01 -1.555633898975072316e-01 -1.555590509921912779e-01 -1.512089015219714450e-01 -1.425331782374628653e-01 -1.298051630543883006e-01 -1.134998585384127678e-01 -9.421748353703195134e-02 -7.260675720141819556e-02 -4.930721324844953429e-02 -2.491912004156693339e-02
-8.991987340929263883e-03 -1.795032235303760035e-02 -2.682741554682243137e-02 -3.554835873933209767e-02 -4.399897174069931222e-02 -5.201674586634545683e-02 -5.938688483698541937e-02 -6.584617341621556985e-02 -7.109727682956480665e-02 -7.483465317268135630e-02 -7.678023281540913292e-02 -7.672288950165646881e-02 -7.455227465075349447e-02 -7.027730803162489381e-02 -6.402378043929252138e-02 -5.601265203535073234e-02 -4.652697024578651697e-02 -3.587774748488976179e-02 -2.437726387890004620e-02 -1.232409568023242960e-02
