-1.668422362493892502e-02 -3.383771392333284611e-02 -5.191390835800352432e-02 -7.132251476824881531e-02 -9.237506368113149180e-02 -1.151857550949529768e-01 -1.395084977494676914e-01 -1.645051965830926499e-01 -1.884969088732089959e-01 -2.088718631885460308e-01 -2.224394258614354469e-01 -2.263838964228768180e-01 -2.194489058461712994e-01 -2.025323741044198211e-01 -1.781998627017899461e-01 -1.495191779946909716e-01 -1.190464156634523790e-01 -8.840299745017829447e-02 -5.833303882401309759e-02 -2.895187700209853401e-02
-3.289917972636240140e-02 -6.675272121191096197e-02 -1.024953965972311837e-01 -1.410009932473007543e-01 -1.829912127019280854e-01 -2.288547003264398694e-01 -2.783208491477067725e-01 -3.299369733223353474e-01 -3.804005802061786734e-01 -4.241247679721814601e-01 -4.538457732587886650e-01 -4.628817213951590404e-01 -4.482023235447476495e-01 -4.120268416361866914e-01 -3.605172344925706707e-01 -3.007415726969121517e-01 -2.382375381901667144e-01 -1.762267915010666819e-01 -1.159763142210842451e-01 -5.747434556402385847e-02
-4.815977075306127758e-02 -9.777859063891417013e-02 -1.503139153238262360e-01 -2.071943404346004713e-01 -2.697299489038308962e-01 -3.388954750183951203e-01 -4.148643145847289992e-01 -4.961011336449578368e-01 -5.779184264735074406e-01 -6.510963090254224817e-01 -7.024211669065570929e-01 -7.189928806557017715e-01 -6.948240516404210476e-01 -6.344233419248245243e-01 -5.498646682756375137e-01 -4.542161871619214142e-01 -3.567963232724846723e-01 -2.622595321908926524e-01 -1.718659154442842008e-01 -8.496853023649850178e-02
-6.196131086726002629e-02 -1.258879392703625977e-01 -1.937871403916273383e-01 -2.677304301191065772e-01 -3.498219156328914448e-01 -4.420293056545225308e-01 -5.456567840305801553e-01 -6.599782574596511076e-01 -7.795050300240071728e-01 -8.906412316292081632e-01 -9.714679680493477631e-01 -9.991825665251821142e-01 -9.629419563705770013e-01 -8.710988520979789929e-01 -7.452814037153644433e-01 -6.075280757468678461e-01 -4.719072179717254123e-01 -3.440240608399988131e-01 -2.242382996021830832e-01 -1.105311893815448393e-01
-7.379752995263974547e-02 -1.500246727602886077e-01 -2.312156811115096688e-01 -3.201119300142241109e-01 -4.197460828942433109e-01 -5.334239499277574348e-01 -6.642679860518030388e-01 -8.133953610158982661e-01 -9.754085841167329241e-01 -1.131922431333601153e+00 -1.249651647238798402e+00 -1.292023026134759167e+00 -1.241289280889146251e+00 -1.111330170461215294e+00 -9.371752422134947969e-01 -7.527521273983934780e-01 -5.775412571416961294e-01 -4.173061902388248146e-01 -2.704674235761888590e-01 -1.329097072066041663e-01
-8.320413022259835756e-02 -1.691974430975676513e-01 -2.609375881332864910e-01 -3.617405958815096967e-01 -4.755054000530004599e-01 -6.069076040698208052e-01 -7.611243671614831285e-01 -9.416614309687513229e-01 -1.143961909174415315e+00 -1.345294842226099519e+00 -1.500549378637586972e+00 -1.558217610851832635e+00 -1.492955515113004061e+00 -1.324756621122012756e+00 -1.103254533653165170e+00 -8.748633474734188731e-01 -6.641400810473008232e-01 -4.762933682005980884e-01 -3.072646939594610993e-01 -1.506210304878947415e-01
-8.982153921087396298e-02 -1.826232088940493437e-01 -2.815941678994552944e-01 -3.903810460580166564e-01 -5.134129795186058720e-01 -6.562588319454863983e-01 -8.255180792132080780e-01 -1.026462318827576992e+00 -1.255359358285348392e+00 -1.486739668662590219e+00 -1.667417589118928900e+00 -1.735457548781788040e+00 -1.660169822054557764e+00 -1.465859099281854760e+00 -1.212378869325599462e+00 -9.547112311627470316e-01 -7.206797051529815201e-01 -5.148724561979305392e-01 -3.314101251783218571e-01 -1.622757783009881882e-01
-9.345880514199537969e-02 -1.898794530643349021e-01 -2.924315193898968102e-01 -4.047410013578892074e-01 -5.312191550244551586e-01 -6.774290394834011630e-01 -8.499881956908393876e-01 -1.054202367307478516e+00 -1.286314038856592568e+00 -1.520608403290928834e+00 -1.703326986713652458e+00 -1.771829140730067698e+00 -1.695067307457626127e+00 -1.497630501845812034e+00 -1.240058172316972573e+00 -9.779337826821886681e-01 -7.393611445113164038e-01 -5.289739269562546697e-01 -3.408696827260304651e-01 -1.670264312788095340e-01
-9.413421549288113199e-02 -1.910040425873791026e-01 -2.935080899539712074e-01 -4.048962531967752465e-01 -5.290012980230220929e-01 -6.704527447933432693e-01 -8.344266896278954571e-01 -1.024449286977373141e+00 -1.235820622435125360e+00 -1.445123095685039161e+00 -1.605775518245709854e+00 -1.664508090006336927e+00 -1.595089724403554010e+00 -1.418214275273644853e+00 -1.185222657762316611e+00 -9.440627562219804370e-01 -7.200618782010812513e-01 -5.186240006482036868e-01 -3.357043641741539464e-01 -1.649139757321185507e-01
-9.207400465160250902e-02 -1.864942286246905612e-01 -2.856979501893963103e-01 -3.923068511338724806e-01 -5.092117490238837751e-01 -6.395687431408553225e-01 -7.863602952129743473e-01 -9.505367471139793967e-01 -1.126302549051362956e+00 -1.294251765471946536e+00 -1.419247531670881468e+00 -1.462625708220386178e+00 -1.405604967861336485e+00 -1.262867524925974649e+00 -1.071448951967186813e+00 -8.671804659596146214e-01 -6.706499325906742914e-01 -4.880845288526799441e-01 -3.181293363336697433e-01 -1.568894321452755647e-01
-8.766756850596671424e-02 -1.772008118727899928e-01 -2.704811155248798005e-01 -3.694052270467134136e-01 -4.758384768788841424e-01 -5.914408616622561787e-01 -7.171368653246515956e-01 -8.517074043551160489e-01 -9.889063870134621181e-01 -1.113864214997468682e+00 -1.202803473762027453e+00 -1.231019735194276210e+00 -1.186758013623686159e+00 -1.079051929314042813e+00 -9.313173398216934018e-01 -7.674557223571236708e-01 -6.028618598953539021e-01 -4.439583660021970135e-01 -2.916751592053425934e-01 -1.444935730722957945e-01
-8.139545722754951140e-02 -1.641602901578665674e-01 -2.496198041330086048e-01 -3.389872813314455113e-01 -4.332377731937532284e-01 -5.328609159473939316e-01 -6.373682282227413065e-01 -7.443469010380364681e-01 -8.479422358583704744e-01 -9.373984618047648265e-01 -9.976842236574362532e-01 -1.014260566759510374e+00 -9.803870494540167790e-01 -9.010951648901015520e-01 -7.899476424241020922e-01 -6.617734495869540545e-01 -5.274297955280374817e-01 -3.927794339577276861e-01 -2.600467894518181944e-01 -1.294004712306319749e-01
-7.375397165765704144e-02 -1.484250771160325333e-01 -2.248503078232934604e-01 -3.036839126923939758e-01 -3.852448488340141086e-01 -4.692764603276177726e-01 -5.545673237447132919e-01 -6.383879701523130779e-01 -7.158094505404236640e-01 -7.793270371448244305e-01 -8.196894915736085974e-01 -8.286022233742856846e-01 -8.023223825284984123e-01 -7.435219474002464635e-01 -6.597744717678329929e-01 -5.600146226486165668e-01 -4.516485317530202770e-01 -3.395375848316833922e-01 -2.263077302707287297e-01 -1.130584238609392556e-01
-6.519535557292355232e-02 -1.309357404056231133e-01 -1.976723858558789571e-01 -2.656526038231985520e-01 -3.347762727282358464e-01 -4.044021299332699049e-01 -4.730938879550762866e-01 -5.383238397057441560e-01 -5.962297121072211992e-01 -6.416681547679079500e-01 -6.689235251102374491e-01 -6.732120030328581084e-01 -6.524231847741392976e-01 -6.079760545962601404e-01 -5.441298717841217547e-01 -4.662904152054558882e-01 -3.794451951527362255e-01 -2.873776913171267045e-01 -1.925819247298038994e-01 -9.652470705058696643e-02
-5.609171263281399755e-02 -1.124501471736623071e-01 -1.692508847602832711e-01 -2.264777306888357822e-01 -2.838045493192961621e-01 -3.404559951339539703e-01 -3.950547219358704343e-01 -4.454864889539830730e-01 -4.888567933156143241e-01 -5.216632297868264434e-01 -5.403101144360522579e-01 -5.419490192085216762e-01 -5.253420758807249014e-01 -4.912659229837131880e-01 -4.421922830179473296e-01 -3.814616914064692943e-01 -3.124319406786205122e-01 -2.379389331167390542e-01 -1.601163766252692300e-01 -8.045832870389978131e-02
-4.672134836461568075e-02 -9.352225344469561330e-02 -1.404032769895903476e-01 -1.872028720932114865e-01 -2.335080631739405721e-01 -2.785617195591329476e-01 -3.211784941938689020e-01 -3.596963780089018625e-01 -3.920096350221767278e-01 -4.157404814021582462e-01 -4.285855949423197364e-01 -4.287929415828385382e-01 -4.156073016781910434e-01 -3.894709012787621605e-01 -3.518697856759168685e-01 -3.049160032425138334e-01 -2.508772382739437035e-01 -1.918286840233554558e-01 -1.294861487608738870e-01 -6.519220955254698135e-02
-3.727142698068571652e-02 -7.451424085355939919e-02 -1.116370981962253456e-01 -1.484224185665650453e-01 -1.844630990533086545e-01 -2.191042343298960637e-01 -2.514007132450027382e-01 -2.801093217127153534e-01 -3.037406676410643880e-01 -3.206948929947717741e-01 -3.294856448442944341e-01 -3.290144518681254460e-01 -3.188096691684426109e-01 -2.991314660793271685e-01 -2.708953184274691117e-01 -2.354535138803645344e-01 -1.943318073613532759e-01 -1.490123039507397218e-01 -1.008073068935360084e-01 -5.082436009456758885e-02
-2.785011770903400921e-02 -5.562618415242614328e-02 -8.320845708702831467e-02 -1.103866087341328073e-01 -1.368176831610623811e-01 -1.619914022531440956e-01 -1.852107691853479288e-01 -2.055993990265854166e-01 -2.221484710453452138e-01 -2.338120634757876737e-01 -2.396465364058397995e-01 -2.389682627493340539e-01 -2.314843178140175151e-01 -2.173492113167306283e-01 -1.971261236329387434e-01 -1.716707799785712196e-01 -1.419841339839600647e-01 -1.090814093667460821e-01 -7.390641583407402126e-02 -3.729792349304925092e-02
-1.850285698200119719e-02 -3.693192050173924046e-02 -5.518393797853653887e-02 -7.309787952250831888e-02 -9.042962693379411054e-02 -1.068329259918596869e-01 -1.218515612475215421e-01 -1.349290278941892296e-01 -1.454417326021952284e-01 -1.527583106154509207e-01 -1.563201083166593230e-01 -1.557276663016222695e-01 -1.508100585052033205e-01 -1.416548923263427628e-01 -1.285891629504144207e-01 -1.121193411868400547e-01 -9.285253881862921832e-02 -7.142278416507828742e-02 -4.843902416326913846e-02 -2.446091788755853577e-02
-9.229389791850365829e-03 -1.841470171082406487e-02 -2.749749716242972861e-02 -3.639134919592485612e-02 -4.497002269930912982e-02 -5.305911774514521229e-02 -6.043352427623892298e-02 -6.682341853158203782e-02 -7.193112240043234018e-02 -7.545933809551202964e-02 -7.714792024431445239e-02 -7.681223564906354551e-02 -7.437335729340711910e-02 -6.987113604419252499e-02 -6.345629543695308072e-02 -5.536488324231839120e-02 -4.588389654495739212e-02 -3.531816504295425679e-02 -2.396597830601701271e-02 -1.210672415565088207e-02
