-1.508603179745376943e-02 -2.902901640361889302e-02 -4.086452208670360992e-02 -4.994165284518055359e-02 -5.598551339410112737e-02 -5.907734280146524630e-02 -5.956826785412291936e-02 -5.796228433381783035e-02 -5.480575050895068745e-02 -5.060675307655187333e-02 -4.579012371565750750e-02 -4.068202690326975374e-02 -3.551379982958896564e-02 -3.043559158970357906e-02 -2.553313188276096560e-02 -2.084379955650968522e-02 -1.637024390549288166e-02 -1.209109634738410669e-02 -7.968997216779459200e-03 -3.956438224714537398e-03
-3.131508442978162693e-02 -6.016546805788643149e-02 -8.448736280167654100e-02 -1.029165226530666111e-01 -1.149230194815301087e-01 -1.207555685027698195e-01 -1.212334360534221972e-01 -1.174751163473112259e-01 -1.106539646431312918e-01 -1.018311380088973983e-01 -9.187171623233521267e-02 -8.142418505979777399e-02 -7.093758277390922740e-02 -6.069543642828052060e-02 -5.085313705502663567e-02 -4.147182407492239903e-02 -3.254608082783667228e-02 -2.402514446747682983e-02 -1.582845591043627320e-02 -7.856755047535815550e-03
-5.000840450593583425e-02 -9.582968699408778157e-02 -1.340020324735268775e-01 -1.623131910004772527e-01 -1.800338483649361609e-01 -1.877881362183498604e-01 -1.871346502623220387e-01 -1.800507378447021301e-01 -1.685038443221891225e-01 -1.541921170230692861e-01 -1.384414200534066774e-01 -1.222054167159164206e-01 -1.061169128074214985e-01 -9.055543621530137699e-02 -7.571215850901948097e-02 -6.164428085965424631e-02 -4.831711170205667955e-02 -3.563494748996154371e-02 -2.346292574689027785e-02 -1.164212720655115850e-02
-7.288347628537858447e-02 -1.391339393422380000e-01 -1.933666961787579575e-01 -2.322896961508373048e-01 -2.551033456442541314e-01 -2.632242633870727211e-01 -2.594645453925112921e-01 -2.470887935748838637e-01 -2.291184298071651526e-01 -2.079920447694937613e-01 -1.854964322315849901e-01 -1.628391515919684063e-01 -1.407692204435772032e-01 -1.196972403145540598e-01 -9.979578170248705471e-02 -8.107603278147772208e-02 -6.344313964699571651e-02 -4.673460954392602562e-02 -3.074617431395626141e-02 -1.524882769882893001e-02
-1.023412959629733249e-01 -1.943725543766765818e-01 -2.679363611825195668e-01 -3.182757426560877123e-01 -3.447934876935040971e-01 -3.505015623998638530e-01 -3.403940988469624784e-01 -3.197163122549567249e-01 -2.928878129093999139e-01 -2.631609815601963498e-01 -2.327130873284312673e-01 -2.028855397693059837e-01 -1.744235805599415878e-01 -1.476685268570140652e-01 -1.226976976308892242e-01 -9.942093162647003268e-02 -7.764480748624268125e-02 -5.711417939556565071e-02 -3.753833433733037850e-02 -1.860700990899296844e-02
-1.417525696718013595e-01 -2.674873785524707337e-01 -3.649873198393203677e-01 -4.273753777122713537e-01 -4.547819090541849740e-01 -4.533144119920918813e-01 -4.317777756914201737e-01 -3.984579887570721679e-01 -3.595468147732092112e-01 -3.190494100847422465e-01 -2.793091876553643882e-01 -2.415663228704396648e-01 -2.063710405922083990e-01 -1.738555919484519596e-01 -1.439055541899842139e-01 -1.162651930103686809e-01 -9.060098290193827064e-02 -6.653897032190637939e-02 -4.368597386935115651e-02 -2.164087807910018701e-02
-1.952640699588955031e-01 -3.656576641317721421e-01 -4.931539694235179128e-01 -5.676490122889343848e-01 -5.908943365042184093e-01 -5.746907445061320008e-01 -5.343197042950087461e-01 -4.825944500933337933e-01 -4.277451625946540048e-01 -3.741721845895892851e-01 -3.239067759194595997e-01 -2.776994115481523639e-01 -2.356386624317964862e-01 -1.974772511944939413e-01 -1.628037370115377469e-01 -1.311333091246972005e-01 -1.019549656075210281e-01 -7.475474872712493946e-02 -4.902571430853677054e-02 -2.427052813407873030e-02
-2.658294269162069789e-01 -4.937647255383064704e-01 -6.580318417346826543e-01 -7.436513916211040520e-01 -7.552455038655691011e-01 -7.140968664875593230e-01 -6.456684956883026461e-01 -5.690535015515906236e-01 -4.944760663395578737e-01 -4.259528386924427701e-01 -3.644415929983569336e-01 -3.096854021772932342e-01 -2.610069147754424668e-01 -2.176110157348151442e-01 -1.786988393699878164e-01 -1.435093464523294893e-01 -1.113308283512049329e-01 -8.149934915512672962e-02 -5.339160701588111652e-02 -2.641552002097615273e-02
-3.501347712028806125e-01 -6.454906847045954743e-01 -8.512194204859701019e-01 -9.457178401752582841e-01 -9.376988438923177238e-01 -8.618167317850404796e-01 -7.573323199270453054e-01 -6.509984506367181289e-01 -5.545621202300865527e-01 -4.706147345712745067e-01 -3.982067296330570327e-01 -3.355921780836546575e-01 -2.810924665748216200e-01 -2.332610560803431987e-01 -1.908712617114708410e-01 -1.528744171852672307e-01 -1.183596578897907342e-01 -8.652021769846389432e-02 -5.662584510821526418e-02 -2.799994383748390797e-02
-4.326392296668243875e-01 -7.930305777917798782e-01 -1.037723653283742831e+00 -1.137954845831578021e+00 -1.106871653009541268e+00 -9.937121068035513760e-01 -8.524068295334106260e-01 -7.172446856460267250e-01 -6.007756808882770416e-01 -5.034871212943278218e-01 -4.221441425452357454e-01 -3.533805634802056339e-01 -2.945094437313943159e-01 -2.434694692945865990e-01 -1.986507384240182583e-01 -1.587574089636709096e-01 -1.227131762908222762e-01 -8.959602224888654765e-02 -5.859161281493083934e-02 -2.895840882964054869e-02
-4.869237039731650896e-01 -8.896858706421396645e-01 -1.159312118192651786e+00 -1.262013480851588820e+00 -1.214035166577019709e+00 -1.074865175993815480e+00 -9.085967251778768183e-01 -7.544967158181908884e-01 -6.253520389372322352e-01 -5.199697746324639658e-01 -4.334412941660519825e-01 -3.612701763339553063e-01 -3.000947844098107997e-01 -2.474566150247754781e-01 -2.015048165964686278e-01 -1.607913118486991311e-01 -1.241396226257008711e-01 -9.055908692235281610e-02 -5.918617496993833216e-02 -2.924207760291127473e-02
-4.901343782415573669e-01 -8.952472669268114469e-01 -1.165991501055197110e+00 -1.268223443093479119e+00 -1.218443054649351209e+00 -1.076929015522547939e+00 -9.085463229135254393e-01 -7.529276014835259989e-01 -6.228590515873065891e-01 -5.170007848263376005e-01 -4.302991577865525330e-01 -3.581555603792740405e-01 -2.971422404960662456e-01 -2.447573544188774985e-01 -1.991206044051613278e-01 -1.587634062102012966e-01 -1.224949224703954925e-01 -8.931453245308879074e-02 -5.835192322786780100e-02 -2.882372504514323433e-02
-4.403757779660331106e-01 -8.063788092795365348e-01 -1.053606826312830647e+00 -1.152446109624805093e+00 -1.116685603294917728e+00 -9.975102399876862869e-01 -8.507621251354556824e-01 -7.116599857529027906e-01 -5.927814678455040065e-01 -4.942651150320808706e-01 -4.125153942559482978e-01 -3.439019935178764809e-01 -2.855605846184934848e-01 -2.353099241129987251e-01 -1.914568427057324884e-01 -1.526467928709324684e-01 -1.177621363063151017e-01 -8.585220205358398693e-02 -5.608326077941683946e-02 -2.770089854050132583e-02
-3.582549706239729348e-01 -6.593112150664510729e-01 -8.671724596021922471e-01 -9.593316432622244205e-01 -9.452694360183933053e-01 -8.618552167348740856e-01 -7.505480874552380444e-01 -6.392251082233137982e-01 -5.397317093877512795e-01 -4.542909516250334678e-01 -3.815306514037941632e-01 -3.193697249438344765e-01 -2.658876603274558659e-01 -2.194648868514632312e-01 -1.787500530063927395e-01 -1.426047934987339505e-01 -1.100546342555108748e-01 -8.024888352459461083e-02 -5.242802032616126345e-02 -2.589660699995240470e-02
-2.707493498111709362e-01 -5.016706552023211252e-01 -6.660144232860099045e-01 -7.481703461036415259e-01 -7.534513076134724541e-01 -7.049520919187499679e-01 -6.299545470254306334e-01 -5.485438997440801323e-01 -4.710989455684300720e-01 -4.013596593957715064e-01 -3.399086250290242472e-01 -2.861546660510510542e-01 -2.391551408614618068e-01 -1.979118969201416611e-01 -1.614736920988026347e-01 -1.289677000195629253e-01 -9.960273009448093740e-02 -7.266068249710598559e-02 -4.748332957152978651e-02 -2.345750932362053801e-02
-1.952547657925871594e-01 -3.644850555447049500e-01 -4.890728626974148452e-01 -5.586495182768626000e-01 -5.755196921595741033e-01 -5.527051986063177269e-01 -5.067088281290128560e-01 -4.510448949642348881e-01 -3.940803034727726750e-01 -3.400171433467441551e-01 -2.905726780655984443e-01 -2.461834310085472821e-01 -2.066662085330083498e-01 -1.715538631854587048e-01 -1.402651212593425123e-01 -1.121895898377699985e-01 -8.672790936690458197e-02 -6.330779034453030973e-02 -4.138710741830386314e-02 -2.045009894857095431e-02
-1.364121150160480245e-01 -2.564015946419619385e-01 -3.476098286332596765e-01 -4.032246989109588564e-01 -4.238311460899936156e-01 -4.162808037407152995e-01 -3.900762585867140753e-01 -3.538855781171436066e-01 -3.139310453755129182e-01 -2.740145039084594392e-01 -2.361758425014070240e-01 -2.013395886376829480e-01 -1.697723578969002611e-01 -1.413722265526881905e-01 -1.158433422766850934e-01 -9.279763423559057867e-02 -7.181153178597977915e-02 -5.245546660395794536e-02 -3.430720970066720305e-02 -1.695577842269352029e-02
-9.159822597392200394e-02 -1.731301663479260511e-01 -2.367512619052484779e-01 -2.780549369692314476e-01 -2.968662256519512543e-01 -2.966309297749106788e-01 -2.826496904840044011e-01 -2.602446689064503160e-01 -2.336852642101991673e-01 -2.059234043405198389e-01 -1.787751560964526421e-01 -1.532265784562828193e-01 -1.297113996950993720e-01 -1.083193444062352517e-01 -8.893838969528071459e-02 -7.134607712778515132e-02 -5.526512148906917443e-02 -4.039533726742560588e-02 -2.643048597379917333e-02 -1.306580395810520712e-02
-5.638713067040480170e-02 -1.070010830033167465e-01 -1.472441866782631392e-01 -1.744572368992584055e-01 -1.882831774528802848e-01 -1.903630657504830348e-01 -1.834958614772160268e-01 -1.707106235816733542e-01 -1.546306072702544054e-01 -1.372166476122493317e-01 -1.197745238188425432e-01 -1.030801444747124762e-01 -8.752731865987059545e-02 -7.325536418400013794e-02 -6.024479577307572525e-02 -4.838316831490586251e-02 -3.750754336770478065e-02 -2.743027680538019999e-02 -1.795359305680963372e-02 -8.876949932613601227e-03
-2.688118831988073679e-02 -5.113005395542782883e-02 -7.062539629315577050e-02 -8.411157045400299848e-02 -9.134862090042875082e-02 -9.298888174340544377e-02 -9.023789770615400774e-02 -8.446438251487439763e-02 -7.690823233878216203e-02 -6.853775555272537123e-02 -6.002610931224928309e-02 -5.179215527772217803e-02 -4.406236793819606756e-02 -3.692999848457882012e-02 -3.040226343921723431e-02 -2.443425978045407967e-02 -1.895160940849277206e-02 -1.386463587405508020e-02 -9.076657630810639962e-03 -4.488402175725797472e-03
