-1.478609371797994232e-01 -2.618731840981558534e-01 -3.271455292141193238e-01 -3.378952536233102988e-01 -3.053105653738985570e-01 -2.513911943348033917e-01 -1.958858835344134963e-01 -1.490571744735934012e-01 -1.130463544455603958e-01 -8.626666112737248204e-02 -6.640427390525376061e-02 -5.151320797145797492e-02 -4.016878303274055290e-02 -3.136405829114273514e-02 -2.438803579043449452e-02 -1.873274481808953965e-02 -1.402827825725363325e-02 -9.998130204515707359e-03 -6.428280932986446539e-03 -3.145279111692025377e-03
-2.837275574362925767e-01 -5.020295897388562523e-01 -6.267278698497790179e-01 -6.466294610817244770e-01 -5.834213403642520834e-01 -4.797370645011633239e-01 -3.736192799681998800e-01 -2.845330215417456454e-01 -2.162506735975647798e-01 -1.655136417739747623e-01 -1.278242236380029984e-01 -9.947852501183739038e-02 -7.779777616799855855e-02 -6.089941072618466206e-02 -4.745534033569022425e-02 -3.651466661768409949e-02 -2.738223886502551274e-02 -1.953596178641426803e-02 -1.256971463159434026e-02 -6.152834801013799815e-03
-3.917549466763334820e-01 -6.924499954175292737e-01 -8.641084091986284133e-01 -8.909858604396027060e-01 -8.032678880463560711e-01 -6.604056627681992309e-01 -5.150430466214069858e-01 -3.935829144681076142e-01 -3.006668214592360111e-01 -2.315047335285382313e-01 -1.798739983250368935e-01 -1.407763485674215498e-01 -1.106442024671171892e-01 -8.698045951379097807e-02 -6.801924970529282799e-02 -5.248834438196695040e-02 -3.945005042938023315e-02 -2.819376486147929378e-02 -1.816178042933809522e-02 -8.896345100247534179e-03
-4.470091331777484855e-01 -7.908481774968747491e-01 -9.887244954365739247e-01 -1.022482127694275045e+00 -9.259810699904529319e-01 -7.662937030717047460e-01 -6.028335998284373165e-01 -4.654184402616835525e-01 -3.594122294494683789e-01 -2.796432681603861492e-01 -2.193498872476853656e-01 -1.731047427482128864e-01 -1.370219416724193506e-01 -1.083589611792390162e-01 -8.515285551210365067e-02 -6.596941382328007364e-02 -4.973585707051798865e-02 -3.562726832681697292e-02 -2.298729790092201436e-02 -1.127076445887897384e-02
-4.372833818312428789e-01 -7.767772402684532951e-01 -9.763723206481357275e-01 -1.018327095489519607e+00 -9.338583513876542730e-01 -7.856081444270867076e-01 -6.298220970916791339e-01 -4.957088526816957885e-01 -3.896796046641314848e-01 -3.079307147735682593e-01 -2.447298406934814430e-01 -1.952662057024089348e-01 -1.559795265292687749e-01 -1.242805718677948840e-01 -9.826379863395891257e-02 -7.650060256639619471e-02 -5.789669956376543303e-02 -4.159215645441018822e-02 -2.688937856034118168e-02 -1.319941430349319024e-02
-3.763315132420470555e-01 -6.735811081936362577e-01 -8.548352532705313367e-01 -9.049444296200742643e-01 -8.477526656709184483e-01 -7.323929214516504693e-01 -6.043358175032489399e-01 -4.889325382184778745e-01 -3.936808279494694029e-01 -3.173373691871636537e-01 -2.563302866738915164e-01 -2.072466465299740712e-01 -1.673490932911855522e-01 -1.345199875825304203e-01 -1.071211674721274931e-01 -8.387250249879958652e-02 -6.375818742956392005e-02 -4.595528243843758492e-02 -2.977864563970714085e-02 -1.463751405565858962e-02
-2.943547588266796633e-01 -5.325250468275152249e-01 -6.851933945683806870e-01 -7.405552714727738906e-01 -7.138308315970769424e-01 -6.380880765536809385e-01 -5.455033431006937050e-01 -4.559701726298021063e-01 -3.774397707358191356e-01 -3.111840955835040168e-01 -2.559788970761656679e-01 -2.100382739911225427e-01 -1.716500179713970897e-01 -1.393291117535896129e-01 -1.118283845599782472e-01 -8.811005835009705356e-02 -6.730826959574051638e-02 -4.869214309666316381e-02 -3.163240833178204009e-02 -1.557199499968203900e-02
-2.175833777805280533e-01 -3.986205218213086376e-01 -5.215755905829781991e-01 -5.776348316827768503e-01 -5.749552074949251246e-01 -5.332343505528108762e-01 -4.730817814607538030e-01 -4.089319993819690580e-01 -3.482446410227674760e-01 -2.938665045878992577e-01 -2.463484791283956643e-01 -2.052761496772205485e-01 -1.698834976187190426e-01 -1.393180571721717442e-01 -1.127532056770125385e-01 -8.943108195877309818e-02 -6.867269517454081817e-02 -4.987261495092854685e-02 -3.248684939409761385e-02 -1.601805745557750155e-02
-1.576785735301493574e-01 -2.925521661410478425e-01 -3.896155121075929872e-01 -4.423321358955066285e-01 -4.542857592974431369e-01 -4.362385399622339399e-01 -4.005895942944036614e-01 -3.572451081977787157e-01 -3.124780393767522813e-01 -2.696448608729055119e-01 -2.302667892280552686e-01 -1.948338186145222306e-01 -1.632897347886733408e-01 -1.353064181103369734e-01 -1.104353036592800180e-01 -8.818837559838160756e-02 -6.807881770492922591e-02 -4.963877573891496697e-02 -3.242431823603744018e-02 -1.601338495869142342e-02
-1.148198482029619966e-01 -2.154431302437669338e-01 -2.916903516975401511e-01 -3.386853993844779476e-01 -3.575201486196108447e-01 -3.537502259598955812e-01 -3.346025731434660866e-01 -3.066336542654842789e-01 -2.747008105618886642e-01 -2.419552543904995301e-01 -2.102383731913553822e-01 -1.805024520397956744e-01 -1.531352014255263905e-01 -1.281825821862149495e-01 -1.054932203837819493e-01 -8.480830303847795848e-02 -6.581542996316212812e-02 -4.817935558871561802e-02 -3.155826521172687416e-02 -1.561116509038436642e-02
-8.488019652136279125e-02 -1.607467626391390902e-01 -2.207299069142610037e-01 -2.611787564949648588e-01 -2.820067198088895277e-01 -2.859532570026682152e-01 -2.771727629171678031e-01 -2.599091243390638239e-01 -2.377192754870316171e-01 -2.132341271866779742e-01 -1.882286430975627090e-01 -1.638023886525935835e-01 -1.405660412634177348e-01 -1.187954943844352212e-01 -9.854669627887632788e-02 -7.973619226743157429e-02 -6.219524776349123069e-02 -4.570495661335840371e-02 -3.001822458693466020e-02 -1.487301139758868095e-02
-6.373935754157510070e-02 -1.216036613142044143e-01 -1.689191076421196203e-01 -2.029532921441268845e-01 -2.231472921029274969e-01 -2.307679046529591271e-01 -2.281817033203987766e-01 -2.180978625628047785e-01 -2.030301859804586329e-01 -1.850328646036451530e-01 -1.656396323133448867e-01 -1.459124208594237138e-01 -1.265310883637267569e-01 -1.078866624251808570e-01 -9.016188363126471927e-02 -7.339452628570178327e-02 -5.752441686274513410e-02 -4.242700313582580679e-02 -2.793666799493024766e-02 -1.386265761437616671e-02
-4.844619112415213952e-02 -9.296733556929630271e-02 -1.303405418943578975e-01 -1.585247149893257435e-01 -1.768322656275946037e-01 -1.857746616804284989e-01 -1.866826303422096656e-01 -1.812687938224180617e-01 -1.712703860172284931e-01 -1.582274603500200272e-01 -1.433846016250344968e-01 -1.276765827680588217e-01 -1.117592342504391129e-01 -9.605819046072340550e-02 -8.081965439437148457e-02 -6.615561711564368896e-02 -5.208089578524813940e-02 -3.854197523799921671e-02 -2.543878883246361230e-02 -1.264095267756111009e-02
-3.707542695574693459e-02 -7.147488359776685285e-02 -1.009462743461834733e-01 -1.239685783293843491e-01 -1.398795955963688109e-01 -1.488144280814194809e-01 -1.515048209872380536e-01 -1.490241433941791871e-01 -1.425550765062610914e-01 -1.332219908952455567e-01 -1.219947388513604042e-01 -1.096500800254658903e-01 -9.677108356826227831e-02 -8.376721590532305861e-02 -7.090293267456070081e-02 -5.832739866156831654e-02 -4.610157852399420636e-02 -3.422121629627433020e-02 -2.263556053507270044e-02 -1.126236379757670526e-02
-2.838044051376562710e-02 -5.491020114226653759e-02 -7.800074809387232133e-02 -9.652342405309545514e-02 -1.099029066043216291e-01 -1.180985341992856347e-01 -1.214980462998020566e-01 -1.207678766941187309e-01 -1.167037890966129421e-01 -1.101106936100163802e-01 -1.017222877127967745e-01 -9.215792180679749368e-02 -8.190780844499534474e-02 -7.133666404395828942e-02 -6.069746846373259841e-02 -5.014947248590724549e-02 -3.977680803949223964e-02 -2.960575365545008511e-02 -1.961987256128017512e-02 -9.772942614674196699e-03
-2.153612368056608342e-02 -4.178471716164213617e-02 -5.962307528156246539e-02 -7.422144810616931876e-02 -8.511006447113599049e-02 -9.217875325256687236e-02 -9.562095572797425780e-02 -9.584553232239108322e-02 -9.338151509500572378e-02 -8.879471127113325313e-02 -8.262580255393781048e-02 -7.535151468775778960e-02 -6.736556973002098825e-02 -5.897416932816600121e-02 -5.040081042405775841e-02 -4.179622087085285015e-02 -3.325043130884294817e-02 -2.480511826989363622e-02 -1.646523503891268725e-02 -8.209532560121836353e-03
-1.597933735088094900e-02 -3.106946976122785739e-02 -4.448539029740414263e-02 -5.562923266133489031e-02 -6.413715535884099983e-02 -6.988546470436846070e-02 -7.296149664149384484e-02 -7.361178932575951350e-02 -7.218203251791853459e-02 -6.906084076177945730e-02 -6.463470116942596211e-02 -5.925676892100393417e-02 -5.322879156540189644e-02 -4.679363786866271024e-02 -4.013538787760551757e-02 -3.338417454676868151e-02 -2.662358059200845700e-02 -1.989905588093084793e-02 -1.322641644027679891e-02 -6.599952555011342516e-03
-1.131175650700853505e-02 -2.202843554964413128e-02 -3.161978693613404223e-02 -3.967294109428372989e-02 -4.592386568784438683e-02 -5.026445944829727869e-02 -5.272778294014011241e-02 -5.345810074863292793e-02 -5.267399066465176805e-02 -5.063192295315306624e-02 -4.759539734760912660e-02 -4.381207381588695521e-02 -3.949919373411544393e-02 -3.483620654422028146e-02 -2.996293165602230760e-02 -2.498151075099398072e-02 -1.996066326928036885e-02 -1.494111006982230296e-02 -9.941423686288182113e-03 -4.963862307963966269e-03
-7.239253005906684177e-03 -1.411272998404808181e-02 -2.029238272384088770e-02 -2.551888255658005603e-02 -2.962091087994225477e-02 -3.252072785300136326e-02 -3.422707783272101872e-02 -3.481884309680098599e-02 -3.442390893350105729e-02 -3.319746804072661733e-02 -3.130289617104675681e-02 -2.889694012486744915e-02 -2.611970689634933798e-02 -2.308906574299869965e-02 -1.989862204256800937e-02 -1.661827587816608678e-02 -1.329645290730893832e-02 -9.963299368366127645e-03 -6.634309507316936416e-03 -3.314074346324985369e-03
-3.532525083079264289e-03 -6.890846849943581612e-03 -9.918131563971796516e-03 -1.248929562062262022e-02 -1.452016771224559806e-02 -1.597046343416644310e-02 -1.684095666248371440e-02 -1.716628405516761394e-02 -1.700533494921577585e-02 -1.643114611671678618e-02 -1.552178212703900391e-02 -1.435308751973687034e-02 -1.299363029895483218e-02 -1.150172786027566819e-02 -9.924216908621105032e-03 -8.296516775680707473e-03 -6.643574350020547449e-03 -4.981328367233151151e-03 -3.318440970925115238e-03 -1.658128698227452017e-03
