-1.167683479682013123e-02 -2.303791194410189161e-02 -3.376535688891688786e-02 -4.354148473930375546e-02 -5.205886904011650801e-02 -5.903929115356949808e-02 -6.425928321139529054e-02 -6.757658055516484186e-02 -6.894965364096346250e-02 -6.844338195350407883e-02 -6.621792613109374337e-02 -6.250348050544604628e-02 -5.756768878403042272e-02 -5.168343400506001523e-02 -4.510297286293674796e-02 -3.804118806096742911e-02 -3.066789883909981293e-02 -2.310769694566046362e-02 -1.544498367765712726e-02 -7.732226139864127254e-03
-2.366942317799357320e-02 -4.670945669139200257e-02 -6.848202583219127615e-02 -8.834168736959178980e-02 -1.056546733029230800e-01 -1.198389906403661137e-01 -1.304212476241209673e-01 -1.370973572092897830e-01 -1.397786305160363396e-01 -1.386059298292168229e-01 -1.339248134832153880e-01 -1.262282910278983150e-01 -1.160838207283096668e-01 -1.040630466151416383e-01 -9.068726076842983930e-02 -7.639385502601181432e-02 -6.152269512424488052e-02 -4.631790177041209683e-02 -3.093999612689539436e-02 -1.548392001606230424e-02
-3.629140014401940895e-02 -7.164844883826944344e-02 -1.051116009768149478e-01 -1.356885451657206809e-01 -1.623791082396397190e-01 -1.842407224219617945e-01 -2.004893053182731366e-01 -2.106129370607245366e-01 -2.144615535824695440e-01 -2.122768568993040339e-01 -2.046470788914753758e-01 -1.924010116667383696e-01 -1.764762275411041748e-01 -1.577976539374578713e-01 -1.371891385518320128e-01 -1.153242600921332572e-01 -9.271109167051891364e-02 -6.970119745830562208e-02 -4.651317211550060754e-02 -2.326345113429152678e-02
-4.984773004857066814e-02 -9.848132204445658733e-02 -1.446273697443453410e-01 -1.869217679565670087e-01 -2.239324698255693025e-01 -2.542554416567870401e-01 -2.766822691537682011e-01 -2.904034841612048168e-01 -2.951777499410233596e-01 -2.913928187930816538e-01 -2.799855895865163147e-01 -2.622524124691912317e-01 -2.396224001974839035e-01 -2.134621747229595023e-01 -1.849473634798129984e-01 -1.550029265583358629e-01 -1.242961900031433892e-01 -9.326261562328487520e-02 -6.214803465665236920e-02 -3.105672309248298790e-02
-6.461820054487778242e-02 -1.278017279498601111e-01 -1.879947578077674208e-01 -2.434386150736701504e-01 -2.921734106860381930e-01 -3.321660152550194312e-01 -3.615804224645924325e-01 -3.791405024262570200e-01 -3.844526934688902164e-01 -3.781307749750305591e-01 -3.616498682604075698e-01 -3.370005642106359556e-01 -3.062987469645888083e-01 -2.714812554646252596e-01 -2.341351849385345796e-01 -1.954438573203371166e-01 -1.562080935111996027e-01 -1.169050337575158055e-01 -7.775961596875152759e-02 -3.881541896157543470e-02
-8.082332297408081900e-02 -1.601125568749554029e-01 -2.361111154649296606e-01 -3.066638267963693321e-01 -3.691547682622178250e-01 -4.206512671859382047e-01 -4.583275854254597048e-01 -4.801193068147149301e-01 -4.853564176205116820e-01 -4.750241723125344651e-01 -4.514807566695185903e-01 -4.178004955318480595e-01 -3.770905448726127318e-01 -3.320288408023129856e-01 -2.846682101317395408e-01 -2.364291861600859579e-01 -1.881872459134734665e-01 -1.403897878850611236e-01 -9.316998663490946853e-02 -4.644533953768426732e-02
-9.856243791811297728e-02 -1.957136235146018366e-01 -2.896713737000370381e-01 -3.779441123076392461e-01 -4.571129892009393458e-01 -5.229216117191767266e-01 -5.709062237559058284e-01 -5.975917406498848505e-01 -6.017763988920896701e-01 -5.850936851041148579e-01 -5.514308957603021311e-01 -5.056234117923154026e-01 -4.522321221418686976e-01 -3.948748825173525878e-01 -3.360795029427167679e-01 -2.774173555367163146e-01 -2.197218500347065673e-01 -1.632968609004384064e-01 -1.080851863574649324e-01 -5.379596737238449833e-02
-1.177122794648472470e-01 -2.345049248397643726e-01 -3.489020387234092468e-01 -4.582775212454680558e-01 -5.582978535017641963e-01 -6.427490386021714741e-01 -7.043797137895047022e-01 -7.371009040326862438e-01 -7.386597839603895599e-01 -7.118767048399757824e-01 -6.633923651354602935e-01 -6.009795227516729899e-01 -5.313250777305175143e-01 -4.591558302344132536e-01 -3.873569809247179307e-01 -3.174387523330740590e-01 -2.499858693695621858e-01 -1.849905804508369112e-01 -1.220779204644431709e-01 -6.065333856509168980e-02
-1.377787235816380074e-01 -2.756733872550206632e-01 -4.130701586251772084e-01 -5.476734374169205388e-01 -6.742805658350154996e-01 -7.838559411653093223e-01 -8.644286198078460215e-01 -9.050925369573472601e-01 -9.015526953251752351e-01 -8.588220752066061392e-01 -7.885126263220870735e-01 -7.032853673347462253e-01 -6.128488907034591593e-01 -5.230480575618213779e-01 -4.367507526801413520e-01 -3.549943772149335985e-01 -2.777922029261685744e-01 -2.046016299009844885e-01 -1.345825591303156099e-01 -6.673945766916425382e-02
-1.577159466151229483e-01 -3.172594186078555034e-01 -4.796633757317848579e-01 -6.437845972073248380e-01 -8.039188533406808057e-01 -9.472197737280774188e-01 -1.054169083965166509e+00 -1.105556965382659573e+00 -1.093426271125660376e+00 -1.026609885586193593e+00 -9.251815186345013764e-01 -8.095230205035003346e-01 -6.933698805576541391e-01 -5.833567205828954494e-01 -4.815903606088289823e-01 -3.879940899192817483e-01 -3.015867445532092184e-01 -2.210411284642704588e-01 -1.449111946404932072e-01 -7.172192964314633157e-02
-1.757815942170196100e-01 -3.557184435676015166e-01 -5.433168831824541911e-01 -7.396322322113730863e-01 -9.391871286514713590e-01 -1.124550375279405490e+00 -1.265566438878224620e+00 -1.330612278575088014e+00 -1.306104505331763699e+00 -1.206655864656977162e+00 -1.064900455262009604e+00 -9.120165511868949526e-01 -7.665326119464938026e-01 -6.351531256582494400e-01 -5.182159871296526665e-01 -4.137993562023442595e-01 -3.195189982936381679e-01 -2.330648654280463861e-01 -1.522991338476347711e-01 -7.523704055135432833e-02
-1.895811726245807405e-01 -3.858454540939084132e-01 -5.951784416813785672e-01 -8.215482702393631653e-01 -1.060465146828275529e+00 -1.289919189568924374e+00 -1.467647257565575902e+00 -1.547298668473965799e+00 -1.508495993593936157e+00 -1.372777655670661456e+00 -1.187624510323062488e+00 -9.964476199559989533e-01 -8.225264254569538691e-01 -6.718394892950763087e-01 -5.422107870329920809e-01 -4.294544948659709260e-01 -3.296236923319317280e-01 -2.394000544954500431e-01 -1.559833916224896699e-01 -7.692707171190153737e-02
-1.964863265789718871e-01 -4.016253754133968235e-01 -6.241394686475746356e-01 -8.705289780168719016e-01 -1.137466829903780230e+00 -1.399640190635617731e+00 -1.605174102368767119e+00 -1.695713758646432145e+00 -1.645285257786784694e+00 -1.481109301838001047e+00 -1.262744773615320115e+00 -1.043291139096196529e+00 -8.494425561276046643e-01 -6.861944914776708648e-01 -5.491228750260256364e-01 -4.321577766909923679e-01 -3.301186672022056179e-01 -2.389280428239762832e-01 -1.553072646170414739e-01 -7.648782872969830948e-02
-1.944333370580439424e-01 -3.981823553628078827e-01 -6.207491757923446762e-01 -8.694901020852876528e-01 -1.141553128610023116e+00 -1.410791999011097531e+00 -1.622612844597143722e+00 -1.715185714679591911e+00 -1.660902573026177942e+00 -1.488635958316222974e+00 -1.261435681468744185e+00 -1.035139948255560771e+00 -8.373115611962965721e-01 -6.725327851336047047e-01 -5.356244666183710423e-01 -4.198969611953726755e-01 -3.197615063649764666e-01 -2.308858816048884599e-01 -1.498297709923021859e-01 -7.371695838722761018e-02
-1.827300118119648542e-01 -3.738966950022881708e-01 -5.818972403830019458e-01 -8.128358172185560226e-01 -1.063345248634858020e+00 -1.309290775639895266e+00 -1.501706242314992723e+00 -1.585756275206660071e+00 -1.537088610566244462e+00 -1.381260927176927389e+00 -1.174280612875058694e+00 -9.663175404402333246e-01 -7.828755598741287125e-01 -6.289841837722106588e-01 -5.006121804096070882e-01 -3.920023579194106822e-01 -2.981405261331174228e-01 -2.150239039579170952e-01 -1.394089438966715777e-01 -6.855022364291438186e-02
-1.623120370743804941e-01 -3.310952786752509591e-01 -5.123927008032906905e-01 -7.097866457433369414e-01 -9.189988267156937729e-01 -1.120052226781970361e+00 -1.275198460435917447e+00 -1.343377395832673571e+00 -1.306616368788649840e+00 -1.183966935708286039e+00 -1.017552756352269494e+00 -8.462242579541425780e-01 -6.912010735706198838e-01 -5.582412481401599624e-01 -4.455610460239494697e-01 -3.493250735333956469e-01 -2.657710138014486301e-01 -1.916600076484542559e-01 -1.242318574898303440e-01 -6.107500255971731740e-02
-1.352478445090470605e-01 -2.747206419147585899e-01 -4.219340689995650928e-01 -5.780291031151681969e-01 -7.382924205546272933e-01 -8.877699879790447168e-01 -1.000931056052609902e+00 -1.051250956033205952e+00 -1.027399029378804896e+00 -9.416100807344909285e-01 -8.213129807781830438e-01 -6.929823051612910012e-01 -5.726224380162462380e-01 -4.661640321817985266e-01 -3.738914635387050045e-01 -2.939440301140221479e-01 -2.239563399527521592e-01 -1.616130894235540960e-01 -1.047834618622019570e-01 -5.151794186624997912e-02
-1.038751695051564755e-01 -2.100998833081040851e-01 -3.202752274746535899e-01 -4.340413405525771484e-01 -5.471222598762293110e-01 -6.493466320570979722e-01 -7.251976365521398682e-01 -7.594616278968582268e-01 -7.458560955310998830e-01 -6.913625849377472710e-01 -6.119014235494051324e-01 -5.237299062114867398e-01 -4.378317245921022338e-01 -3.593975177431108503e-01 -2.898135722370326350e-01 -2.285927908385153307e-01 -1.744961919601918932e-01 -1.260524588182062034e-01 -8.177092979047834165e-02 -4.021329022201623749e-02
-7.012272271481737040e-02 -1.413456096241038074e-01 -2.141866717378592133e-01 -2.878217039320647430e-01 -3.591199701758184815e-01 -4.219342761820537580e-01 -4.677830884799850097e-01 -4.888263960120231566e-01 -4.819491302794867149e-01 -4.507416687510649722e-01 -4.035275112515051554e-01 -3.492951704232144516e-01 -2.947409767955113113e-01 -2.435985837711305002e-01 -1.973424281300939775e-01 -1.561135857765356683e-01 -1.193827916209487389e-01 -8.632959104081133761e-02 -5.603448410413852665e-02 -2.756428287629754739e-02
-3.526185785997197619e-02 -7.092298325877416376e-02 -1.070740559548876009e-01 -1.431387154355803215e-01 -1.774927346353672719e-01 -2.072737777507350498e-01 -2.287919914193795590e-01 -2.387841644326454404e-01 -2.359947413787664428e-01 -2.219196390984607137e-01 -2.000672705961963616e-01 -1.743843652628631891e-01 -1.480091168199461904e-01 -1.228634521421700376e-01 -9.983572101872908999e-02 -7.913529475608854780e-02 -6.059167407013461848e-02 -4.384859653041783129e-02 -2.847311294317730543e-02 -1.400934876292607607e-02
