-1.047034362713195228e-02 -2.197456258087495534e-02 -3.579664132603414123e-02 -5.382915147894504898e-02 -7.916669910215518025e-02 -1.169226248572478588e-01 -1.744438219363431963e-01 -2.583275387323484829e-01 -3.654675995178370829e-01 -4.724572028304981908e-01 -5.387025481187585063e-01 -5.319987990905403752e-01 -4.555316572855309110e-01 -3.450040871996677971e-01 -2.394292972764546223e-01 -1.585560754734482714e-01 -1.030506094135917039e-01 -6.563213709063848988e-02 -3.904786255266500666e-02 -1.827098215677498347e-02
-1.990671502580731306e-02 -4.162974737312070267e-02 -6.736487888475373165e-02 -1.001920197456014766e-01 -1.448184243702262675e-01 -2.084266930101405513e-01 -3.004322839549791180e-01 -4.279503547254354112e-01 -5.841108011457923910e-01 -7.354605656771195932e-01 -8.274885846086595942e-01 -8.179288082668819682e-01 -7.109232528717382982e-01 -5.534068591128616932e-01 -3.980598381714023359e-01 -2.736241967635905659e-01 -1.835773052321501841e-01 -1.196065127435258085e-01 -7.217245302831498677e-02 -3.402370668072484533e-02
-2.752667327675581421e-02 -5.727134117264885693e-02 -9.182342830101013209e-02 -1.345970192754549211e-01 -1.904096370847290776e-01 -2.659726762176368164e-01 -3.691770042986560196e-01 -5.045535575524671135e-01 -6.629952499742900462e-01 -8.116823675377580205e-01 -9.002808916277620366e-01 -8.906413850392798093e-01 -7.864581694492940311e-01 -6.301463073303213980e-01 -4.705999108456320745e-01 -3.364799283754455472e-01 -2.336635973099971952e-01 -1.562340737147376035e-01 -9.589774706437287355e-02 -4.563923619713054075e-02
-3.292856543469817321e-02 -6.810440315378588072e-02 -1.080472925193262240e-01 -1.558447293770078290e-01 -2.154461431558999940e-01 -2.917310337212701277e-01 -3.895457605626475028e-01 -5.100892614496013167e-01 -6.438372562893358575e-01 -7.644878443867235696e-01 -8.345091637992344547e-01 -8.262541884784384560e-01 -7.423500777945083451e-01 -6.135641868981462910e-01 -4.765697323063281532e-01 -3.547419577520821710e-01 -2.551088735915974515e-01 -1.751644060683547610e-01 -1.094602363830459169e-01 -5.262642706676209925e-02
-3.608314603870214216e-02 -7.416978445700952993e-02 -1.164091599073509425e-01 -1.652216176976486206e-01 -2.233445660197564686e-01 -2.936159122487863038e-01 -3.780268656629505175e-01 -4.752879790430827867e-01 -5.768462972757389950e-01 -6.641996537578385151e-01 -7.131655174420229448e-01 -7.065837129830516705e-01 -6.460328517076479038e-01 -5.506139870391019153e-01 -4.441170424835828578e-01 -3.432973291226825707e-01 -2.550261505572744003e-01 -1.795130228840378095e-01 -1.141043288845935560e-01 -5.540111301083140011e-02
-3.723421757329833937e-02 -7.608216118069444089e-02 -1.181947536125254744e-01 -1.652593765446405127e-01 -2.188998061575255782e-01 -2.803569981058031679e-01 -3.497334795006015740e-01 -4.245639448524449744e-01 -4.979532595078559609e-01 -5.578564389874687279e-01 -5.900191400217889015e-01 -5.847812382946049325e-01 -5.429827571748695458e-01 -4.753572308147370196e-01 -3.960226210317770446e-01 -3.160854914182532061e-01 -2.413972515916774364e-01 -1.736109204879694445e-01 -1.120223596736040633e-01 -5.487150270556974407e-02
-3.677155877709240711e-02 -7.472980294111483679e-02 -1.150272845303370595e-01 -1.587120294356615668e-01 -2.065750213802164392e-01 -2.588526359704860780e-01 -3.147114767811623470e-01 -3.715050477663350836e-01 -4.240667038424266178e-01 -4.648186197854067281e-01 -4.856457591976449661e-01 -4.813175253346574922e-01 -4.522476027990383063e-01 -4.042141499199731758e-01 -3.452942175633545441e-01 -2.825793306448849962e-01 -2.206104611541685745e-01 -1.614635349142816423e-01 -1.054960037051173027e-01 -5.206182567864867106e-02
-3.512221456147286702e-02 -7.103818708273908211e-02 -1.084723005407304541e-01 -1.479841491983213131e-01 -1.898200418768905273e-01 -2.336867476212038108e-01 -2.784409155590185092e-01 -3.217483565565233961e-01 -3.599020651157721629e-01 -3.881514291022993834e-01 -4.018413314107420753e-01 -3.981089945836033261e-01 -3.771490794031899241e-01 -3.420874408163916414e-01 -2.975638953247667917e-01 -2.480697556097367917e-01 -1.969387050226964198e-01 -1.461250583046773688e-01 -9.643465032206757770e-02 -4.787962129631344321e-02
-3.267911308847441798e-02 -6.582842941766182954e-02 -9.983953725175742644e-02 -1.349318005206353865e-01 -1.710313471894896464e-01 -2.076184116099149546e-01 -2.435585111096135735e-01 -2.769718775522371224e-01 -3.052520971083231283e-01 -3.253803450058901925e-01 -3.346031207050736977e-01 -3.312906657797410892e-01 -3.155313381427560793e-01 -2.890735970150652423e-01 -2.546554404403991723e-01 -2.151490528357387355e-01 -1.729377836770005228e-01 -1.296611616776512099e-01 -8.623761061537389694e-02 -4.302197691748618769e-02
-2.976580977301261990e-02 -5.975688045355331823e-02 -9.012561592306579661e-02 -1.208721129731453597e-01 -1.517547282353220173e-01 -1.821949254245188998e-01 -2.111945567120045997e-01 -2.373040014355448368e-01 -2.586989735966834236e-01 -2.734208857008310622e-01 -2.797790328488659051e-01 -2.768007392153651880e-01 -2.645241615021147741e-01 -2.439707904654425108e-01 -2.168141778152744281e-01 -1.849264406743973965e-01 -1.500005555142940317e-01 -1.133438887599446110e-01 -7.583261311018826833e-02 -3.797067204372779614e-02
-2.662724564810956332e-02 -5.330766873946828771e-02 -8.003393631082321436e-02 -1.066763048012320803e-01 -1.329204893210753635e-01 -1.582117809512705864e-01 -1.817199053355774974e-01 -2.023479687716605580e-01 -2.188130036241873189e-01 -2.298151318447661517e-01 -2.342784014262066505e-01 -2.315963961624634693e-01 -2.217843603769546201e-01 -2.054659331154323199e-01 -1.837017886592207661e-01 -1.577412512987098614e-01 -1.287939352648729829e-01 -9.788119371097821209e-02 -6.577827800723198837e-02 -3.302809799722129791e-02
-2.343550486577804237e-02 -4.681261562362346723e-02 -7.002616012471174489e-02 -9.287868732680291950e-02 -1.150391473485344457e-01 -1.360117925668917205e-01 -1.551252499635693283e-01 -1.715547585466545844e-01 -1.843894670189668572e-01 -1.927474285901444595e-01 -1.959219976020915022e-01 -1.935210588346589211e-01 -1.855501923181668011e-01 -1.724063701284187511e-01 -1.547856158842462471e-01 -1.335427892347279266e-01 -1.095527318363268832e-01 -8.360867625351646459e-02 -5.637120981814948417e-02 -2.836344479682037859e-02
-2.030215847333195073e-02 -4.048112870779221883e-02 -6.037940544706485446e-02 -7.977314227408599523e-02 -9.834562718171073470e-02 -1.156709993091937921e-01 -1.312145462294629916e-01 -1.443563426852866038e-01 -1.544426578837680974e-01 -1.608630759246642561e-01 -1.631410471064241863e-01 -1.610155946827455664e-01 -1.544889415056243109e-01 -1.438237202917405921e-01 -1.294915117112486191e-01 -1.120915601679116774e-01 -9.226553064198697585e-02 -7.062957309277964613e-02 -4.773444379992088787e-02 -2.405447218664421433e-02
-1.729200019458481535e-02 -3.443033726181769089e-02 -5.123719302843883494e-02 -6.748885522767865408e-02 -8.289922636596600003e-02 -9.711203720104265302e-02 -1.097056005698688191e-01 -1.202134155227373713e-01 -1.281617524921206952e-01 -1.331211778216788433e-01 -1.347635250954003494e-01 -1.329113382706585966e-01 -1.275662636682156070e-01 -1.189080651853043763e-01 -1.072651564963232468e-01 -9.306641396506608321e-02 -7.678826266767770081e-02 -5.890964456554031309e-02 -3.988252170979352668e-02 -2.012000140502242726e-02
-1.443550493321951386e-02 -2.871102767514200835e-02 -4.265017619486402567e-02 -5.604586186209753462e-02 -6.865039006182389880e-02 -8.017232744830968261e-02 -9.028240853987921921e-02 -9.862997182367341797e-02 -1.048697659862329740e-01 -1.086963634321701511e-01 -1.098805445052849356e-01 -1.082999754222239708e-01 -1.039567165573919705e-01 -9.697712496282069605e-02 -8.759463974834411082e-02 -7.612068059849756707e-02 -6.291146317724032044e-02 -4.833822334944928856e-02 -3.276599898434269520e-02 -1.654301256788909269e-02
-1.173899316497733873e-02 -2.332809313470209089e-02 -3.460662469373981809e-02 -4.539402960663680570e-02 -5.548414750503708609e-02 -6.464447923348871916e-02 -7.262173822718927252e-02 -7.915430265624416595e-02 -8.399098077136596396e-02 -8.691397043524927424e-02 -8.776231962382555207e-02 -8.645130707997325525e-02 -8.298350701546154673e-02 -7.744908475474242271e-02 -7.001560025882064275e-02 -6.091020907585343452e-02 -5.039868842219347167e-02 -3.876578799393624181e-02 -2.630023976567385374e-02 -1.328605133513290591e-02
-9.192375234436342760e-03 -1.825573113562849528e-02 -2.705420297595406351e-02 -3.543948756170335612e-02 -4.324769562470207052e-02 -5.029970679679777318e-02 -5.640576823895451092e-02 -6.137452459520831988e-02 -6.502588989764501726e-02 -6.720622333387704650e-02 -6.780346028728603813e-02 -6.675943144137010121e-02 -6.407692499095540839e-02 -5.982011148984095472e-02 -5.410847332257897463e-02 -4.710587083040130435e-02 -3.900729737826470062e-02 -3.002600332789405468e-02 -2.038312401893837764e-02 -1.030095383506051884e-02
-6.774778916032388361e-03 -1.344825535193183187e-02 -1.991497183201674376e-02 -2.606202573306626302e-02 -3.176744360239848464e-02 -3.690088881844592189e-02 -4.132710814524483828e-02 -4.491214431617332470e-02 -4.753183610245737684e-02 -4.908157778701877777e-02 -4.948587202013782216e-02 -4.870603789202183204e-02 -4.674465584670266932e-02 -4.364596880154966024e-02 -3.949231461878495442e-02 -3.439750810052691343e-02 -2.849862935974759037e-02 -2.194780760032054301e-02 -1.490530101339754103e-02 -7.534641929539360322e-03
-4.458486639705463300e-03 -8.847541418594539672e-03 -1.309540589329582193e-02 -1.712620156332597329e-02 -2.085916670733291983e-02 -2.420930028390900351e-02 -2.708963488170290299e-02 -2.941511305292130243e-02 -3.110773735134113663e-02 -3.210238290495877334e-02 -3.235241604092053275e-02 -3.183419602843098190e-02 -3.054969599600865574e-02 -2.852679732183999173e-02 -2.581731274576389012e-02 -2.249322046540803283e-02 -1.864190632114538088e-02 -1.436129861665923040e-02 -9.755632363943712165e-03 -4.932314045544671476e-03
-2.211626392869291743e-03 -4.388019243868244990e-03 -6.492908179849658096e-03 -8.488208050253681983e-03 -1.033372154171554105e-02 -1.198751047212752441e-02 -1.340702093028772399e-02 -1.455093815697802891e-02 -1.538161968009343905e-02 -1.586780424911314255e-02 -1.598721397277588427e-02 -1.572863657013572058e-02 -1.509313617641284272e-02 -1.409421327748669808e-02 -1.275692023706288467e-02 -1.111615459070172153e-02 -9.214477477944189865e-03 -7.099847937876503298e-03 -4.823615898938459975e-03 -2.438982446656928153e-03
