-2.090146573220170723e-01 -3.584591734787779815e-01 -4.319282939536050470e-01 -4.242342119460767447e-01 -3.581625557104238244e-01 -2.715360852319292917e-01 -1.936700204423767169e-01 -1.356458898435694005e-01 -9.600506418236193218e-02 -6.945347569079617089e-02 -5.136610577680525425e-02 -3.867261494234296160e-02 -2.948263795219429120e-02 -2.262816802960911089e-02 -1.736601355645001413e-02 -1.320674772365883730e-02 -9.816460602515725622e-03 -6.958498258466365959e-03 -4.457535503988830153e-03 -2.176372621033290967e-03
-3.435947421644288124e-01 -5.928797368160432235e-01 -7.187130138267642243e-01 -7.127433188245727580e-01 -6.106790642506767508e-01 -4.721118281878727285e-01 -3.442592688080568508e-01 -2.463268101389848308e-01 -1.775078518875080891e-01 -1.302127636061638505e-01 -9.730996074222042491e-02 -7.383906160983594313e-02 -5.662957890640931552e-02 -4.366400857134453833e-02 -3.362913549566984295e-02 -2.564451540936008023e-02 -1.910059465623656708e-02 -1.355999517174471050e-02 -8.695269467631668026e-03 -4.247953641647018129e-03
-3.948330771628880687e-01 -6.855912866955555796e-01 -8.372833672236346114e-01 -8.400229627351861739e-01 -7.323927075981534474e-01 -5.795137640552485703e-01 -4.341204378171376055e-01 -3.191688457416028135e-01 -2.356134883909402622e-01 -1.762748937676957839e-01 -1.337842985361754056e-01 -1.027405726591374274e-01 -7.953235484303164404e-02 -6.176913454686125404e-02 -4.784200144772729479e-02 -3.664158119305787470e-02 -2.738140587287493655e-02 -1.948561606204131033e-02 -1.251559072904003325e-02 -6.120170839168661940e-03
-3.716149296309788630e-01 -6.508949776636782092e-01 -8.033029754352426499e-01 -8.190739911642621607e-01 -7.312205794839717887e-01 -5.965625581612644668e-01 -4.625793111515212885e-01 -3.518460467441515971e-01 -2.676198008657156291e-01 -2.051826411621121005e-01 -1.587739659110740942e-01 -1.238030381624131010e-01 -9.698987831337434196e-02 -7.603815638900399132e-02 -5.932815064120283699e-02 -4.569840123418729416e-02 -3.429783066580366357e-02 -2.448547072759617999e-02 -1.576130488903623381e-02 -7.717137054304930993e-03
-3.047260202951062036e-01 -5.400701444601005985e-01 -6.762736250119306680e-01 -7.047484657360165716e-01 -6.487677939264815397e-01 -5.498078828500611026e-01 -4.442023653581269604e-01 -3.513362849997048731e-01 -2.764028879390637017e-01 -2.178284986155349934e-01 -1.722970881098670470e-01 -1.367050391411339383e-01 -1.085857680179762585e-01 -8.606544715168544524e-02 -6.773404075193674434e-02 -5.252604155318246759e-02 -3.962604490582873062e-02 -2.839713078189406645e-02 -1.832701930283462538e-02 -8.987071182379017392e-03
-2.286780507389602479e-01 -4.111565599305049834e-01 -5.243331725308435498e-01 -5.611137217342159200e-01 -5.353271760275125635e-01 -4.732430604985820022e-01 -3.994655604550426675e-01 -3.290362840664415311e-01 -2.679987724040204800e-01 -2.172965871472610500e-01 -1.758642137643693926e-01 -1.421327018151304078e-01 -1.145825903235306586e-01 -9.190381284904675097e-02 -7.301651969612640847e-02 -5.704567832748445172e-02 -4.328317605294248333e-02 -3.114998753681970725e-02 -2.016256857930541491e-02 -9.904127256689173806e-03
-1.644475312236143294e-01 -3.002265286177747683e-01 -3.907244059728238739e-01 -4.302444207908907581e-01 -4.258042996498306865e-01 -3.924127484923402021e-01 -3.454180544153291343e-01 -2.956558294989896085e-01 -2.488967777907148404e-01 -2.074358525824121502e-01 -1.717231929043653571e-01 -1.413782770479013184e-01 -1.157080236535244083e-01 -9.395068555891528117e-02 -7.538254193485094401e-02 -5.935697214047537529e-02 -4.531099099675477831e-02 -3.275707156024847827e-02 -2.126913851242552556e-02 -1.046686726223408463e-02
-1.174760824124996411e-01 -2.175479752842874592e-01 -2.888252335968754525e-01 -3.268089176633446336e-01 -3.344878267318354137e-01 -3.198897356041910389e-01 -2.921594687447221506e-01 -2.587118184021067191e-01 -2.243763407309231073e-01 -1.918072643544858347e-01 -1.622120053206802526e-01 -1.359489565574944492e-01 -1.129205173863141731e-01 -9.280835694327774221e-02 -7.520598348558835133e-02 -5.968867242603190237e-02 -4.584673919746520138e-02 -3.329816592277162063e-02 -2.169004264322108716e-02 -1.069420220494769584e-02
-8.503873635790748509e-02 -1.593801965336117954e-01 -2.153726402415576668e-01 -2.495209333853823930e-01 -2.627454058744678189e-01 -2.591667055110683515e-01 -2.441205358355043042e-01 -2.225146604795729677e-01 -1.980592304529587011e-01 -1.731999244413719996e-01 -1.493679932117698839e-01 -1.272849622380317347e-01 -1.072167237452265331e-01 -8.915623490237641058e-02 -7.294435655363944171e-02 -5.834498871967024047e-02 -4.508912129215766895e-02 -3.289880530185970708e-02 -2.149866130477323320e-02 -1.061989687682094591e-02
-6.275137135065149419e-02 -1.187445479037866347e-01 -1.628399243556172549e-01 -1.923640241072867019e-01 -2.072907289190202007e-01 -2.096571059871849552e-01 -2.025463904758047495e-01 -1.891401688103157008e-01 -1.721402179959364842e-01 -1.535642618508971935e-01 -1.347749576969734520e-01 -1.166061590902789658e-01 -9.950517330337718680e-02 -8.365549789659462721e-02 -6.907021215092851163e-02 -5.565779856513166507e-02 -4.326594666241714848e-02 -3.170926910926891856e-02 -2.078589843288767072e-02 -1.028672363027062844e-02
-4.714308860643010024e-02 -8.988861661273171710e-02 -1.247448774683962286e-01 -1.496899124073767517e-01 -1.643218670820335570e-01 -1.695878695715803408e-01 -1.672540230470981881e-01 -1.593555122074742092e-01 -1.477963685945879457e-01 -1.341418022208766825e-01 -1.195613943250998928e-01 -1.048595331544480425e-01 -9.054230868099152896e-02 -7.689036460169461351e-02 -6.402319060379703386e-02 -5.195004202532622906e-02 -4.060759275120531808e-02 -2.988642379620545103e-02 -1.964893869641425386e-02 -9.741099050539193949e-03
-3.592369701917441649e-02 -6.890901141785178707e-02 -9.654641253287880864e-02 -1.173163190513012294e-01 -1.307107857054952416e-01 -1.371144518846582616e-01 -1.375248097652877477e-01 -1.332310570064435817e-01 -1.255478434258230913e-01 -1.156451631673631603e-01 -1.044692743372032523e-01 -9.272826339334534762e-02 -8.091415614508581933e-02 -6.934045485715803481e-02 -5.818213722683447664e-02 -4.751158093633039980e-02 -3.732795371651192323e-02 -2.757989308835435971e-02 -1.818233284345587703e-02 -9.028734502638467371e-03
-2.764196692130218777e-02 -5.327624187045484211e-02 -7.521422240382712177e-02 -9.231711763734580523e-02 -1.040898205810942556e-01 -1.106340028314760221e-01 -1.124995765818482124e-01 -1.104960208271228983e-01 -1.055187723415536016e-01 -9.842172270176087479e-02 -8.994226839299358789e-02 -8.067008009730559925e-02 -7.104558925877875464e-02 -6.137515359052125169e-02 -5.185331656294024649e-02 -4.258618435553181147e-02 -3.361274508088796242e-02 -2.492285930845649852e-02 -1.647176446597046345e-02 -8.191505952870898472e-03
-2.136788135231055402e-02 -4.133969615351847787e-02 -5.871703681959133947e-02 -7.264803851975527860e-02 -8.269732829746433145e-02 -8.883213673476134109e-02 -9.134345816213859659e-02 -9.073467174701128901e-02 -8.760949475430936106e-02 -8.258068155746968453e-02 -7.620798814855625491e-02 -6.896419009890916718e-02 -6.122295954190500739e-02 -5.326124536652777908e-02 -4.526978444180714684e-02 -3.736709046114309457e-02 -2.961397736933312971e-02 -2.202703184387963531e-02 -1.459035621794444945e-02 -7.265523632184860310e-03
-1.648985854175958471e-02 -3.199761754889302034e-02 -4.566618447592715041e-02 -5.686066493892711488e-02 -6.521931285710601267e-02 -7.065375185853194073e-02 -7.330744252031182184e-02 -7.348970629496268114e-02 -7.160384757188530125e-02 -6.808351336840554047e-02 -6.334480477249024299e-02 -5.775572527773813192e-02 -5.162080512180852038e-02 -4.517707710579105945e-02 -3.859748150498187175e-02 -3.199841039410730725e-02 -2.544903923665049750e-02 -1.898093021339322672e-02 -1.259710106442065401e-02 -6.280230980231173502e-03
-1.259393249615168263e-02 -2.449472850816782066e-02 -3.508941561630047473e-02 -4.390912214836455163e-02 -5.066550331715787003e-02 -5.525611003351455636e-02 -5.774284609625417175e-02 -5.831285615517322468e-02 -5.723266797154379082e-02 -5.480471463534725834e-02 -5.133198650998904017e-02 -4.709309603087361712e-02 -4.232745244172774618e-02 -3.722877285907520706e-02 -3.194465002709170887e-02 -2.658002840888128160e-02 -2.120283548218286976e-02 -1.585054388215821619e-02 -1.053688336583631299e-02 -5.258295606919941023e-03
-9.391140959496956792e-03 -1.829794545159746724e-02 -2.628762613217504318e-02 -3.302090396025948033e-02 -3.827746681451661692e-02 -4.196233387353525551e-02 -4.409496847229722738e-02 -4.478619653992129551e-02 -4.420924707556583844e-02 -4.257068673732297692e-02 -4.008532707232830700e-02 -3.695721465888979207e-02 -3.336713218704274314e-02 -2.946590672617344780e-02 -2.537231563401306025e-02 -2.117421610769356505e-02 -1.693172843251763635e-02 -1.268152425456661736e-02 -8.441588409848118854e-03 -4.216065553154220956e-03
-6.672683559681774450e-03 -1.301828312554010464e-02 -1.874223790025246819e-02 -2.360940005085245680e-02 -2.746112453575563078e-02 -3.022078580391733202e-02 -3.188849090518871415e-02 -3.252770698401724614e-02 -3.224743231725739345e-02 -3.118345546503947449e-02 -2.948141674115017929e-02 -2.728330149392328013e-02 -2.471794866713981562e-02 -2.189540312529269020e-02 -1.890448619065009800e-02 -1.581279084731273404e-02 -1.266833729996252877e-02 -9.502234052220720831e-03 -6.331878245370902401e-03 -3.164376141178911004e-03
-4.281307598421550849e-03 -8.360263238448894033e-03 -1.205364076981293303e-02 -1.521333353073467919e-02 -1.773684520019598934e-02 -1.957119043805393907e-02 -2.071049828100740564e-02 -2.118870344868094280e-02 -2.106931725213158010e-02 -2.043428482669151086e-02 -1.937358217551377743e-02 -1.797662215682474529e-02 -1.632595279773442140e-02 -1.449326567781083000e-02 -1.253743066250865949e-02 -1.050412316593716047e-02 -8.426595402595498871e-03 -6.327194689244816997e-03 -4.219314434685242712e-03 -2.109558931738940435e-03
-2.092281772756463508e-03 -4.087818313371230014e-03 -5.898727025068909932e-03 -7.453448046075326384e-03 -8.701731162175343343e-03 -9.616631947150441895e-03 -1.019360495353913501e-02 -1.044728929860494308e-02 -1.040684758610922050e-02 -1.011078407554027135e-02 -9.602003933899915314e-03 -8.923649171782600809e-03 -8.115969023100976648e-03 -7.214270354572989083e-03 -6.247844583791876613e-03 -5.239673764837031629e-03 -4.206726315688807602e-03 -3.160636373581271474e-03 -2.108623833381595512e-03 -1.054545949792031097e-03
