-2.504354607346147635e-02 -5.022278160398038066e-02 -7.554922884837941832e-02 -1.007774782724508572e-01 -1.252690850965746949e-01 -1.478906165624023217e-01 -1.670300175654072794e-01 -1.808397703331166284e-01 -1.877373843679922827e-01 -1.869881295280633182e-01 -1.790282614490010527e-01 -1.653013713088304359e-01 -1.477263869660036255e-01 -1.281376689843133632e-01 -1.079475340570503344e-01 -8.805980241296502975e-02 -6.893543635047008622e-02 -5.070890232260657354e-02 -3.329839136163043750e-02 -1.649062815067902157e-02
-4.995139396638578061e-02 -1.002982735031944933e-01 -1.511961262500221281e-01 -2.022889571737730985e-01 -2.523985842139053193e-01 -2.992365985449802479e-01 -3.393335457217102613e-01 -3.685024615401529258e-01 -3.830141521302616314e-01 -3.810887151572366349e-01 -3.637556131543659421e-01 -3.344151971500680665e-01 -2.974523395861845554e-01 -2.568724916148270587e-01 -2.155916969953488582e-01 -1.753560709311796362e-01 -1.369730406466991846e-01 -1.006017834324417354e-01 -6.599404877756843979e-02 -3.266412360114018254e-02
-7.446371136694499016e-02 -1.498221833173254414e-01 -2.266441829009991360e-01 -3.047648972254881072e-01 -3.827312388255423858e-01 -4.571342954080124810e-01 -5.221680569935297500e-01 -5.701913461433356645e-01 -5.939678089448948706e-01 -5.899026869148447094e-01 -5.600096578192692576e-01 -5.108992589107832494e-01 -4.506949763699152345e-01 -3.862780215980833320e-01 -3.221837963080492195e-01 -2.607985725662827492e-01 -2.029987406114721615e-01 -1.487311535628153547e-01 -9.741191198166515575e-02 -4.817182405248747468e-02
-9.808088314590489298e-02 -1.978792831060897650e-01 -3.007726294319917337e-01 -4.072945864805464500e-01 -5.162600664055997379e-01 -6.233859435738672294e-01 -7.198842831898463190e-01 -7.927439099450570570e-01 -8.286871939673545739e-01 -8.208222883603878417e-01 -7.729041934681861736e-01 -6.971249013059447330e-01 -6.076123212088658798e-01 -5.151986022066183946e-01 -4.260298151891500074e-01 -3.426492672190375455e-01 -2.654913761644329129e-01 -1.939121063487655450e-01 -1.267506209078880508e-01 -6.261126123001542476e-02
-1.199789550452357995e-01 -2.428280543349792819e-01 -3.711875161181772409e-01 -5.069718398393436853e-01 -6.501365517440066411e-01 -7.961388111305008897e-01 -9.325882344355252984e-01 -1.038463985018163616e+00 -1.090650926646328456e+00 -1.076668072996494585e+00 -1.003187652610350034e+00 -8.915880998340200980e-01 -7.652445500872180340e-01 -6.402149539324387684e-01 -5.239369178368805668e-01 -4.182512159232926741e-01 -3.224020061990885422e-01 -2.346749472591341257e-01 -1.530671981328810827e-01 -7.552258725422025809e-02
-1.390019669689785964e-01 -2.822252565797147006e-01 -4.339157988483435813e-01 -5.980089350064774489e-01 -7.765792724818769699e-01 -9.657327668212116745e-01 -1.149215206210608242e+00 -1.295517707563615950e+00 -1.367757235702279583e+00 -1.345410572512880432e+00 -1.239328890513955894e+00 -1.083864871733987378e+00 -9.148276450523865622e-01 -7.544486711943890755e-01 -6.107874114070046545e-01 -4.839362499402167228e-01 -3.711799507570896495e-01 -2.693174494604894109e-01 -1.753205470585024184e-01 -8.641187769770729277e-02
-1.537921734991808675e-01 -3.130589715270838957e-01 -4.836302513455051355e-01 -6.716269523567586219e-01 -8.817054660181201653e-01 -1.111312431896131825e+00 -1.340785744152224623e+00 -1.527723762207685576e+00 -1.620287569374787573e+00 -1.589062656920773975e+00 -1.449513594027078911e+00 -1.250177781584272285e+00 -1.040024052228876839e+00 -8.472215742132606087e-01 -6.797435922365338001e-01 -5.353385875393423809e-01 -4.090394820486382144e-01 -2.960919253040824040e-01 -1.924854849920407118e-01 -9.480435843131447549e-02
-1.630874254755423913e-01 -3.324178205944702813e-01 -5.148372342292695247e-01 -7.179552898497479907e-01 -9.483024447361941833e-01 -1.204475336582406353e+00 -1.464717833477816811e+00 -1.679207843476139717e+00 -1.785660289363800945e+00 -1.748391099630946188e+00 -1.586116670636846804e+00 -1.357318235166186549e+00 -1.120025935897659197e+00 -9.062734791443588511e-01 -7.237074094651406719e-01 -5.683024616404246387e-01 -4.335038362152071612e-01 -3.135209659491739465e-01 -2.037247906577949186e-01 -1.003200421463572994e-01
-1.661124224392449278e-01 -3.384590017154924801e-01 -5.238935486262752406e-01 -7.300659077831137544e-01 -9.635759750714961713e-01 -1.223049575163333014e+00 -1.486556814513802394e+00 -1.703762452128371852e+00 -1.811679182805242316e+00 -1.774204675539661658e+00 -1.610272600749701466e+00 -1.379030270904425537e+00 -1.139124227798786082e+00 -9.228714683949316155e-01 -7.379344034514866424e-01 -5.802137128808750877e-01 -4.430938772318323560e-01 -3.207575156920148829e-01 -2.085722339190315688e-01 -1.027509971580703313e-01
-1.628755076311164396e-01 -3.311796044849121268e-01 -5.107349570645564052e-01 -7.077296600754110489e-01 -9.269484193539602179e-01 -1.165854760049308325e+00 -1.404301643745482719e+00 -1.598586049879041182e+00 -1.695131152591919932e+00 -1.663496607335794852e+00 -1.519680580186087981e+00 -1.313863709345462372e+00 -1.096560979634503941e+00 -8.966918594168806766e-01 -7.223248563674977696e-01 -5.710701137645858294e-01 -4.378408487791726200e-01 -3.178370906003201712e-01 -2.070552071793334281e-01 -1.021116769599243052e-01
-1.541886033875433937e-01 -3.124695921811432853e-01 -4.789980123074538132e-01 -6.576873148954247572e-01 -8.506322631200949891e-01 -1.053802560334117233e+00 -1.250235285831307275e+00 -1.406835112986166036e+00 -1.484711529006902397e+00 -1.462180594492725305e+00 -1.350700122428515115e+00 -1.186508111710659286e+00 -1.007255094473457069e+00 -8.361716098282556686e-01 -6.815826051037003896e-01 -5.435509423340374457e-01 -4.193164041375739837e-01 -3.056902447117555432e-01 -1.996994983412401781e-01 -9.864048432864110094e-02
-1.413968169882677817e-01 -2.854073051754278945e-01 -4.344343843033932617e-01 -5.901848275750032347e-01 -7.523991952939753647e-01 -9.161525868401912964e-01 -1.068209601980653956e+00 -1.186067200837399138e+00 -1.244899500860148445e+00 -1.231273857581926423e+00 -1.152366849209232713e+00 -1.031146989035141459e+00 -8.926471603033746538e-01 -7.539903428227704429e-01 -6.231019708435614479e-01 -5.020300487603114314e-01 -3.901567513517427699e-01 -2.859053577128831680e-01 -1.874118768715066219e-01 -9.275073813936950129e-02
-1.259858309791460351e-01 -2.532819989092187640e-01 -3.828523850574134246e-01 -5.147984798330949019e-01 -6.474464347633865913e-01 -7.758707373917466121e-01 -8.903435636550177668e-01 -9.765831420339652347e-01 -1.020029099351321245e+00 -1.013121428332137919e+00 -9.599824677342386758e-01 -8.739824238728921557e-01 -7.706045726408937702e-01 -6.617512947005543822e-01 -5.542815946697551288e-01 -4.512199035692944227e-01 -3.533633677487887370e-01 -2.603614154379784162e-01 -1.712918324308264628e-01 -8.495058030288611672e-02
-1.092626636162465081e-01 -2.188669018665512500e-01 -3.287955907058444094e-01 -4.382333323595001828e-01 -5.449771449793388012e-01 -6.447275128514217135e-01 -7.306203614083753850e-01 -7.938562497693780751e-01 -8.261924394934266891e-01 -8.235563370552415607e-01 -7.882444463674143087e-01 -7.277855467132313683e-01 -6.514873927812944165e-01 -5.673597047695119189e-01 -4.808774736066059874e-01 -3.951742115100771446e-01 -3.117114732022676082e-01 -2.308847432983559267e-01 -1.524434311594621561e-01 -7.575973155783026491e-02
-9.219747266075664638e-02 -1.841234132355345776e-01 -2.752045358025757560e-01 -3.642406896733773047e-01 -4.490582369471587953e-01 -5.262163479399545318e-01 -5.909848549846696830e-01 -6.379457155341144992e-01 -6.624086780396059027e-01 -6.621743773483647066e-01 -6.385432559716492928e-01 -5.957957493265936266e-01 -5.395504997204472186e-01 -4.751268767458781683e-01 -4.066496853614431917e-01 -3.368803026657568589e-01 -2.674226172547612967e-01 -1.990225873910871357e-01 -1.318374056322605681e-01 -6.564489631089731603e-02
-7.540373534976707592e-02 -1.502240156909821767e-01 -2.236535893678288367e-01 -2.944432316233894231e-01 -3.607132614523250735e-01 -4.198582933074658241e-01 -4.686610959051461522e-01 -5.037449521900371208e-01 -5.223726514842397251e-01 -5.233221026535807008e-01 -5.073581637225853536e-01 -4.769887182844841367e-01 -4.356666868430736916e-01 -3.869098603305273221e-01 -3.337054879084773718e-01 -2.782732469501513206e-01 -2.220759702713106798e-01 -1.659455995148620688e-01 -1.102386898013330563e-01 -5.498244146143059508e-02
-5.919346898874120605e-02 -1.177152357288006879e-01 -1.747418784184512630e-01 -2.291619876512453469e-01 -2.794807936183139607e-01 -3.238079063721121531e-01 -3.599837830881701950e-01 -3.858850576741503224e-01 -3.998759770673798175e-01 -4.012563924764305789e-01 -3.904907940897450191e-01 -3.690882369887517611e-01 -3.391993883475420413e-01 -3.031348746122992099e-01 -2.629879346540583418e-01 -2.204310573672932927e-01 -1.766624378671899920e-01 -1.324451685709345516e-01 -8.818932265559306649e-02 -4.404615928568181987e-02
-4.365491169440213759e-02 -8.670159838338999114e-02 -1.284366389273604581e-01 -1.679816809569583957e-01 -2.042386706907845517e-01 -2.359049653931070134e-01 -2.615730614560652367e-01 -2.799227679995723306e-01 -2.899744291537866836e-01 -2.913226509945151532e-01 -2.842507110634264200e-01 -2.696689922969073283e-01 -2.489057625150890296e-01 -2.234417380378442008e-01 -1.946802073588355664e-01 -1.638006150971988706e-01 -1.316975964466473026e-01 -9.898334591606643140e-02 -6.602727071074608600e-02 -3.301288043434070368e-02
-2.872459649080332661e-02 -5.699960788853246363e-02 -8.432140038455929187e-02 -1.100894239095464161e-01 -1.335871450189667908e-01 -1.539999493111833262e-01 -1.704801051805636680e-01 -1.822574742346347865e-01 -1.887750591920354104e-01 -1.898079316556336438e-01 -1.855196379347215374e-01 -1.764308826548292020e-01 -1.633128089594971799e-01 -1.470460705402751034e-01 -1.284905438317067716e-01 -1.083936253531000149e-01 -8.734401281297721198e-02 -6.576337345362995301e-02 -4.392355663201397836e-02 -2.197808320932298845e-02
-1.424386104656767162e-02 -2.825085223352427621e-02 -4.175993190022986995e-02 -5.446747611766257491e-02 -6.602055226073982874e-02 -7.602759766215716475e-02 -8.408990257231518939e-02 -8.985192577612430287e-02 -9.306032258714712346e-02 -9.361431568662031966e-02 -9.158900849642931385e-02 -8.722210170730251844e-02 -8.086852669074691413e-02 -7.293921841837734676e-02 -6.384227625552285623e-02 -5.393934505742492558e-02 -4.352148606480282789e-02 -3.280258961139818907e-02 -2.192550802733060980e-02 -1.097589665905789741e-02
