-1.848285450183745002e-02 -3.540422524463457399e-02 -4.947506427663504042e-02 -5.987578777907213989e-02 -6.633640932121324940e-02 -6.908554136000749635e-02 -6.869990300959533114e-02 -6.591919764746434485e-02 -6.148767260967077236e-02 -5.605307959791638872e-02 -5.012268113654452795e-02 -4.405977861379482829e-02 -3.810211307983622786e-02 -3.238815937723150962e-02 -2.698311904854824167e-02 -2.190089076085338302e-02 -1.712100417262094401e-02 -1.260087428619679518e-02 -8.284252002902732503e-03 -4.106847031627796143e-03
-3.852690716378936314e-02 -7.365851851602357725e-02 -1.026196753943798418e-01 -1.236911473007660661e-01 -1.363839351001343014e-01 -1.413056539080091989e-01 -1.397947919175752673e-01 -1.334891914903894861e-01 -1.239784083027104383e-01 -1.126019649468391753e-01 -1.003778675505313245e-01 -8.801432056117157454e-02 -7.596051476152577975e-02 -6.446740568822140194e-02 -5.364342699140603465e-02 -4.349944026472952335e-02 -3.398225279337084570e-02 -2.499824130932726957e-02 -1.642928741357447750e-02 -8.143136117458963166e-03
-6.196255199345403891e-02 -1.180772565449007688e-01 -1.636465803372867123e-01 -1.958783018014241262e-01 -2.141976596109592124e-01 -2.199557393746031375e-01 -2.156833607185824064e-01 -2.042640428047400591e-01 -1.883347310350978465e-01 -1.699984928871385581e-01 -1.507725045807478126e-01 -1.316591222756505752e-01 -1.132582210196107914e-01 -9.587752289552425866e-02 -7.962374410937823888e-02 -6.447119293900091530e-02 -5.031032607119462902e-02 -3.698055253525760200e-02 -2.429152013202779542e-02 -1.203641054361980801e-02
-9.120965388341323310e-02 -1.729823266941695747e-01 -2.379384536262302008e-01 -2.819100918967489822e-01 -3.045247898498640859e-01 -3.086106322274710934e-01 -2.987084505844054272e-01 -2.795456821365143174e-01 -2.550972356578362077e-01 -2.282846417327457078e-01 -2.010545230720663379e-01 -1.745914436207648690e-01 -1.495357270521603943e-01 -1.261607235181554931e-01 -1.045028363950350342e-01 -8.445126429507145149e-02 -6.580730803372644711e-02 -4.832212408131063286e-02 -3.171983083662677921e-02 -1.571098642594656938e-02
-1.296226968592318063e-01 -2.442641208919994200e-01 -3.326737950734706684e-01 -3.887943370064541604e-01 -4.130241756318737689e-01 -4.110624718541782685e-01 -3.909165148507754428e-01 -3.600891039257612669e-01 -3.242183138465590253e-01 -2.869873341604181061e-01 -2.505693745709161036e-01 -2.161163926819405223e-01 -1.841325231179470334e-01 -1.547268115031716074e-01 -1.277756176964030266e-01 -1.030237232687732096e-01 -8.014551984538906271e-02 -5.878080636050004443e-02 -3.855469368205637765e-02 -1.908770492888942072e-02
-1.814866543526985343e-01 -3.392943311447143562e-01 -4.566435273309785714e-01 -5.247208240685211633e-01 -5.457016441166818721e-01 -5.306196854362160709e-01 -4.933678085111910527e-01 -4.455409733291509355e-01 -3.946680938537246996e-01 -3.448714387789941771e-01 -2.981185076901058939e-01 -2.551721573616155259e-01 -2.161511605443464101e-01 -1.808383864335994240e-01 -1.488491046538147622e-01 -1.197224953216391857e-01 -9.297024389273868261e-02 -6.810089027788573945e-02 -4.463043362611632259e-02 -2.208514081960894632e-02
-2.504794662162676544e-01 -4.641540338462070148e-01 -6.168104746960859641e-01 -6.955520026764754338e-01 -7.058240159508157863e-01 -6.677290718455430873e-01 -6.045183936679688896e-01 -5.334613541440987872e-01 -4.639068530036443705e-01 -3.996879740333728059e-01 -3.418578658409727189e-01 -2.903022479666297340e-01 -2.444615548110783965e-01 -2.036264737205037700e-01 -1.670599238236818440e-01 -1.340469138578567754e-01 -1.039120721827660188e-01 -7.602207953641196281e-02 -4.978101187706803626e-02 -2.462242626126291689e-02
-3.350250257604096560e-01 -6.155456583871514731e-01 -8.084709644851582055e-01 -8.952959230365955534e-01 -8.863522767708345018e-01 -8.149717181303391955e-01 -7.174296514021101245e-01 -6.180053580359082810e-01 -5.273726238785786391e-01 -4.480383576343723862e-01 -3.793123595351496347e-01 -3.197163633258776616e-01 -2.677662615646728694e-01 -2.221460310462442522e-01 -1.817172097818011423e-01 -1.454931673703593054e-01 -1.126090545741822158e-01 -8.229434597527560125e-02 -5.384911111975922149e-02 -2.662355470321527834e-02
-4.218048960993423524e-01 -7.697131143429449818e-01 -1.001895603420261960e+00 -1.093517787234471905e+00 -1.060546646079798094e+00 -9.515261793783611477e-01 -8.172552548696616626e-01 -6.891490515865844602e-01 -5.784642036685526678e-01 -4.855901440123520096e-01 -4.076113278351781166e-01 -3.414819939021209172e-01 -2.847409031507253108e-01 -2.354741757426907500e-01 -1.921697220492180058e-01 -1.535994961056253993e-01 -1.187366344920436356e-01 -8.669714175400217160e-02 -5.669753518922508034e-02 -2.802268438861998945e-02
-4.850273084624044939e-01 -8.814659146390536604e-01 -1.141352553565101680e+00 -1.234940921550033321e+00 -1.182571686639630970e+00 -1.044627260043966999e+00 -8.830095004788272028e-01 -7.342786683959242611e-01 -6.097393733418734474e-01 -5.078918244979544472e-01 -4.240132230764982468e-01 -3.538545480070371951e-01 -2.942408164989639419e-01 -2.428400337970621770e-01 -1.978880127444874737e-01 -1.579984642177122978e-01 -1.220408480315281347e-01 -8.906005371569560014e-02 -5.822120760889870628e-02 -2.876965067035292672e-02
-4.991034610384105230e-01 -9.062659587815241613e-01 -1.172175309594382320e+00 -1.265954623969827386e+00 -1.208956504472066928e+00 -1.064300400583248818e+00 -8.964354946219992293e-01 -7.430723869314118657e-01 -6.154881822373362565e-01 -5.117230177113951672e-01 -4.266279270751018871e-01 -3.556753262254812031e-01 -2.955272616775880823e-01 -2.437571088788510199e-01 -1.985438366823782663e-01 -1.584655039263900556e-01 -1.223682414736344815e-01 -8.928102005583152256e-02 -5.835759502814018979e-02 -2.883471383605519522e-02
-4.575550457674695815e-01 -8.328622039817743516e-01 -1.080572856546080374e+00 -1.173081019767699518e+00 -1.128849987393327758e+00 -1.003150650968759994e+00 -8.531033187036273224e-01 -7.130760573936170132e-01 -5.943810217423736164e-01 -4.963467987156733874e-01 -4.150280763009377427e-01 -3.466842457313059067e-01 -2.884352389504638015e-01 -2.381172791852806947e-01 -1.940647265125890475e-01 -1.549514773071898610e-01 -1.196855955552289519e-01 -8.733819240675128048e-02 -5.709344277952942831e-02 -2.821161306437164340e-02
-3.784088118824213143e-01 -6.925794136880745189e-01 -9.049491342863383858e-01 -9.938769734692068925e-01 -9.725329337864109247e-01 -8.818593075579550522e-01 -7.654324566312045164e-01 -6.511804717120496244e-01 -5.501466011047112525e-01 -4.638186804087940929e-01 -3.903948055757500146e-01 -3.275923971190799477e-01 -2.734117168706082235e-01 -2.262120245354421466e-01 -1.846463179706197832e-01 -1.475900871839536388e-01 -1.140844724594970716e-01 -8.329271438947767614e-02 -5.446637470276666920e-02 -2.691829890556146632e-02
-2.897176974306331365e-01 -5.343685032421076064e-01 -7.054890239424455034e-01 -7.876118314668175691e-01 -7.884703833099910852e-01 -7.343051150860212539e-01 -6.544584534108861540e-01 -5.695611752631899449e-01 -4.896877628822333683e-01 -4.181178505784907129e-01 -3.551040381456610495e-01 -2.998751604166241536e-01 -2.514069319948050718e-01 -2.086727746510559089e-01 -1.707184392783664961e-01 -1.366780844654557070e-01 -1.057694955957885069e-01 -7.728182042998654744e-02 -5.056104661723796051e-02 -2.499521110894692422e-02
-2.116594296046616364e-01 -3.938112060015518945e-01 -5.262929064934109835e-01 -5.985186254388892291e-01 -6.141274037316928336e-01 -5.881567884020930670e-01 -5.386746541870141014e-01 -4.798819011198084961e-01 -4.202167726605224307e-01 -3.637355398139164864e-01 -3.120115234177416874e-01 -2.653955707763595573e-01 -2.236679496198577810e-01 -1.863537024214713678e-01 -1.528765860701245538e-01 -1.226343203201583215e-01 -9.503360632255050677e-02 -6.950402852997170089e-02 -4.550078312241732925e-02 -2.250150165890711304e-02
-1.509268866417942112e-01 -2.831561753747239285e-01 -3.830364511445459863e-01 -4.433680560890678746e-01 -4.653362775886523139e-01 -4.569318883081610050e-01 -4.287131029464582022e-01 -3.900009022866179897e-01 -3.473111867748093773e-01 -3.045516593514784320e-01 -2.638050011904490844e-01 -2.260270483935685193e-01 -1.915155525229521871e-01 -1.601975036653149886e-01 -1.317998876301738065e-01 -1.059490080377748916e-01 -8.222658331791989073e-02 -6.019990595603268851e-02 -3.943655812609429823e-02 -1.951001501338411534e-02
-1.056250032499536640e-01 -1.995488458776143725e-01 -2.728075411826146324e-01 -3.205000982881882621e-01 -3.426195138325808243e-01 -3.432182399516756632e-01 -3.283094601801393453e-01 -3.038093706375313285e-01 -2.744081843550933986e-01 -2.433430194641681144e-01 -2.126281815781925211e-01 -1.833919118953909744e-01 -1.561697011341527386e-01 -1.311208768233679545e-01 -1.081764584612837365e-01 -8.713524448851568682e-02 -6.772381371128102789e-02 -4.963245598871926512e-02 -3.253553032397110689e-02 -1.610200138716894394e-02
-7.136013536501399634e-02 -1.355289462740296158e-01 -1.868190718952265628e-01 -2.219691081506850738e-01 -2.405496372062269350e-01 -2.445438853829186576e-01 -2.373069473488574610e-01 -2.224603786077902490e-01 -2.031554974247335721e-01 -1.817816369212406913e-01 -1.599724739941048857e-01 -1.387426860158438857e-01 -1.186504649010087925e-01 -9.993984934886715465e-02 -8.264982841703284733e-02 -6.669170012708880435e-02 -5.190097274976723796e-02 -3.807057513710363633e-02 -2.497110672558076894e-02 -1.236246221639808462e-02
-4.418424287748776158e-02 -8.422165107927627459e-02 -1.167663962103114017e-01 -1.398171262427797268e-01 -1.529313858101336576e-01 -1.570285655220447496e-01 -1.538847593157643134e-01 -1.455606779419927610e-01 -1.339696877986461809e-01 -1.206551874834642241e-01 -1.067373446230872880e-01 -9.295589089946716677e-02 -7.974962579742875257e-02 -6.733823063735820680e-02 -5.579130813686565549e-02 -4.508075787424179609e-02 -3.511780211065183843e-02 -2.577776638566068451e-02 -1.691586166116505405e-02 -8.376741427214826063e-03
-2.114322975856314235e-02 -4.038761733338374488e-02 -5.618387233768439709e-02 -6.757936311947780605e-02 -7.431448632982638747e-02 -7.674580520978788178e-02 -7.563942515797730803e-02 -7.192683496640737972e-02 -6.650714533219999336e-02 -6.013203959121807274e-02 -5.336582270749427176e-02 -4.659390787323373223e-02 -4.005391853466346713e-02 -3.387214140387032058e-02 -2.809641781919278852e-02 -2.272222182386309311e-02 -1.771171290537828374e-02 -1.300682780309916908e-02 -8.537832883063825595e-03 -4.228643538918578845e-03
