-4.868763247207451468e-03 -9.720261366841594433e-03 -1.453143863500886562e-02 -1.926784146673517911e-02 -2.387849044449287875e-02 -2.829164838228665629e-02 -3.241207379872976246e-02 -3.612060264821720379e-02 -3.927679945382013538e-02 -4.172546337354347129e-02 -4.330722125659464128e-02 -4.387271433130175008e-02 -4.329890417812094078e-02 -4.150498159759868910e-02 -3.846508257325063213e-02 -3.421530274894423601e-02 -2.885394692820951804e-02 -2.253556220041367381e-02 -1.546064743566974431e-02 -7.863487976675275978e-03
-9.754772366939657574e-03 -1.948082936144704055e-02 -2.913764662386086890e-02 -3.866145740472620024e-02 -4.795451711345024431e-02 -5.687605766738565438e-02 -6.523607477400036880e-02 -7.279355463904202406e-02 -7.926114752423717158e-02 -8.431785082214041105e-02 -8.763071231959490559e-02 -8.888473912362521157e-02 -8.781791874764086070e-02 -8.425595198583628320e-02 -7.814006615440605152e-02 -6.954220342232603214e-02 -5.866494637421262870e-02 -4.582764945736926554e-02 -3.144352857691789377e-02 -1.599329441291192158e-02
-1.466948345604479967e-02 -2.931060102434837611e-02 -4.387687045169161998e-02 -5.828585487456713204e-02 -7.240210016156975459e-02 -8.602204334647588213e-02 -9.886262942916082541e-02 -1.105564153864551924e-01 -1.206564095222393829e-01 -1.286541069693502570e-01 -1.340130685620684048e-01 -1.362176327676083987e-01 -1.348320971118846245e-01 -1.295608625300202488e-01 -1.202970651721960854e-01 -1.071485456996691815e-01 -9.043600816166703915e-02 -7.066658001679165801e-02 -4.849249322770049497e-02 -2.466615308892227201e-02
-1.961253555618773861e-02 -3.921519789597194966e-02 -5.877339264084812526e-02 -7.820302915934503052e-02 -9.734604539292414371e-02 -1.159474224898583705e-01 -1.336360090797490963e-01 -1.499130855647957394e-01 -1.641539918727308034e-01 -1.756291420839424799e-01 -1.835498667898287917e-01 -1.871406466283539460e-01 -1.857319868231182280e-01 -1.788583467710831709e-01 -1.663388150942251842e-01 -1.483189457378968623e-01 -1.252639890100146758e-01 -9.791017947882720007e-02 -6.719368705085830562e-02 -3.417880824973634768e-02
-2.456544506173001866e-02 -4.916425935230061411e-02 -7.379849285860724806e-02 -9.840686328359754542e-02 -1.228316709411283875e-01 -1.467856053312755482e-01 -1.698208969908371058e-01 -1.913059301137950419e-01 -2.104173639323308476e-01 -2.261586770318256556e-01 -2.374166705990308768e-01 -2.430631672807434807e-01 -2.420968811191442360e-01 -2.338017579100123422e-01 -2.178809376880443127e-01 -1.945244881878997467e-01 -1.643908604043328170e-01 -1.285164822476280166e-01 -8.819326956191392286e-02 -4.485537900982032589e-02
-2.948499778390662601e-02 -5.907790500095505548e-02 -8.884949953870453776e-02 -1.187943095618968770e-01 -1.487882155582439248e-01 -1.785424587359167592e-01 -2.075560598154888026e-01 -2.350724004164790604e-01 -2.600509191734892700e-01 -2.811716042339525989e-01 -2.968950487537129757e-01 -3.055984956308478995e-01 -3.057906114477310644e-01 -2.963708357951814754e-01 -2.768586670077518574e-01 -2.475072222254790233e-01 -2.092584972592598513e-01 -1.635716483939393950e-01 -1.122075339483504658e-01 -5.704944710189240736e-02
-3.429663506266310974e-02 -6.881289255456969622e-02 -1.037273220856894385e-01 -1.391327051108423862e-01 -1.749844800337607975e-01 -2.110399887934815422e-01 -2.467885176511859235e-01 -2.813767485936955470e-01 -3.135423562179462387e-01 -3.415817985053534178e-01 -3.633933105129631969e-01 -3.766448192310214438e-01 -3.790956359511414298e-01 -3.690315960010985274e-01 -3.456750278131798804e-01 -3.093868444213787594e-01 -2.615640695649592562e-01 -2.043040408981222078e-01 -1.400157743128717380e-01 -7.113488340322852987e-02
-3.888866357584258582e-02 -7.814973310962243513e-02 -1.181142353767450220e-01 -1.590247664623181678e-01 -2.009770697162212016e-01 -2.438445468472918987e-01 -2.871813489205425896e-01 -3.301037255905061030e-01 -3.711597902656783576e-01 -4.082190565766232737e-01 -4.384490840569074122e-01 -4.584866348315513873e-01 -4.649073734711006711e-01 -4.549752902066271920e-01 -4.274144215339469310e-01 -3.827952552003713316e-01 -3.233039389305493172e-01 -2.520635293652072062e-01 -1.724163239889946186e-01 -8.747424717661464455e-02
-4.310828942076212755e-02 -8.678315981823726821e-02 -1.315551435510627920e-01 -1.778750914314080056e-01 -2.260545323656570349e-01 -2.761798491910620323e-01 -3.279885953282655198e-01 -3.806965751459648883e-01 -4.327715817529821929e-01 -4.816765885945354930e-01 -5.236729565283491095e-01 -5.538951826702003256e-01 -5.669940128739248131e-01 -5.584559248207479065e-01 -5.261300186539868973e-01 -4.710202275739394651e-01 -3.967643488561386489e-01 -3.082187397186074151e-01 -2.101084809581193757e-01 -1.063450732639117657e-01
-4.676134865158167175e-02 -9.431950172002760702e-02 -1.434481139696396346e-01 -1.948659632364954375e-01 -2.491861686470456250e-01 -3.068317003421380251e-01 -3.678960740873308821e-01 -4.319185871235670660e-01 -4.975351771321974148e-01 -5.619775766436202469e-01 -6.204944966149693597e-01 -6.660650220255736054e-01 -6.901544398322603246e-01 -6.850604804948463578e-01 -6.470361937713305922e-01 -5.779893577689496631e-01 -4.843080736875686743e-01 -3.738582505088800523e-01 -2.534300757990977093e-01 -1.277922683634125922e-01
-4.961762219992495171e-02 -1.002854113579259715e-01 -1.530518752557540885e-01 -2.089545186582568159e-01 -2.689924675601684245e-01 -3.340643586214327443e-01 -4.048420744763249757e-01 -4.815253670553771848e-01 -5.633730408618892183e-01 -6.478470242788264555e-01 -7.292960775721610833e-01 -7.977334134447471303e-01 -8.394149360143492444e-01 -8.409604506302320592e-01 -7.957164919909629486e-01 -7.073923195461960800e-01 -5.874902406123710952e-01 -4.490362025713938721e-01 -3.018315036874391066e-01 -1.513649040464053463e-01
-5.142374903510151668e-02 -1.041526822152734622e-01 -1.595194998262120800e-01 -2.189077965000221226e-01 -2.837647118737025020e-01 -3.555895152005794646e-01 -4.358683885119424839e-01 -5.258797157530559208e-01 -6.261695999542841173e-01 -7.352595497285440151e-01 -8.470988582369228803e-01 -9.479296471714282468e-01 -1.016015447712876885e+00 -1.028564585626196903e+00 -9.739957482653851528e-01 -8.592404117702155952e-01 -7.045343607902117000e-01 -5.311391065785167065e-01 -3.529560886165926115e-01 -1.757153554730327694e-01
-5.192471327236953399e-02 -1.053821102950606992e-01 -1.619656882090987626e-01 -2.233924764411694408e-01 -2.915686097062876736e-01 -3.686552233017728053e-01 -4.571176961747993039e-01 -5.596783428428018237e-01 -6.788603904936481026e-01 -8.152608700314559753e-01 -9.632932473026492026e-01 -1.104986356789482427e+00 -1.207897356183076587e+00 -1.235829507765785706e+00 -1.170050560355539782e+00 -1.022308240039179639e+00 -8.255133360734089321e-01 -6.122861943096811199e-01 -4.014435071202461791e-01 -1.981613138120905115e-01
-5.089300225403999706e-02 -1.034853768521635520e-01 -1.595686973771372197e-01 -2.211277657342033687e-01 -2.904608807189474340e-01 -3.703321361846610982e-01 -4.641624784066130660e-01 -5.761944610703404468e-01 -7.112188521870607127e-01 -8.725127877158367351e-01 -1.055738615994211038e+00 -1.239096967025544282e+00 -1.378759259370698098e+00 -1.423631935398990800e+00 -1.346929212766888817e+00 -1.165912397794572231e+00 -9.277391470239189086e-01 -6.773517478466114516e-01 -4.383285257863289708e-01 -2.145822605444164810e-01
-4.816191748232930697e-02 -9.809771567528062508e-02 -1.516959887191235423e-01 -2.110889121148811221e-01 -2.788129074111873607e-01 -3.580265514377091729e-01 -4.528132861293480693e-01 -5.685229886599653115e-01 -7.116784830640858761e-01 -8.877350379034681938e-01 -1.093659127579335477e+00 -1.305314119418811369e+00 -1.470868374109127297e+00 -1.528419619480331448e+00 -1.445286454044878433e+00 -1.242812405712143020e+00 -9.785724322235702655e-01 -7.062921069659396922e-01 -4.526297283066925137e-01 -2.202046948559041040e-01
-4.365694652150316213e-02 -8.904756598106781940e-02 -1.380286426488847584e-01 -1.927188116543874785e-01 -2.556723588429231087e-01 -3.301157485331294716e-01 -4.202775368484515939e-01 -5.317678185296884630e-01 -6.715228603238216909e-01 -8.455484295926271043e-01 -1.051311364222019540e+00 -1.264713631213807421e+00 -1.433164019125714006e+00 -1.493528527477188339e+00 -1.412433220895194852e+00 -1.211744102974974702e+00 -9.502817539479638809e-01 -6.826828735756000910e-01 -4.356805065105738839e-01 -2.113669078800408385e-01
-3.741829398774247639e-02 -7.640696366564644904e-02 -1.186522297179072316e-01 -1.660851715617957802e-01 -2.210389456738351688e-01 -2.864531833880700762e-01 -3.661394710579817802e-01 -4.650464267764693460e-01 -5.890831569069810980e-01 -7.430144441995003568e-01 -9.238946065588284906e-01 -1.110212981401321297e+00 -1.256501100007534566e+00 -1.308855202835282450e+00 -1.238900328710267784e+00 -1.065128632173009127e+00 -8.375810509565758677e-01 -6.032287894643433290e-01 -3.856408894335685011e-01 -1.872555911506814386e-01
-2.960926179877467271e-02 -6.050974844340360065e-02 -9.408815844321491428e-02 -1.319305633325329741e-01 -1.759426786551587241e-01 -2.284922742114101346e-01 -2.925651037268814925e-01 -3.718554220206956029e-01 -4.704385392999627657e-01 -5.910022953148118541e-01 -7.300667099905138180e-01 -8.706525666399662633e-01 -9.792339959993187071e-01 -1.017148657800217126e+00 -9.642286865209109825e-01 -8.334433657457910316e-01 -6.603830231710006160e-01 -4.792536198279475079e-01 -3.082077789083320640e-01 -1.501822760648191535e-01
-2.050900637286955791e-02 -4.193461224178050839e-02 -6.526011948257601225e-02 -9.160617812016220995e-02 -1.223075236067510951e-01 -1.589924560236725959e-01 -2.036445334383030215e-01 -2.585718420410509366e-01 -3.260464325735047963e-01 -4.070409873009574464e-01 -4.983205126845006161e-01 -5.884260159553934555e-01 -6.565070197338859215e-01 -6.793744304981852444e-01 -6.450773034979874199e-01 -5.611513129743054273e-01 -4.486914437718679260e-01 -3.286259369973453803e-01 -2.128649060515727387e-01 -1.041719836026992752e-01
-1.049214580759246299e-02 -2.145957410717755712e-02 -3.341153675201342932e-02 -4.692646806382149566e-02 -6.268814775864070543e-02 -8.151838174098507972e-02 -1.043904937556152934e-01 -1.323790777787879069e-01 -1.664298498546769589e-01 -2.067092181092634873e-01 -2.512785890307865366e-01 -2.944351570866380330e-01 -3.264457424994155477e-01 -3.368157482104703337e-01 -3.201930037161788700e-01 -2.798887131161131858e-01 -2.253457224864974240e-01 -1.661962287399263438e-01 -1.082414662873873029e-01 -5.314580191100109346e-02
