-3.543831104734897295e-03 -7.083285043723868205e-03 -1.060991951543727857e-02 -1.410721224325619735e-02 -1.754668336157984981e-02 -2.088435909082618502e-02 -2.405789456890794833e-02 -2.698484240481555108e-02 -2.956269704690028810e-02 -3.167140406114984930e-02 -3.317896305765554582e-02 -3.395043766877024055e-02 -3.386012764556382143e-02 -3.280587999227135843e-02 -3.072371458733613725e-02 -2.760042556578362963e-02 -2.348185860755288776e-02 -1.847528119061590465e-02 -1.274540920807373107e-02 -6.504791708588327989e-03
-7.092039435886203502e-03 -1.417938871010131045e-02 -2.124918226448106739e-02 -2.827224731608728170e-02 -3.519516409274317525e-02 -4.193286137212558218e-02 -4.836237854920613644e-02 -5.431878077667280647e-02 -5.959454419887395132e-02 -6.394395926317930634e-02 -6.709401391228492217e-02 -6.876266305464606710e-02 -6.868419580722029405e-02 -6.663967953676705469e-02 -6.248855492555190766e-02 -5.619613041453268287e-02 -4.785172794606619429e-02 -3.767385798607045255e-02 -2.600156216828811498e-02 -1.327375800650311237e-02
-1.064493682905213491e-02 -2.129304798177911184e-02 -3.193517332214593218e-02 -4.253743195614340805e-02 -5.302886754608688441e-02 -6.328954660731177240e-02 -7.313998124544712764e-02 -8.233336069102040189e-02 -9.055274305693157555e-02 -9.741587817585320441e-02 -1.024904743473538521e-01 -1.053220081921942414e-01 -1.054743159771017180e-01 -1.025800902502770895e-01 -9.639469679537558677e-02 -8.684381551917606801e-02 -7.405506604972288132e-02 -5.836685957362097721e-02 -4.031322359966118402e-02 -2.058867625468529389e-02
-1.419466100424036058e-02 -2.841269291207026634e-02 -4.266103326969494097e-02 -5.691344213575479094e-02 -7.109333002964329795e-02 -8.505647982958453035e-02 -9.857464038994201427e-02 -1.113219397963101792e-01 -1.228671910442036413e-01 -1.326763391351670485e-01 -1.401300003718708442e-01 -1.445605831556479037e-01 -1.453109717676542290e-01 -1.418116707509713137e-01 -1.336663288427764329e-01 -1.207293709906220036e-01 -1.031578631271289626e-01 -8.142529280168778194e-02 -5.629579504662898803e-02 -2.876772391110801394e-02
-1.772101466097128833e-02 -3.550202998088236583e-02 -5.338282660508835570e-02 -7.136197466181543048e-02 -8.937453383887633551e-02 -1.072684035878796599e-01 -1.247801626092329835e-01 -1.415125686692060014e-01 -1.569177437622325810e-01 -1.702922896801542241e-01 -1.807926084722652482e-01 -1.874793537461942883e-01 -1.893973198667273927e-01 -1.856892923318113620e-01 -1.757295782589059219e-01 -1.592494795313404155e-01 -1.364217246366357383e-01 -1.078806558974463592e-01 -7.467694069588114159e-02 -3.818642421466812709e-02
-2.118736878937459503e-02 -4.249158834752175817e-02 -6.400627085935679805e-02 -8.577709965589955243e-02 -1.077744301509802466e-01 -1.298624419862133006e-01 -1.517650419700032893e-01 -1.730304323050799176e-01 -1.929989299501083111e-01 -2.107824725029828761e-01 -2.252687940685539625e-01 -2.351669076614637532e-01 -2.391096595612182407e-01 -2.358185971986863916e-01 -2.243132048763196718e-01 -2.041172388260434623e-01 -1.753988974859395367e-01 -1.389986646524647429e-01 -9.634488829493116635e-02 -4.930103241044362511e-02
-2.453687435227161137e-02 -4.927068589095008611e-02 -7.437357265952103391e-02 -9.996572536886731697e-02 -1.260836496140709528e-01 -1.526418971640918498e-01 -1.793871371617291877e-01 -2.058451946818621314e-01 -2.312650777193798746e-01 -2.545698804271591120e-01 -2.743331824188959267e-01 -2.888097901304354509e-01 -2.960557293354555974e-01 -2.941620789382520806e-01 -2.815872055252233719e-01 -2.575071749878959926e-01 -2.220578141464238098e-01 -1.763701347003312492e-01 -1.224028797423810239e-01 -6.267280611045818184e-02
-2.768944351239115836e-02 -5.568071104074318045e-02 -8.425161019403468177e-02 -1.136285826513531577e-01 -1.439525511024199178e-01 -1.752343667205288058e-01 -2.072964229515805445e-01 -2.396981397111702383e-01 -2.716463042272282968e-01 -3.018987499579112721e-01 -3.286840812655213995e-01 -3.496827752648746790e-01 -3.621400894475956256e-01 -3.631845411350902442e-01 -3.503634296775424706e-01 -3.222635394355271021e-01 -2.789528709097210402e-01 -2.220199424350506878e-01 -1.542231562732328531e-01 -7.898713773081490752e-02
-3.054019104367113047e-02 -6.151110679433855616e-02 -9.332357737120278163e-02 -1.263444468439495483e-01 -1.608636097100918094e-01 -1.970466013908125924e-01 -2.348660553286210095e-01 -2.740046278159151139e-01 -3.137231567644006569e-01 -3.526942121326929191e-01 -3.888195418568485828e-01 -4.190909065085557939e-01 -4.396231336455003746e-01 -4.460481390097958965e-01 -4.343865314456163418e-01 -4.021991020186411192e-01 -3.494464924270785366e-01 -2.785201283822926199e-01 -1.934768532163881893e-01 -9.905068845116697662e-02
-3.296021559133666817e-02 -6.649995051443491345e-02 -1.011871478174143080e-01 -1.375620196257473782e-01 -1.761108434736101680e-01 -2.172223787526453842e-01 -2.611165620217920647e-01 -3.077310465874781853e-01 -3.565466550292843984e-01 -4.063310716135632439e-01 -4.547918327560274143e-01 -4.981868019965015604e-01 -5.310966503044648457e-01 -5.467972330128609837e-01 -5.386728305479445700e-01 -5.024398836034404958e-01 -4.379188004524663946e-01 -3.490262703587823645e-01 -2.420655968013050718e-01 -1.237231251475629928e-01
-3.480072354917303906e-02 -7.034133499622144403e-02 -1.073630473274630737e-01 -1.466056436154727083e-01 -1.887953703174593822e-01 -2.346155071219391541e-01 -2.846466926592178814e-01 -3.392555927091442936e-01 -3.983961672220041605e-01 -4.612645456468058569e-01 -5.257229740309175003e-01 -5.874472276354432143e-01 -6.390509112850245588e-01 -6.701163623594320606e-01 -6.694289471510466161e-01 -6.293466821385421683e-01 -5.495453743045582984e-01 -4.369082079087855397e-01 -3.017376073414108073e-01 -1.536786374785306386e-01
-3.590134666473686342e-02 -7.270162289615053619e-02 -1.113180667944327906e-01 -1.527021409749480252e-01 -1.978494892551001805e-01 -2.477975606696846689e-01 -3.035987234409560642e-01 -3.662449084261491516e-01 -4.364933605835605301e-01 -5.144800556653442714e-01 -5.988824305408277926e-01 -6.853117946933573457e-01 -7.640974497825240297e-01 -8.192523804872345883e-01 -8.318286620802364251e-01 -7.882998330509705109e-01 -6.882504847660720904e-01 -5.440487421552305802e-01 -3.728859187066643766e-01 -1.887922678225199824e-01
-3.610304257965094715e-02 -7.324574612789178096e-02 -1.125054599847589154e-01 -1.550353662041364933e-01 -2.021028842419033134e-01 -2.551264119730690116e-01 -3.157043341474228826e-01 -3.856191902947408434e-01 -4.667643952211866787e-01 -5.608212199115085728e-01 -6.682010765218800996e-01 -7.853827479688385571e-01 -9.004189090420422481e-01 -9.896830315836701031e-01 -1.022540656749983068e+00 -9.762623524168916322e-01 -8.504645736000271405e-01 -6.664081145697164921e-01 -4.519019464613869275e-01 -2.269495822357432968e-01
-3.526507961493843130e-02 -7.167286161937728994e-02 -1.104226633249753287e-01 -1.528309824520916738e-01 -2.004002526102949266e-01 -2.549005559770277096e-01 -3.184691924058665191e-01 -3.937284024222252876e-01 -4.838848344501415766e-01 -5.925926573278900156e-01 -7.227878263252760505e-01 -8.728202766614799879e-01 -1.028928678467507796e+00 -1.158669127579574409e+00 -1.216846235098100859e+00 -1.168967620020824549e+00 -1.014827472378220463e+00 -7.873011658238683319e-01 -5.276023663087839877e-01 -2.626059166253607025e-01
-3.328441500219229271e-02 -6.775795889971164554e-02 -1.046813511191289903e-01 -1.454656467259117236e-01 -1.917665516254595526e-01 -2.456057124646706946e-01 -3.095356026601531196e-01 -3.868688463506675390e-01 -4.819614846213686743e-01 -6.003080326348639861e-01 -7.473792813581318084e-01 -9.237311199495468195e-01 -1.114610026422099498e+00 -1.280021459327006061e+00 -1.361559053620581938e+00 -1.313863429624941404e+00 -1.136966985926911589e+00 -8.746064820163002018e-01 -5.802454285929738997e-01 -2.866035678580277635e-01
-3.011462258464588787e-02 -6.139320834565903384e-02 -9.507913794561542731e-02 -1.325837014287916393e-01 -1.755945336828923231e-01 -2.262191169231570209e-01 -2.871863527926029613e-01 -3.621381422541517514e-01 -4.560151441779954351e-01 -5.752866418261677328e-01 -7.268244085828499124e-01 -9.125541088024090586e-01 -1.117681520308646093e+00 -1.299074519440783559e+00 -1.392398837707137460e+00 -1.347317677042804140e+00 -1.164000835748313589e+00 -8.912019155023237493e-01 -5.878818093865569860e-01 -2.890870684802249180e-01
-2.578086759433178068e-02 -5.262111561455931619e-02 -8.165829335137783640e-02 -1.141954877651216171e-01 -1.518086932155662816e-01 -1.964886557584036852e-01 -2.508379794502120785e-01 -3.183499086621092156e-01 -4.037637266082853560e-01 -5.132487363620206189e-01 -6.532927304931896995e-01 -8.256678897481737334e-01 -1.016524948126481087e+00 -1.185769153032468770e+00 -1.273808718012721330e+00 -1.234089421135204478e+00 -1.066724012132112209e+00 -8.167104048167953545e-01 -5.385568838309338080e-01 -2.647236250354605414e-01
-2.038773232266825539e-02 -4.165209417810570441e-02 -6.473743472902873664e-02 -9.073126273473140768e-02 -1.209560322860423476e-01 -1.570877454480870961e-01 -2.013139227790285424e-01 -2.565410310065292521e-01 -3.266238489375246079e-01 -4.163884000843443012e-01 -5.305700585639429034e-01 -6.697589892455781957e-01 -8.221321481568614198e-01 -9.558303492087891762e-01 -1.024639004694821942e+00 -9.927870725153616904e-01 -8.602117861221659778e-01 -6.612128940358348306e-01 -4.378493099724429793e-01 -2.158676828111826818e-01
-1.411796860546403465e-02 -2.886209354570470897e-02 -4.490809139761314794e-02 -6.303609660644850232e-02 -8.419638411691378332e-02 -1.095916310414092737e-01 -1.407800376739382908e-01 -1.797956455744425808e-01 -2.292462000988456094e-01 -2.922102595216922727e-01 -3.713692871397287765e-01 -4.662797053966251659e-01 -5.682750610326086083e-01 -6.561790721199329823e-01 -7.003655470448685305e-01 -6.782251083168706618e-01 -5.895723627900496533e-01 -4.558210626079365890e-01 -3.037401975665872111e-01 -1.504318404686041666e-01
-7.222047156975813960e-03 -1.477022049784095653e-02 -2.299673974038245194e-02 -3.230864779589753127e-02 -4.320175385860611922e-02 -5.630197424702965137e-02 -7.241436232977345455e-02 -9.257364261838865738e-02 -1.180682702380516091e-01 -1.503411193503625953e-01 -1.905010551156213205e-01 -2.379808513029566808e-01 -2.882090649308762798e-01 -3.308244514701937367e-01 -3.517686926258324354e-01 -3.404438818219741036e-01 -2.967000274989953779e-01 -2.304597718660965910e-01 -1.543445073670704493e-01 -7.672167217831897534e-02
