-2.241294590547580901e-03 -4.491985600605838055e-03 -6.759099053291433949e-03 -9.044827138238573441e-03 -1.134389962205863134e-02 -1.364076843046437178e-02 -1.590666410463876732e-02 -1.809669869683434851e-02 -2.014736600047459594e-02 -2.197499249193087673e-02 -2.347591335224900877e-02 -2.452933891396236188e-02 -2.500389224365878738e-02 -2.476857019136766841e-02 -2.370818778960793669e-02 -2.174222445266681819e-02 -1.884451136988876674e-02 -1.505980999935362802e-02 -1.051271540669586509e-02 -5.405031739085703474e-03
-4.473193291084231679e-03 -8.967550379533346938e-03 -1.349958499314537347e-02 -1.807631035558842150e-02 -2.269000178585789743e-02 -2.731250851044151121e-02 -3.188918829998194093e-02 -3.633276425462660109e-02 -4.051777395803878717e-02 -4.427669124608363954e-02 -4.739932418504349404e-02 -4.963755096863876892e-02 -5.071766058158565238e-02 -5.036220227587427656e-02 -4.832195777007957521e-02 -4.441620078872247912e-02 -3.857601288856181421e-02 -3.088201477020664776e-02 -2.158602061822931586e-02 -1.110741237571724431e-02
-6.683930729941821650e-03 -1.340543801536903112e-02 -2.019538267865380460e-02 -2.707082934231377566e-02 -3.402728739345169812e-02 -4.103007601186466069e-02 -4.800481562286369047e-02 -5.482739611329830176e-02 -6.131427623814826589e-02 -6.721467755546600698e-02 -7.220714350510865076e-02 -7.590388280402275700e-02 -7.786699882269589035e-02 -7.764062187990480868e-02 -7.480124266971548141e-02 -6.902461092711498214e-02 -6.016132690659287130e-02 -4.830621761846826123e-02 -3.384194076186045758e-02 -1.743859719701971317e-02
-8.857092665813911386e-03 -1.777489101411256628e-02 -2.680568082267426391e-02 -3.598433850284925295e-02 -4.531824537010301773e-02 -5.477569415401341985e-02 -6.427260324533519420e-02 -7.365773184755926295e-02 -8.269726213990265251e-02 -9.106060316832587098e-02 -9.831069522124326332e-02 -1.039038407104076328e-01 -1.072058325115278488e-01 -1.075320466100990191e-01 -1.042177825321849716e-01 -9.671967600273707888e-02 -8.473846922381748914e-02 -6.833958975215316534e-02 -4.803692794117859349e-02 -2.480503594852665958e-02
-1.096954974722534615e-02 -2.203135329547451296e-02 -3.326811334756892696e-02 -4.474260284350501521e-02 -5.648566441780356745e-02 -6.848185669168078971e-02 -8.065217609549082955e-02 -9.283367104328976716e-02 -1.047564432957465708e-01 -1.160197838636091716e-01 -1.260711978847878778e-01 -1.341949563368478870e-01 -1.395204468392182151e-01 -1.410639514967349795e-01 -1.378181656128400490e-01 -1.288978419293711486e-01 -1.137332801408587751e-01 -9.227674025562099258e-02 -6.516114069136284825e-02 -3.374461511262862728e-02
-1.298975139362642042e-02 -2.611285942958931766e-02 -3.949281863867880327e-02 -5.323229789410371254e-02 -6.739995935625900381e-02 -8.201389782965234909e-02 -9.702057932464790146e-02 -1.122683400514122715e-01 -1.274750615856841962e-01 -1.421908965325310026e-01 -1.557593626359620453e-01 -1.672843435074423402e-01 -1.756170486623850058e-01 -1.793851393745462541e-01 -1.770930604468865244e-01 -1.673201868914978019e-01 -1.490199779550780979e-01 -1.218728423519976761e-01 -8.658618392497503813e-02 -4.501222068544063343e-02
-1.487659559493726205e-02 -2.993751473327944945e-02 -4.535800475223908390e-02 -6.129381474893409038e-02 -7.786798243234811789e-02 -9.515320161249417319e-02 -1.131479092469641762e-01 -1.317440539615410133e-01 -1.506845708487687951e-01 -1.695093848483573695e-01 -1.874910150182337309e-01 -2.035660011120403179e-01 -2.162782195574035615e-01 -2.237663251954012389e-01 -2.238482835387866077e-01 -2.142689244860079278e-01 -1.931521586777721622e-01 -1.596067967281885325e-01 -1.142970664270991782e-01 -5.971710880170259805e-02
-1.657911617277804672e-02 -3.340259917519366323e-02 -5.070787274794728849e-02 -6.871697782045746439e-02 -8.762495949679310892e-02 -1.075830214778191324e-01 -1.286738077336598007e-01 -1.508753998027737020e-01 -1.740097889586043889e-01 -1.976710599533443302e-01 -2.211292963508033060e-01 -2.432103059840717563e-01 -2.621629241949477440e-01 -2.755516103095418390e-01 -2.802593725084815968e-01 -2.727440835347114678e-01 -2.496961673939228354e-01 -2.090857194461653579e-01 -1.512611623681300310e-01 -7.954783808025304992e-02
-1.803726973748663587e-02 -3.638589478833022250e-02 -5.535391242009622681e-02 -7.524126910048808958e-02 -9.633186144159712472e-02 -1.188801219245074065e-01 -1.430889044395052823e-01 -1.690739552018002689e-01 -1.968081282053630032e-01 -2.260357548656729831e-01 -2.561446272138298008e-01 -2.859818948297278007e-01 -3.136064093028412270e-01 -3.359997553909112589e-01 -3.488455237272153897e-01 -3.466552504630910359e-01 -3.236552528657564709e-01 -2.756081648292369457e-01 -2.019644287934185822e-01 -1.071136329009735461e-01
-1.918407036858161413e-02 -3.874980005796394705e-02 -5.908061868618649098e-02 -8.056233052726213817e-02 -1.035810997596898209e-01 -1.285167048125457900e-01 -1.557277398410479574e-01 -1.855233929216583144e-01 -2.181130090371478369e-01 -2.535190610796659860e-01 -2.914303503709718690e-01 -3.309588071594408709e-01 -3.702466923329841841e-01 -4.058750458923320870e-01 -4.321478624747375208e-01 -4.407322006332369813e-01 -4.216787023350819230e-01 -3.665903775088579231e-01 -2.728777603021204090e-01 -1.462794857360540102e-01
-1.994921240389161896e-02 -4.034862017959774810e-02 -6.165643672324642999e-02 -8.434633967234510254e-02 -1.089135082125878562e-01 -1.358778639589263704e-01 -1.657819621256544640e-01 -1.991788722573033521e-01 -2.366013915710075410e-01 -2.784963735186519185e-01 -3.250927504531347934e-01 -3.761387207680795819e-01 -4.303728374468969720e-01 -4.844974261881756505e-01 -5.315227595495998214e-01 -5.591938040038252344e-01 -5.507722689571104002e-01 -4.904533970827386069e-01 -3.716399559426306065e-01 -2.017782115107121799e-01
-2.026416093101511898e-02 -4.103903293626515181e-02 -6.285017374121824874e-02 -8.625308904059700299e-02 -1.118487352248684757e-01 -1.402992853501467130e-01 -1.723433782290840766e-01 -2.088087305823885520e-01 -2.506170453134053400e-01 -2.987693661257245226e-01 -3.542819599172059020e-01 -4.179865826299282161e-01 -4.899434099030837153e-01 -5.678889058906138043e-01 -6.440635634163451861e-01 -7.012894970485367141e-01 -7.127501819297284991e-01 -6.508155701245229574e-01 -5.021614120132619208e-01 -2.763705088595298509e-01
-2.006839782170403638e-02 -4.069317856739240735e-02 -6.245213991502411577e-02 -8.596711204071838530e-02 -1.119290634434706444e-01 -1.411271686395318137e-01 -1.744835364845757908e-01 -2.130955783319201380e-01 -2.582878988912720719e-01 -3.116735743573192940e-01 -3.752106222894701082e-01 -4.511644672473170692e-01 -5.415944831569255991e-01 -6.462866745236250932e-01 -7.575879491446156910e-01 -8.529829133836061006e-01 -8.929278785058192280e-01 -8.340436716179224774e-01 -6.538227016053309582e-01 -3.643170070440279740e-01
-1.931625070495343252e-02 -3.921314299709566242e-02 -6.029809849613838174e-02 -8.323416057408436486e-02 -1.087732442495945168e-01 -1.377967924040028325e-01 -1.713680198712738967e-01 -2.108020267815582105e-01 -2.577636379101174158e-01 -3.144076680719591343e-01 -3.835716955543575502e-01 -4.689467998655678094e-01 -5.747343048980504410e-01 -7.031889692757476995e-01 -8.474837271213617740e-01 -9.805344115227538904e-01 -1.050468972717286231e+00 -9.980893418898306724e-01 -7.915393509298735975e-01 -4.451548857952228877e-01
-1.798346035704175006e-02 -3.654504350645630673e-02 -5.629295359036954466e-02 -7.789819361912864171e-02 -1.021329664078750726e-01 -1.299187409196557452e-01 -1.623897154654037611e-01 -2.009806654371944779e-01 -2.475540167482426224e-01 -3.045904956461888413e-01 -3.754701360626600537e-01 -4.647830244686696477e-01 -5.781186720327635697e-01 -7.194177564128092506e-01 -8.826716017046144502e-01 -1.038427146267241641e+00 -1.127695598007291133e+00 -1.081891879718538618e+00 -8.635197965057844760e-01 -4.881047207067801819e-01
-1.607254487309385527e-02 -3.269061658872880749e-02 -5.043048201042153733e-02 -6.993269964964024532e-02 -9.194169467594195955e-02 -1.173554922319587079e-01 -1.472914254983811455e-01 -1.831766405407738718e-01 -2.268775478185837413e-01 -2.808906155911989888e-01 -3.486172175362365344e-01 -4.346570016567318229e-01 -5.445759355996708795e-01 -6.822881223873246137e-01 -8.419567089366244428e-01 -9.949034847337756560e-01 -1.083755736675028114e+00 -1.041829896229850227e+00 -8.325841828805168321e-01 -4.709296476742666493e-01
-1.361610096510331921e-02 -2.771439477006951840e-02 -4.280566178715440595e-02 -5.946043580507421461e-02 -7.834562664581895541e-02 -1.002701111429133707e-01 -1.262438431023210350e-01 -1.575566709486073969e-01 -1.958853512080163117e-01 -2.434392937225459408e-01 -3.031461728606240635e-01 -3.787926235085850024e-01 -4.746473119766952409e-01 -5.930983192317514918e-01 -7.280147789802381419e-01 -8.545208910637968058e-01 -9.249617996573727963e-01 -8.849251511429894190e-01 -7.048588287089454507e-01 -3.973684498537425336e-01
-1.067746177693386540e-02 -2.174519919600535062e-02 -3.361733776834738979e-02 -4.675776017472102475e-02 -6.171027119070351952e-02 -7.913548450929920597e-02 -9.985715599529079722e-02 -1.249206663487555657e-01 -1.556653024890709280e-01 -1.938074890223536462e-01 -2.415139658494082353e-01 -3.013689770823156922e-01 -3.758783547512984935e-01 -4.655675482222180195e-01 -5.643867430679270214e-01 -6.532434018178980839e-01 -6.981518201801276691e-01 -6.615575311490941024e-01 -5.234723355839850933e-01 -2.933042220936505351e-01
-7.348545746480078869e-03 -1.497160121564295766e-02 -2.316073177786617115e-02 -3.224300085983031888e-02 -4.260221690259202720e-02 -5.470440086863215950e-02 -6.912862564312438618e-02 -8.660343484960948690e-02 -1.080462774021049843e-01 -1.345962230569126838e-01 -1.676111606671828458e-01 -2.085467478675963882e-01 -2.584900605007754981e-01 -3.168566256295481387e-01 -3.787187478358807757e-01 -4.314865587606294683e-01 -4.545211516951994657e-01 -4.259341708599819198e-01 -3.344177826226290007e-01 -1.860640379451740378e-01
-3.745118431009680608e-03 -7.631927272045013408e-03 -1.181098875202581285e-02 -1.645129634640321581e-02 -2.175119730615024047e-02 -2.795127651671750965e-02 -3.534950775562105407e-02 -4.431812791406018748e-02 -5.531955586231697419e-02 -6.891363035214265187e-02 -8.573673871988851669e-02 -1.064060304052015377e-01 -1.312422662265020357e-01 -1.596183455664812179e-01 -1.887817275034539555e-01 -2.125597948813571503e-01 -2.214549915808950720e-01 -2.057428396354344380e-01 -1.605474010873819690e-01 -8.884410753154639573e-02
