-1.479923686359898780e-02 -2.982498359668165830e-02 -4.527565769819043989e-02 -6.128757928766580265e-02 -7.788978602293096520e-02 -9.494427260468564500e-02 -1.120737267837548790e-01 -1.285905542769260890e-01 -1.434604061395045038e-01 -1.553550694889610229e-01 -1.628492042581972110e-01 -1.647577011808356029e-01 -1.604974357510630667e-01 -1.502802912586753969e-01 -1.350155301273263941e-01 -1.159848998477494009e-01 -9.447888134610088473e-02 -7.154916104548947331e-02 -4.791767270907176107e-02 -2.400187870351592687e-02
-2.937196040553276960e-02 -5.922504805852803894e-02 -8.999006355313546313e-02 -1.219848649147384639e-01 -1.553272763520089916e-01 -1.898134509377224222e-01 -2.247595064046018221e-01 -2.588259518980921547e-01 -2.898900904914243348e-01 -3.150982894644689947e-01 -3.312643570437069362e-01 -3.356604412491687728e-01 -3.269300764247084490e-01 -3.055931818007959766e-01 -2.737890452487439785e-01 -2.344420540967496469e-01 -1.903805223561224891e-01 -1.437998788218856627e-01 -9.611961542928817992e-02 -4.808983455175488975e-02
-4.346356999691911027e-02 -8.771319333240264193e-02 -1.334746978042904153e-01 -1.813345256760179880e-01 -2.316208473527473777e-01 -2.842217371878275056e-01 -3.383198946268349827e-01 -3.920454057931215819e-01 -4.421251820459464188e-01 -4.837776423889434962e-01 -5.112809831255815674e-01 -5.194865246091778799e-01 -5.057836816190423024e-01 -4.712447927380952750e-01 -4.200379523165974072e-01 -3.575868952475508289e-01 -2.887931986055627398e-01 -2.171483708525165923e-01 -1.446707573904879307e-01 -7.223780362818643663e-02
-5.676913754556302261e-02 -1.146894755322431236e-01 -1.748609987588177483e-01 -2.382575814834926309e-01 -3.055988125022536250e-01 -3.771260478974949315e-01 -4.522204950307549542e-01 -5.287920905359924095e-01 -6.024596062719653755e-01 -6.659182047370848512e-01 -7.095016433667288291e-01 -7.239027372197459620e-01 -7.042689359527607440e-01 -6.527302051701857621e-01 -5.770931554854222822e-01 -4.869001098815999296e-01 -3.900044542465319064e-01 -2.913176389841160563e-01 -1.931751713623544864e-01 -9.619034297393042054e-02
-6.892352387573921768e-02 -1.394145974064370241e-01 -2.130222075730272002e-01 -2.912353877218253340e-01 -3.753855886615751203e-01 -4.664300137697870996e-01 -5.644842255606843384e-01 -6.678596962842460183e-01 -7.713893488881340410e-01 -8.645495092877181209e-01 -9.315236493280102392e-01 -9.558684295718059554e-01 -9.287338277397828579e-01 -8.542102116437291226e-01 -7.465498996774432294e-01 -6.220585140906942367e-01 -4.927482383268809163e-01 -3.648834244254585690e-01 -2.405116972561232302e-01 -1.193470474226551586e-01
-7.951038215249774110e-02 -1.610231849411851990e-01 -2.465776526303329330e-01 -3.382738763144956251e-01 -4.382586774059777368e-01 -5.486005042111494756e-01 -6.708308617819539466e-01 -8.045982167108857164e-01 -9.446708394409140119e-01 -1.076745204690896518e+00 -1.176107489562080666e+00 -1.215127252143275660e+00 -1.178490387424498964e+00 -1.073522791488327854e+00 -9.248029610393209143e-01 -7.588381565322770417e-01 -5.930819039212053001e-01 -4.347355214849883964e-01 -2.846029143539615669e-01 -1.406811137556795710e-01
-8.809483022331637825e-02 -1.785901019401999468e-01 -2.739907553526044759e-01 -3.770172321798379578e-01 -4.907196932261905231e-01 -6.185326542868931909e-01 -7.639559964151106941e-01 -9.288829229769505202e-01 -1.108938445814669604e+00 -1.285971698100384364e+00 -1.424303118571626392e+00 -1.481668373544626771e+00 -1.434108686806040200e+00 -1.293322989121788780e+00 -1.097586805165906787e+00 -8.863694587662581670e-01 -6.832785448066018841e-01 -4.957501666629550718e-01 -3.223752151109911535e-01 -1.587602722170931846e-01
-9.427885745367647896e-02 -1.912515851437646686e-01 -2.937767788319202156e-01 -4.050705456409826044e-01 -5.289521995981637525e-01 -6.701047331525731288e-01 -8.339675824298133922e-01 -1.024862694187024248e+00 -1.239771381131891781e+00 -1.457435254055693408e+00 -1.631891324144532973e+00 -1.706608727831112393e+00 -1.649082356013676476e+00 -1.475357922200833505e+00 -1.237175408887909667e+00 -9.864020909027211292e-01 -7.520683155162510847e-01 -5.412748352087798365e-01 -3.501557977701782454e-01 -1.719543087088934163e-01
-9.776902940246857965e-02 -1.983604917155491199e-01 -3.047921830993653436e-01 -4.205131223202654978e-01 -5.497221177301432338e-01 -6.977486082824324587e-01 -8.710825402894525338e-01 -1.075424030693703292e+00 -1.308625144588841938e+00 -1.547890244660989456e+00 -1.741722947860291137e+00 -1.825763065527984397e+00 -1.762782399664057031e+00 -1.571234967834672425e+00 -1.310280412078567158e+00 -1.038525144021211544e+00 -7.878236890470557974e-01 -5.649538332390966477e-01 -3.646424496013147554e-01 -1.788516844008583295e-01
-9.843677914842116627e-02 -1.996290500368975707e-01 -3.065158147560494983e-01 -4.224395137679833323e-01 -5.514384604486893826e-01 -6.985852721302918678e-01 -8.699682962390437035e-01 -1.070766881503167678e+00 -1.298483960252338809e+00 -1.530812294064344714e+00 -1.718143053310699830e+00 -1.798818142209406057e+00 -1.737245257878273996e+00 -1.551044222411208207e+00 -1.296810529190363992e+00 -1.030840819375246298e+00 -7.840560148496674708e-01 -5.634006189067057857e-01 -3.641449571172256094e-01 -1.787490718574138160e-01
-9.634905871901802699e-02 -1.952029779056221048e-01 -2.992001628880216479e-01 -4.112643900299794986e-01 -5.347865568854325291e-01 -6.737857041736770025e-01 -8.326971549139935425e-01 -1.014585417131923739e+00 -1.215651002383518087e+00 -1.415939855046671303e+00 -1.574189523573184202e+00 -1.640495693074432548e+00 -1.586343191685732457e+00 -1.425746592766655052e+00 -1.204177228244597053e+00 -9.677954223124112243e-01 -7.432450339922689331e-01 -5.379517555146403618e-01 -3.493550111511887213e-01 -1.719427751266264792e-01
-9.175648778464726152e-02 -1.856335580115348050e-01 -2.838158012069552094e-01 -3.886127461402583694e-01 -5.025017306880324996e-01 -6.280831564116090560e-01 -7.676788064104284048e-01 -9.218147843591740775e-01 -1.085418773462227149e+00 -1.242062291973770050e+00 -1.361526167096319018e+00 -1.409005607106139646e+00 -1.364981974602423653e+00 -1.238902571522253471e+00 -1.062032966930326339e+00 -8.673191859550920535e-01 -6.754539334152780405e-01 -4.940401790554803663e-01 -3.230743700221398451e-01 -1.596267837442046922e-01
-8.504335267849826019e-02 -1.717589341753497090e-01 -2.618158537649925566e-01 -3.568591132068792415e-01 -4.584408244611814509e-01 -5.678349859719797887e-01 -6.855612352180577851e-01 -8.102360908422198138e-01 -9.363044907304056697e-01 -1.051162241824630694e+00 -1.134669662249710997e+00 -1.165153669091250288e+00 -1.130782183625244075e+00 -1.037127065771655365e+00 -9.032285807237749875e-01 -7.502623993750987541e-01 -5.930685741906190911e-01 -4.387332569090918177e-01 -2.891112637107335903e-01 -1.434684027058076294e-01
-7.665800671049441406e-02 -1.545429765817767365e-01 -2.348292218127751296e-01 -3.185630001535306177e-01 -4.065334869815903085e-01 -4.990386977268311264e-01 -5.954545640833783793e-01 -6.934659577617007242e-01 -7.878924903965979221e-01 -8.695722566955401689e-01 -9.257940740395563806e-01 -9.439224813394816449e-01 -9.172789958371890817e-01 -8.488704481736817353e-01 -7.494613643835088546e-01 -6.318494243949956957e-01 -5.061401654786196191e-01 -3.783277965614526561e-01 -2.511022520736442276e-01 -1.251267941486451929e-01
-6.704571998614522466e-02 -1.349257746480038433e-01 -2.043949795670441938e-01 -2.760289691869878825e-01 -3.500809882462773692e-01 -4.262652166538268284e-01 -5.034316877799560608e-01 -5.791100427436818299e-01 -6.489881360278237921e-01 -7.066464283270301738e-01 -7.442102188658813455e-01 -7.544445256603724559e-01 -7.336466010529000270e-01 -6.833766659586772985e-01 -6.095721856176113951e-01 -5.198125964935070842e-01 -4.207956479747782530e-01 -3.172167905410563371e-01 -2.118225780951974169e-01 -1.059338156694698413e-01
-5.659911478463910267e-02 -1.137194560433043705e-01 -1.717959436422466790e-01 -2.310766602790494395e-01 -2.914938666077884766e-01 -3.524939913189560348e-01 -4.128220501075924864e-01 -4.702809125830599846e-01 -5.215467558889759214e-01 -5.622277003450726340e-01 -5.874319163502120800e-01 -5.929568568319093513e-01 -5.767069873097012689e-01 -5.394926074252797132e-01 -4.846275961958053102e-01 -4.166309940255329969e-01 -3.398917619880343910e-01 -2.578934293791780297e-01 -1.730326627460180566e-01 -8.678526329711784559e-02
-4.563129615156728824e-02 -9.155701113744284247e-02 -1.379926987460109167e-01 -1.849878271861377099e-01 -2.323234289589664325e-01 -2.793921243456893855e-01 -3.250683733152363031e-01 -3.675963983014280401e-01 -4.045562497323498818e-01 -4.330045486975671043e-01 -4.498858724362658768e-01 -4.527052131444125882e-01 -4.402396294168982038e-01 -4.129182588732116521e-01 -3.726356228945377214e-01 -3.221208093891843594e-01 -2.642255228608242912e-01 -2.014275990450377363e-01 -1.356285472495314393e-01 -6.817445936806193485e-02
-3.436907154163229561e-02 -6.888460474770337350e-02 -1.036300158546403227e-01 -1.385585378889602481e-01 -1.734198477037428299e-01 -2.076823680681418594e-01 -2.404611728257277092e-01 -2.704735823215462243e-01 -2.960593186344990801e-01 -3.153106680303861542e-01 -3.263418130023728603e-01 -3.276661993140905782e-01 -3.185619931323724341e-01 -2.992594248158772507e-01 -2.708518247300719106e-01 -2.349815641867795402e-01 -1.934590691608178703e-01 -1.479622531197030688e-01 -9.987936928485488530e-02 -5.028400712594907618e-02
-2.296038199266975735e-02 -4.598233915552190493e-02 -6.908422844066508528e-02 -9.219647071062876675e-02 -1.151150764118491487e-01 -1.374563155334214415e-01 -1.586202138540477313e-01 -1.777768088780349309e-01 -1.938949651945503783e-01 -2.058331743263255298e-01 -2.124984311335343934e-01 -2.130484444562175395e-01 -2.070760096886861135e-01 -1.947009809200675179e-01 -1.765282617970009016e-01 -1.534935875166739960e-01 -1.266666740502266075e-01 -9.708291338344998689e-02 -6.564266718845904180e-02 -3.308219438685877645e-02
-1.149013083620366825e-02 -2.300014014670747134e-02 -3.452810699516414145e-02 -4.602806343399002548e-02 -5.738768914680615618e-02 -6.840763888074240240e-02 -7.878657020672906464e-02 -8.811845073379095949e-02 -9.591044324748010386e-02 -1.016283668342696928e-01 -1.047698544168309265e-01 -1.049526108087986964e-01 -1.019921350518858405e-01 -9.593990294261170448e-02 -8.706648927854318543e-02 -7.579780036164074364e-02 -6.263112941146266321e-02 -4.806006125060027778e-02 -3.252620654460346150e-02 -1.640209929015232215e-02
