-1.925276335949701722e-03 -3.854809849206125398e-03 -5.790777744610308732e-03 -7.731157833228441759e-03 -9.667541789490646451e-03 -1.158290760202732549e-02 -1.344944578436365647e-02 -1.522661353467659288e-02 -1.685973441680742660e-02 -1.827957638203644292e-02 -1.940345379295813771e-02 -2.013846989716710015e-02 -2.038741015182144248e-02 -2.005754702887396421e-02 -1.907206251586207255e-02 -1.738304838039329142e-02 -1.498419237290810925e-02 -1.192060044188452718e-02 -8.293077639842503027e-03 -4.254834607291407139e-03
-3.846295811880689423e-03 -7.703184993386442622e-03 -1.157714406119861317e-02 -1.546631273943647675e-02 -1.935610110851312266e-02 -2.321464464118956628e-02 -2.698826419808111887e-02 -3.059727604825526401e-02 -3.393275060796784731e-02 -3.685511745615476648e-02 -3.919576996366665178e-02 -4.076301546224318090e-02 -4.135362435827587280e-02 -4.077071651530274343e-02 -3.884765543687321993e-02 -3.547593927250402429e-02 -3.063312114852362669e-02 -2.440513249448657274e-02 -1.699687662406138000e-02 -8.726261854042769578e-03
-5.756722572655807030e-03 -1.153449051636906697e-02 -1.734830120495817890e-02 -2.320084904661067274e-02 -2.907590678282694421e-02 -3.493130806212619427e-02 -4.069169511156939950e-02 -4.624147896655634443e-02 -5.141887758184181256e-02 -5.601237513482978936e-02 -5.976149313268269703e-02 -6.236419932916226205e-02 -6.349335722667980020e-02 -6.282404161643405371e-02 -6.007190574846442421e-02 -5.503993329413596480e-02 -4.766722122935296985e-02 -3.806993297839811330e-02 -2.656303599975036803e-02 -1.365333732893782119e-02
-7.646105110587059737e-03 -1.532975431213659534e-02 -2.308072217668244788e-02 -3.091287679140064179e-02 -3.881537061872522565e-02 -4.674298967776831237e-02 -5.460573274716915004e-02 -6.225807214334806022e-02 -6.948891054884152874e-02 -7.601401510887556556e-02 -8.147363083033087872e-02 -8.543893498506423267e-02 -8.743156690235100170e-02 -8.696019245292425925e-02 -8.357599560859950427e-02 -7.694466909162873958e-02 -6.692589870659004792e-02 -5.364434413334983470e-02 -3.753199902414031119e-02 -1.932405336319885369e-02
-9.497944541411475899e-03 -1.905770107918184839e-02 -2.873195882493435535e-02 -3.855456804906029489e-02 -4.852971177538707714e-02 -5.861955045460374991e-02 -6.873017857781474338e-02 -7.869617097192373179e-02 -8.826468326707874457e-02 -9.708114676099866003e-02 -1.046800849604598016e-01 -1.104863462414642367e-01 -1.138337898069839427e-01 -1.140091711960532911e-01 -1.103272198737348109e-01 -1.022368514390771532e-01 -8.944736094111936653e-02 -7.204954682725533965e-02 -5.059656494866888315e-02 -2.611087830887148103e-02
-1.128797153273858149e-02 -2.267114973827737828e-02 -3.423484684908525283e-02 -4.604372785386365990e-02 -5.812936237903851278e-02 -7.047532504382522656e-02 -8.299926424741664588e-02 -9.553175608948495656e-02 -1.077925088529106123e-01 -1.193658095024937305e-01 -1.296792212804218358e-01 -1.379925820480887022e-01 -1.434080814848243124e-01 -1.449154897054671653e-01 -1.414868649125976263e-01 -1.322281556383030354e-01 -1.165771437725408866e-01 -9.450991382584096601e-02 -6.669383279571161616e-02 -3.452289428057857268e-02
-1.298279354748047183e-02 -2.610408170989194851e-02 -3.949255517230964435e-02 -5.325613845107709382e-02 -6.746868918333391585e-02 -8.215312747469834254e-02 -9.725980220411263588e-02 -1.126390857171102877e-01 -1.280077932789911166e-01 -1.429103682137563003e-01 -1.566784155872639750e-01 -1.683966841936579695e-01 -1.768904677505382661e-01 -1.807578333777225266e-01 -1.784765637823785833e-01 -1.686116971674605503e-01 -1.501230451428282875e-01 -1.227190209471371168e-01 -8.714586544812340241e-02 -4.528680598460552154e-02
-1.453912170497968434e-02 -2.926983137706612795e-02 -4.437515712254407746e-02 -6.001958750842420476e-02 -7.633613394219680715e-02 -9.340869861746875502e-02 -1.112477363161555322e-01 -1.297569986255596719e-01 -1.486892177878638144e-01 -1.675894629307164707e-01 -1.857273934358212031e-01 -2.020252635334475466e-01 -2.149992167011496591e-01 -2.227486083092872216e-01 -2.230493258498278397e-01 -2.136179796546307519e-01 -1.925827765875865183e-01 -1.590955370319839801e-01 -1.138823434220170711e-01 -5.947752895117170563e-02
-1.590386202925247669e-02 -3.206096600416385306e-02 -4.871865858961988566e-02 -6.611092603727714012e-02 -8.444756707784635552e-02 -1.038978018837942580e-01 -1.245654531632011258e-01 -1.464519621997619203e-01 -1.694026258760502057e-01 -1.930308788129366238e-01 -2.166164118646564940e-01 -2.389776062285141889e-01 -2.583318142647899607e-01 -2.721856285178917423e-01 -2.773479207759999010e-01 -2.702159998882147085e-01 -2.474766896978674580e-01 -2.071780658179126766e-01 -1.497935611383607590e-01 -7.873013305256533478e-02
-1.701536132141928670e-02 -3.435151275650884239e-02 -5.232758940629195915e-02 -7.125789734799664599e-02 -9.144541119463094059e-02 -1.131694958876794666e-01 -1.366643183288645536e-01 -1.620827798516016049e-01 -1.894384505514972450e-01 -2.185149943436233699e-01 -2.487295365184104268e-01 -2.789355309077805045e-01 -3.071585089759762965e-01 -3.302928670857909754e-01 -3.438861000137402035e-01 -3.423152380527232919e-01 -3.197735000849294407e-01 -2.721717945688126861e-01 -1.992358251356562693e-01 -1.055545448185793572e-01
-1.780606944463835467e-02 -3.600213554704106977e-02 -5.498229211419357332e-02 -7.514766702614551763e-02 -9.690669147325543797e-02 -1.206704587063157086e-01 -1.468395508544533268e-01 -1.757763947997217913e-01 -2.077533925734623421e-01 -2.428609151569246782e-01 -2.808496248500978454e-01 -3.208671014970581603e-01 -3.610319938841502485e-01 -3.977997480336133429e-01 -4.252256437933358280e-01 -4.346804080618961730e-01 -4.160917543445575295e-01 -3.613400089835647200e-01 -2.684415857509261927e-01 -1.436221633732266412e-01
-1.820678161687746058e-02 -3.686866802801756771e-02 -5.645178007767679557e-02 -7.744379357583219825e-02 -1.003632351709864007e-01 -1.257661029408667364e-01 -1.542470373569186648e-01 -1.864298559794567156e-01 -2.229377162095484144e-01 -2.643246262072557196e-01 -3.109329335864789989e-01 -3.626040689386897942e-01 -4.180920642207731630e-01 -4.739363893980303444e-01 -5.227106989401608672e-01 -5.515410684351785831e-01 -5.433463048093464254e-01 -4.828178577211227340e-01 -3.646269811361132485e-01 -1.973215113178430902e-01
-1.815238916124868596e-02 -3.681397724281577910e-02 -5.651237158549021755e-02 -7.781249613484457484e-02 -1.013363598751499672e-01 -1.277836867355752470e-01 -1.579526434463554008e-01 -1.927582554329720643e-01 -2.332426132654232542e-01 -2.805630061637903183e-01 -3.359228287753231457e-01 -4.003441253546518031e-01 -4.739924908672769055e-01 -5.544262463170426258e-01 -6.331746231442253459e-01 -6.918908950922555423e-01 -7.029934089353072624e-01 -6.396888145750543320e-01 -4.910748169206326508e-01 -2.689389505826307314e-01
-1.758879931365922231e-02 -3.572248254952344743e-02 -5.497123622984562835e-02 -7.595746604098627119e-02 -9.938602703672456962e-02 -1.260796467716574776e-01 -1.570215975972980571e-01 -1.934078344124415261e-01 -2.367103684585799561e-01 -2.887505692677444502e-01 -3.517627752201799574e-01 -4.283363736646946252e-01 -5.207842629086874009e-01 -6.287442498314379513e-01 -7.435270732859362575e-01 -8.407073257393296029e-01 -8.793762080710640916e-01 -8.174644481761249581e-01 -6.365225283046397342e-01 -3.523712003332958864e-01
-1.648032716300437336e-02 -3.351592092908554921e-02 -5.169262993117635513e-02 -7.166010803813062380e-02 -9.417064183956275203e-02 -1.201272805206848454e-01 -1.506462625418980572e-01 -1.871409423743986555e-01 -2.314380255840875200e-01 -2.859411496628238014e-01 -3.538473553020207163e-01 -4.393126853944724353e-01 -5.469705459185425500e-01 -6.790136958724032334e-01 -8.273205508280301324e-01 -9.622113132641232358e-01 -1.029904403707342597e+00 -9.730732933849802757e-01 -7.656489958571106591e-01 -4.273171897079841020e-01
-1.481659108614131332e-02 -3.016824686256817586e-02 -4.662325725638430396e-02 -6.481969705204825016e-02 -8.550915434541062066e-02 -1.096125750213489264e-01 -1.382952201236355705e-01 -1.730713558054658152e-01 -2.159555946263713444e-01 -2.696871337811884706e-01 -3.380504396253762867e-01 -4.261991611817422809e-01 -5.403068348311457214e-01 -6.843920396369047587e-01 -8.511381281419501121e-01 -1.008282539722537008e+00 -1.094834304401715697e+00 -1.044620384782726896e+00 -8.270352054885737880e-01 -4.637707868621054330e-01
-1.261779237980616142e-02 -2.571722175913266489e-02 -3.981245743123969227e-02 -5.548626972498305748e-02 -7.343370534344370593e-02 -9.451864768742443412e-02 -1.198506731890373184e-01 -1.508932939516380023e-01 -1.896207627666007256e-01 -2.387490455278889201e-01 -3.020619825201333319e-01 -3.847364591158034530e-01 -4.930017665817508221e-01 -6.310447337027366155e-01 -7.920982372951287376e-01 -9.452607584181693667e-01 -1.031817812728136552e+00 -9.879207138812062805e-01 -7.838444294916561139e-01 -4.401343984989511404e-01
-9.937359159357447153e-03 -2.027039309538081202e-02 -3.142308272773223360e-02 -4.387921860837580568e-02 -5.822075055985535819e-02 -7.517763877393189575e-02 -9.569551638199948196e-02 -1.210300302183817400e-01 -1.528802446311030849e-01 -1.935763510216335082e-01 -2.463241407506077396e-01 -3.154002867173185121e-01 -4.057352079537648315e-01 -5.202454663009460356e-01 -6.526519305068514409e-01 -7.772467542474141844e-01 -8.464585527800332354e-01 -8.090884888033228473e-01 -6.412956452497310389e-01 -3.595547466998327280e-01
-6.861254089043210096e-03 -1.400391122884367574e-02 -2.173026388865989880e-02 -3.038677162937713019e-02 -4.039244006503920487e-02 -5.227564303070116741e-02 -6.672371457191238198e-02 -8.465080934607155383e-02 -1.072903077089594204e-01 -1.363158099796716316e-01 -1.739771687618839879e-01 -2.231528736265737389e-01 -2.869209632682241939e-01 -3.666169130331820569e-01 -4.570963850838312137e-01 -5.403915585973905200e-01 -5.846746086903329420e-01 -5.563059211776372193e-01 -4.396823059321856575e-01 -2.457619537510250252e-01
-3.503747410567454364e-03 -7.153737192693911465e-03 -1.110729096213797749e-02 -1.554516461753308043e-02 -2.068659615663100484e-02 -2.680878078685464128e-02 -3.427288546385881540e-02 -4.355904591973213530e-02 -5.531243129457929369e-02 -7.039956707160538452e-02 -8.996177096285884467e-02 -1.154062509006695270e-01 -1.481331232668327280e-01 -1.885222726484282185e-01 -2.336471713069633027e-01 -2.743777578266812789e-01 -2.951135971456884666e-01 -2.796241057327933932e-01 -2.204212865618379591e-01 -1.228822997815263302e-01
