-1.611939512909246058e-02 -3.237232744494699527e-02 -4.885128763737111440e-02 -6.556249326415970746e-02 -8.237436768662258213e-02 -9.896213161917039036e-02 -1.147595867523103497e-01 -1.289419505735805715e-01 -1.404748081739201349e-01 -1.482609781648735747e-01 -1.513792385590182199e-01 -1.493408606614890499e-01 -1.422414834537729933e-01 -1.307217129662002764e-01 -1.157599657185189174e-01 -9.841018596938713725e-02 -7.959557427061368651e-02 -6.000482530273767989e-02 -4.007801501466994737e-02 -2.004701009166664702e-02
-3.210524411013635643e-02 -6.451863460476298107e-02 -9.747032749721361300e-02 -1.310243081770042783e-01 -1.649728363937673914e-01 -1.987144371409327315e-01 -2.311337918052854823e-01 -2.605320047889143065e-01 -2.846932658782682091e-01 -3.011848514848239899e-01 -3.079088486588647533e-01 -3.037367942899285578e-01 -2.888990975747125489e-01 -2.648830863091505283e-01 -2.339070117204485044e-01 -1.982849012436236069e-01 -1.599672195106696393e-01 -1.203456959571827106e-01 -8.026021883858296124e-02 -4.011001976829316890e-02
-4.778295446703857696e-02 -9.612664152787019078e-02 -1.454870835859493894e-01 -1.960915580330946650e-01 -2.477779882723693816e-01 -2.997877335064416671e-01 -3.505242858303083686e-01 -3.973450460629806558e-01 -4.365510040754522758e-01 -4.638262087358064334e-01 -4.752718854420019956e-01 -4.687390502314510154e-01 -4.446924312856999073e-01 -4.059813310619972970e-01 -3.566905322640723242e-01 -3.008522112738882814e-01 -2.416420007111527157e-01 -1.811504060854041698e-01 -1.205071226275071655e-01 -6.013284598306115752e-02
-6.289992770128426114e-02 -1.267179103203269763e-01 -1.922597758154926950e-01 -2.600765622074940886e-01 -3.302579080113485777e-01 -4.021244892145345862e-01 -4.737936899477782626e-01 -5.416669836938785565e-01 -6.001091409738311677e-01 -6.419173061584276807e-01 -6.601388180936231809e-01 -6.508054684524845479e-01 -6.148273634379715080e-01 -5.574835215964883961e-01 -4.859490645100871253e-01 -4.067687461936225768e-01 -3.245928172410612045e-01 -2.421058529953315219e-01 -1.604848902731249027e-01 -7.991423052691355722e-02
-7.709886810732012596e-02 -1.555852948552590431e-01 -2.367573755938919000e-01 -3.216953353803689297e-01 -4.110414030545802011e-01 -5.046026172998443471e-01 -6.006469401704173094e-01 -6.948115084749079129e-01 -7.789777664913422051e-01 -8.414131192418161653e-01 -8.698337960282739312e-01 -8.569334381704426518e-01 -8.044729593474850837e-01 -7.221664831064508183e-01 -6.224367478812378174e-01 -5.155505698367367495e-01 -4.078237922001841098e-01 -3.021897733340142000e-01 -1.994116139383791397e-01 -9.903911191487206611e-02
-8.991025979610223207e-02 -1.817669693624558713e-01 -2.774882641811675654e-01 -3.788985836084626802e-01 -4.875608900770180276e-01 -6.043535911639739133e-01 -7.284561891363532382e-01 -8.553040862468407335e-01 -9.738134993773792658e-01 -1.065421418959347832e+00 -1.108974856201592640e+00 -1.091371880168263919e+00 -1.015885866868906362e+00 -8.998748625609519491e-01 -7.642660632988991232e-01 -6.246053132885850401e-01 -4.888274257176886683e-01 -3.593936688124312884e-01 -2.359293946625935778e-01 -1.168302684216725451e-01
-1.007752135573012492e-01 -2.040838460244990826e-01 -3.125273309627257801e-01 -4.288253669472463225e-01 -5.557886129300946276e-01 -6.959889237003757945e-01 -8.504705775343972540e-01 -1.015386048210323411e+00 -1.176523282931623227e+00 -1.306115727255645842e+00 -1.370070809422362590e+00 -1.346556176277020178e+00 -1.241154440973404327e+00 -1.082662883946913457e+00 -9.041562141577397238e-01 -7.279030944403968029e-01 -5.630425408599244452e-01 -4.105482235627477272e-01 -2.680711603043544056e-01 -1.323514424552503232e-01
-1.091067379763802081e-01 -2.212652793877923352e-01 -3.397048267405483046e-01 -4.680256170535036508e-01 -6.103754226944017036e-01 -7.713264987915758875e-01 -9.544196799207053106e-01 -1.157351997859244586e+00 -1.363162590651284312e+00 -1.533949288893770468e+00 -1.620536601895120166e+00 -1.590693558314760336e+00 -1.452774156243021864e+00 -1.249135011099286485e+00 -1.026800342022633927e+00 -8.151183951046245824e-01 -6.237793264141430205e-01 -4.514856400991472118e-01 -2.934283542194659478e-01 -1.445015308911407337e-01
-1.143864151338196133e-01 -2.321645737827268130e-01 -3.569877241422785841e-01 -4.930805537529262539e-01 -6.455948342300101839e-01 -8.206968688376755638e-01 -1.024052868181207554e+00 -1.254906775123837193e+00 -1.494500652802993379e+00 -1.697073111325614780e+00 -1.801339466944378298e+00 -1.766613541367869189e+00 -1.603511817591757982e+00 -1.365383556121868569e+00 -1.110351325852684701e+00 -8.730941515460964863e-01 -6.633610779665423118e-01 -4.778074604930360181e-01 -3.096034239317460579e-01 -1.522209905825587517e-01
-1.162742674599625131e-01 -2.360172360327565666e-01 -3.629817201576431285e-01 -5.015467824585017054e-01 -6.571247955249369666e-01 -8.363127325743134888e-01 -1.045370543000570862e+00 -1.283997209562830477e+00 -1.532972574040113001e+00 -1.744371668648757145e+00 -1.853532412983020627e+00 -1.817398860817193817e+00 -1.647222585164019426e+00 -1.399430357842498251e+00 -1.135229934477170133e+00 -8.907523668430480379e-01 -6.757296965594521421e-01 -4.862344016447719408e-01 -3.148826016818070395e-01 -1.547713330227175887e-01
-1.146933268423756258e-01 -2.326465791612062628e-01 -3.573541817451506564e-01 -4.928177245095878289e-01 -6.438438981641968484e-01 -8.160627254372971873e-01 -1.014426615266736720e+00 -1.237635011096207771e+00 -1.467433755478598556e+00 -1.660489671589563176e+00 -1.759313602681241040e+00 -1.725881880681348957e+00 -1.570097689128048035e+00 -1.341852856853202436e+00 -1.095804590120763589e+00 -8.650098983472780390e-01 -6.592639993209626903e-01 -4.759234303804042998e-01 -3.088402586765607305e-01 -1.519733768117730310e-01
-1.098523865627340224e-01 -2.225200858662785830e-01 -3.409533883305980728e-01 -4.683753723868512298e-01 -6.083779809138064598e-01 -7.647130004431715866e-01 -9.398865327487585519e-01 -1.130885232976817534e+00 -1.321640443848966173e+00 -1.477959025625080081e+00 -1.556305521648641665e+00 -1.528365682443190599e+00 -1.401447281575875614e+00 -1.212808462462721337e+00 -1.004287062224471505e+00 -8.026948326698457592e-01 -6.176603626612964248e-01 -4.488638729950233386e-01 -2.925147119364840398e-01 -1.442749904907212333e-01
-1.021960898042213878e-01 -2.066270793509874526e-01 -3.155530643706864202e-01 -4.312580301753650702e-01 -5.559580513103348220e-01 -6.914211984561142721e-01 -8.377753375723862028e-01 -9.906805611299036585e-01 -1.136997048596525284e+00 -1.252580725192471656e+00 -1.308594072423862054e+00 -1.286789376464549495e+00 -1.191796929035570329e+00 -1.047728049107181647e+00 -8.827647957831873393e-01 -7.166035475867259530e-01 -5.581070808344807954e-01 -4.090493200448300781e-01 -2.680378100317286627e-01 -1.326075394769033744e-01
-9.230489876334933841e-02 -1.862386505539544435e-01 -2.833686500201227365e-01 -3.851008270850105886e-01 -4.924798809737733207e-01 -6.057647489733848367e-01 -7.235356771271941323e-01 -8.410633599319029541e-01 -9.482871266122882004e-01 -1.029402882721448753e+00 -1.067004955914712117e+00 -1.050480538408933739e+00 -9.824474516340578889e-01 -8.769896948118194313e-01 -7.514833793116865168e-01 -6.194198982753130744e-01 -4.883023569190395596e-01 -3.610424311427575805e-01 -2.379597849328161929e-01 -1.181152848822586005e-01
-8.078487360746063051e-02 -1.626538461571271632e-01 -2.465802316189018573e-01 -3.332806535458591179e-01 -4.229896881452271384e-01 -5.150918511616630058e-01 -6.075317231344805613e-01 -6.959904567042177748e-01 -7.731592091690463464e-01 -8.290884464323503567e-01 -8.537354692829979275e-01 -8.412324828447851344e-01 -7.929658911644102970e-01 -7.167424205288600580e-01 -6.228151353873779827e-01 -5.200565815382690582e-01 -4.143475329766980741e-01 -3.088057058809716704e-01 -2.046364698066302223e-01 -1.018930746251722613e-01
-6.818076920214527492e-02 -1.370116188300318782e-01 -2.070172960427514031e-01 -2.784474900086417737e-01 -3.510774296843700015e-01 -4.239365584411015631e-01 -4.949612012702531150e-01 -5.606360046510069362e-01 -6.158530123506484877e-01 -6.544216328533483118e-01 -6.705743935157141289e-01 -6.610772371246682599e-01 -6.266507331599590058e-01 -5.715911310617076690e-01 -5.019020401020722888e-01 -4.233071500574354662e-01 -3.401457236097798487e-01 -2.551820574208713555e-01 -1.698853823471819513e-01 -8.482032773275724469e-02
-5.492661432364360358e-02 -1.101945642728825586e-01 -1.660297677578494446e-01 -2.224136710017800278e-01 -2.789300157988037765e-01 -3.345858634102539253e-01 -3.876272572414365958e-01 -4.354143324076221733e-01 -4.744882783730801079e-01 -5.010052394319518543e-01 -5.116067847528040780e-01 -5.044715825522021468e-01 -4.799778472016702491e-01 -4.405299514187001608e-01 -3.896721832790817075e-01 -3.310546615339562959e-01 -2.677296915988991999e-01 -2.018884771657062094e-01 -1.349022863896177926e-01 -6.750281047035600057e-02
-4.133113616670225365e-02 -8.281027571437216128e-02 -1.244935257212741869e-01 -1.662472739692403556e-01 -2.076421726622285358e-01 -2.478449651194918057e-01 -2.855299140840160121e-01 -3.188548485344032124e-01 -3.455697217652460296e-01 -3.633215427071385673e-01 -3.701475966049087574e-01 -3.650081530254107309e-01 -3.481038010376006908e-01 -3.207940756188364384e-01 -2.851672113322841762e-01 -2.434987125242921435e-01 -1.978273486972027817e-01 -1.497394172467300943e-01 -1.003324206990875017e-01 -5.028861400050650687e-02
-2.758766288520901264e-02 -5.522190323783976451e-02 -8.288678813058102113e-02 -1.104397165509801854e-01 -1.375463427445811626e-01 -1.636213772167701697e-01 -1.877905125160367894e-01 -2.088993970352877871e-01 -2.256010543465862550e-01 -2.365419132669021873e-01 -2.406267875437240189e-01 -2.372839490787261862e-01 -2.266166991481956827e-01 -2.093653060881925931e-01 -1.866997492899898636e-01 -1.599443521486862141e-01 -1.303412918822648425e-01 -9.890938315654441981e-02 -6.639936546362738834e-02 -3.331922160933879773e-02
-1.379763718017875535e-02 -2.760288736284053496e-02 -4.139203528662161596e-02 -5.507846146523642794e-02 -6.848211551620957127e-02 -8.130367161307010260e-02 -9.311120805833561498e-02 -1.033506633519700874e-01 -1.113920295894596235e-01 -1.166163355489715364e-01 -1.185312856225523848e-01 -1.168818723046760183e-01 -1.117121179662104585e-01 -1.033498120373607110e-01 -9.232177917366587994e-02 -7.923755029121032356e-02 -6.468407448443776186e-02 -4.915747175803198560e-02 -3.303643637631514807e-02 -1.658891389774306419e-02
