-1.260527150559841159e-02 -2.475377694701795181e-02 -3.600244971342882877e-02 -4.594014609416271350e-02 -5.421255087836631542e-02 -6.055147489041438208e-02 -6.480201610032143567e-02 -6.693864849176604792e-02 -6.706335815584732463e-02 -6.538455796529885067e-02 -6.218197000197166896e-02 -5.776663498559903714e-02 -5.244468552892454088e-02 -4.649059071228112128e-02 -4.013145284948974739e-02 -3.354124435480974886e-02 -2.684232782631546313e-02 -2.011162971780188977e-02 -1.338911654407333625e-02 -6.687167440136880005e-03
-2.566730467428673598e-02 -5.040739037333952927e-02 -7.331587101146695706e-02 -9.354558654369926618e-02 -1.103585697929116288e-01 -1.231913222303396421e-01 -1.317179300622829397e-01 -1.358892143841318734e-01 -1.359302401336210109e-01 -1.322929037391131490e-01 -1.255767003840767837e-01 -1.164398840822747916e-01 -1.055215148042333295e-01 -9.338622013230346575e-02 -8.049398353263287342e-02 -6.719118955720974895e-02 -5.371644490341290906e-02 -4.021508049472311691e-02 -2.675767726685000444e-02 -1.335956937782681667e-02
-3.965655872704181018e-02 -7.789262109345432283e-02 -1.133080718916468915e-01 -1.445677735911547745e-01 -1.704848315239812784e-01 -1.901373116859968182e-01 -2.029891759800341589e-01 -2.089700590401629143e-01 -2.084755093000740800e-01 -2.022801522348364744e-01 -1.913920645286600053e-01 -1.768946962873896855e-01 -1.598152877922295600e-01 -1.410387959914385647e-01 -1.212670783269456654e-01 -1.010131005546735516e-01 -8.061718320918194458e-02 -6.027459574994387809e-02 -4.006696560492815223e-02 -1.999344874126853314e-02
-5.506630896965607203e-02 -1.081984737904117949e-01 -1.574560311867290452e-01 -2.009326099623898743e-01 -2.368756472465891327e-01 -2.638838737021614311e-01 -2.811313620405012648e-01 -2.885263157070232509e-01 -2.867216146020512002e-01 -2.769601564079572920e-01 -2.608167541098577735e-01 -2.399315797104223658e-01 -2.158061861803497739e-01 -1.896866381841980365e-01 -1.625224750523724115e-01 -1.349769608172355917e-01 -1.074646102289976562e-01 -8.019917357874639663e-02 -5.324214983692988207e-02 -2.654728217012542954e-02
-7.241019164747654335e-02 -1.423789091991782829e-01 -2.073848389605516263e-01 -2.648306606635279503e-01 -3.122006007652057824e-01 -3.473902313047455559e-01 -3.691250827127184886e-01 -3.772814527769010606e-01 -3.729240418254006761e-01 -3.580219333953235106e-01 -3.349831919284193549e-01 -3.062086973645518073e-01 -2.737913035535369799e-01 -2.393791530606547979e-01 -2.041592828259781167e-01 -1.689076990509754128e-01 -1.340651359903549111e-01 -9.981535457039639181e-02 -6.615520559989450378e-02 -3.295354424993834908e-02
-9.219539921124925153e-02 -1.815215128746696938e-01 -2.648718069075836068e-01 -3.387998522817946001e-01 -3.996971558773333433e-01 -4.443392424845116206e-01 -4.706845304489166715e-01 -4.785402014446901164e-01 -4.696650479398343792e-01 -4.472175489998259645e-01 -4.148844514032568043e-01 -3.761284849740625935e-01 -3.337712027567630302e-01 -2.898794445538063758e-01 -2.458278762697695963e-01 -2.024294513839829113e-01 -1.600728942304710800e-01 -1.188419118357826876e-01 -7.860979032584308746e-02 -3.911170918289053750e-02
-1.148485321908681023e-01 -2.266342501664875830e-01 -3.317628740299782830e-01 -4.257558950178636503e-01 -5.033684265749387432e-01 -5.594732085259945809e-01 -5.906157807231083856e-01 -5.964357490847719268e-01 -5.799215228256422439e-01 -5.462726833273459093e-01 -5.011995329372258556e-01 -4.496472345948838156e-01 -3.952851589295906520e-01 -3.405395548668936345e-01 -2.868433882664844226e-01 -2.349093728911932355e-01 -1.849550977917482075e-01 -1.368696259598647380e-01 -9.033035965901914377e-02 -4.488352468682967056e-02
-1.405550264283277895e-01 -2.783643262287849307e-01 -4.096627520216554186e-01 -5.287858594144665414e-01 -6.279855063313328767e-01 -6.987886207330679111e-01 -7.350473309291332136e-01 -7.360089922821836383e-01 -7.069153308835507410e-01 -6.565698811555695791e-01 -5.939304216230596456e-01 -5.259590643722255043e-01 -4.571793864374835148e-01 -3.901497792762022021e-01 -3.260967632600724198e-01 -2.654095778209706880e-01 -2.079685215477863891e-01 -1.533511482510736823e-01 -1.009585505430541652e-01 -5.009205118586369798e-02
-1.689572680948448757e-01 -3.363950092143090931e-01 -4.990672457509752746e-01 -6.501175579648449387e-01 -7.780266901639472099e-01 -8.685185635451854180e-01 -9.104262426989400137e-01 -9.021648511291383565e-01 -8.530592195294550706e-01 -7.781968971588967277e-01 -6.916579272868128569e-01 -6.029908768189036206e-01 -5.173059486820132946e-01 -4.367808252965362237e-01 -3.619840872774512941e-01 -2.926636548601945220e-01 -2.281582973943655224e-01 -1.676079287379658722e-01 -1.100606840152279498e-01 -5.452617840733126053e-02
-1.986786493806947385e-01 -3.983480197777749532e-01 -5.974042507701483595e-01 -7.880877883944403806e-01 -9.535666697271389936e-01 -1.070273312011849498e+00 -1.118533525635168502e+00 -1.095240432895499882e+00 -1.016532456681936036e+00 -9.076342649795301476e-01 -7.901689370857604144e-01 -6.766861328727169500e-01 -5.722019629001262597e-01 -4.776728263471274327e-01 -3.923939587562831344e-01 -3.151025889061669916e-01 -2.443931169956864713e-01 -1.788616061861918738e-01 -1.171501483686431533e-01 -5.795200754812684929e-02
-2.268001910973683477e-01 -4.583513026410580560e-01 -6.959394089361455871e-01 -9.314978192115743738e-01 -1.141652823037997200e+00 -1.290142434322075760e+00 -1.345183228968288347e+00 -1.301407421266571607e+00 -1.184580901126158103e+00 -1.033887008300923505e+00 -8.806104198062920663e-01 -7.403053329086300982e-01 -6.169276983332984132e-01 -5.092820292857458409e-01 -4.148126802996505713e-01 -3.309593299165475289e-01 -2.554499979332077175e-01 -1.862952557437625167e-01 -1.217263414153081924e-01 -6.013174040972779633e-02
-2.487673806779250318e-01 -5.064124790882990057e-01 -7.776694749889221381e-01 -1.054771487047429623e+00 -1.307936809157634439e+00 -1.487491556206682164e+00 -1.548508571211592466e+00 -1.483108577549512308e+00 -1.327477734036390800e+00 -1.135645375575129234e+00 -9.486635094931196166e-01 -7.845144839652052893e-01 -6.454254110060008154e-01 -5.276398152270141972e-01 -4.266068754809884123e-01 -3.384713314180470833e-01 -2.601522802813017732e-01 -1.891430886341609607e-01 -1.233282681313547235e-01 -6.084863465311879382e-02
-2.594055889539388926e-01 -5.305478945487100972e-01 -8.206576496573142476e-01 -1.122442092603936681e+00 -1.402047006187860045e+00 -1.600827452928685890e+00 -1.664919645523208480e+00 -1.584718334183323973e+00 -1.403493532785220488e+00 -1.185260415295329439e+00 -9.774361722605110492e-01 -7.993275499950915908e-01 -6.517531302608610133e-01 -5.291137448524692033e-01 -4.254886781042194199e-01 -3.361655715224868279e-01 -2.575446517077133457e-01 -1.867965538769120193e-01 -1.215950495924409402e-01 -5.993454490138609009e-02
-2.550616214740930032e-01 -5.220602471322707272e-01 -8.084155148062587282e-01 -1.106981161453457041e+00 -1.383962367659869130e+00 -1.580673007212139325e+00 -1.643172440939380197e+00 -1.561843952215746123e+00 -1.380035790029009002e+00 -1.161850581683298023e+00 -9.547165293104944439e-01 -7.778653322453427110e-01 -6.319985504283521793e-01 -5.113996100163267222e-01 -4.100486650604555638e-01 -3.231559225077719200e-01 -2.470641399047580899e-01 -1.789034352146998130e-01 -1.163208649296152836e-01 -5.729451981718224757e-02
-2.355233146335160843e-01 -4.805103631733625424e-01 -7.402479510188562095e-01 -1.007408141710298022e+00 -1.252422515008292159e+00 -1.425569606174206916e+00 -1.481767572674677957e+00 -1.413116240024657744e+00 -1.255973693817879155e+00 -1.064544426376367481e+00 -8.798576260492554368e-01 -7.196566082555729826e-01 -5.858246511095319686e-01 -4.742630954379722930e-01 -3.801304923198330910e-01 -2.993436131290669322e-01 -2.286524671135239384e-01 -1.654321947078202792e-01 -1.074904984923093915e-01 -5.292268528831373803e-02
-2.040430313565512188e-01 -4.137824412322010370e-01 -6.313984062135303832e-01 -8.495646394224692921e-01 -1.045358985557250708e+00 -1.182632187502389298e+00 -1.229529742842043083e+00 -1.180680476000653734e+00 -1.061979794357930107e+00 -9.126817858846563158e-01 -7.638841421957265343e-01 -6.306949167309098270e-01 -5.165043034033743874e-01 -4.195649826724208720e-01 -3.368514324839494423e-01 -2.654342747286727588e-01 -2.027698830876126512e-01 -1.466823945936858165e-01 -9.528628991591472919e-02 -4.690575187963371556e-02
-1.654370710043611692e-01 -3.331640045933616512e-01 -5.028165604562838675e-01 -6.677137189672659456e-01 -8.118102565097730094e-01 -9.119637220081893147e-01 -9.486460678837025373e-01 -9.187818629929983549e-01 -8.384761782707664812e-01 -7.327425164115578538e-01 -6.227117131186121757e-01 -5.202062354464805916e-01 -4.294274219597747355e-01 -3.505645823150236318e-01 -2.822672377159453072e-01 -2.227714262169537829e-01 -1.703103492288946252e-01 -1.232412299600137012e-01 -8.006654772080537552e-02 -3.941405250077981842e-02
-1.239163555339311412e-01 -2.479906790622751489e-01 -3.706037932855822947e-01 -4.863865235950025068e-01 -5.850401097448627574e-01 -6.531304910627557803e-01 -6.799248675910749551e-01 -6.639048652760443092e-01 -6.141219584614694416e-01 -5.450441327187393048e-01 -4.698210506114446905e-01 -3.968855040563033509e-01 -3.302137113309385752e-01 -2.709652731511162926e-01 -2.188777160203000394e-01 -1.730735180425033715e-01 -1.324588602462339060e-01 -9.590564161008539867e-02 -6.232464913127643696e-02 -3.068393957043663925e-02
-8.203058493395125328e-02 -1.634071850141897431e-01 -2.424420426137070261e-01 -3.154684038982636940e-01 -3.765162346642880742e-01 -4.184803127655375987e-01 -4.359942851574358236e-01 -4.284007257606945451e-01 -4.003535116384144832e-01 -3.594953756005657697e-01 -3.132532378149867069e-01 -2.669346856483355013e-01 -2.235034690956903269e-01 -1.841940196891921622e-01 -1.492035878837031926e-01 -1.181859693177782777e-01 -9.054591846318528481e-02 -6.559783768141660976e-02 -4.264249100572460593e-02 -2.099706968597069012e-02
-4.074675743608430906e-02 -8.094653839133045259e-02 -1.195905243444236599e-01 -1.548405499159783427e-01 -1.839817678948387214e-01 -2.039810002130398869e-01 -2.126431733842631400e-01 -2.097350978823333267e-01 -1.972080251793158212e-01 -1.783268306594390784e-01 -1.564127650289260651e-01 -1.340045198888419331e-01 -1.126531178116652182e-01 -9.310100336531219878e-02 -7.555636801266074620e-02 -5.992083802947396204e-02 -4.594101805821394074e-02 -3.329731748300883420e-02 -2.165041655746687346e-02 -1.066187031649621850e-02
