-4.110163580632504587e-02 -8.154141844518181248e-02 -1.201922423893755643e-01 -1.551109592754768285e-01 -1.835418275619551121e-01 -2.025387607619428820e-01 -2.101322037635562079e-01 -2.063611909077657514e-01 -1.933570564884329324e-01 -1.744039440687528697e-01 -1.527236032210154970e-01 -1.307226950209761651e-01 -1.098455776914952636e-01 -9.076855646404290157e-02 -7.366686253680058971e-02 -5.843040129573389557e-02 -4.480593106273159099e-02 -3.247993506692918586e-02 -2.112172064574258101e-02 -1.040239069911585816e-02
-8.285393244454994366e-02 -1.648261087450161033e-01 -2.439754667644684349e-01 -3.163791953035622884e-01 -3.759306834858694435e-01 -4.156910942855425728e-01 -4.308229454476325548e-01 -4.213322110313800217e-01 -3.922976658456091559e-01 -3.513726993612957261e-01 -3.057130450117936382e-01 -2.603076184815832361e-01 -2.178883394108126759e-01 -1.795613983809302705e-01 -1.454684541804154851e-01 -1.152488066710959658e-01 -8.831338674386403353e-02 -6.399206141019077310e-02 -4.160454271379184638e-02 -2.048782465157505603e-02
-1.254286222132745543e-01 -2.506916959007758905e-01 -3.737567978253100720e-01 -4.887489236822917804e-01 -5.850021589734858418e-01 -6.492883943326597240e-01 -6.718679676772136844e-01 -6.525459571539550252e-01 -6.011933636419042326e-01 -5.322160228935632897e-01 -4.581584683001735381e-01 -3.868323640192523061e-01 -3.218244245070783216e-01 -2.641181320090205675e-01 -2.133965259953477522e-01 -1.687829639123818171e-01 -1.292067290156105053e-01 -9.357035232489745169e-02 -6.081652983558870351e-02 -2.994434293204870090e-02
-1.679305293342409078e-01 -3.377839064023784310e-01 -5.086099606497512804e-01 -6.728284714906257458e-01 -8.135608047379997432e-01 -9.077960163873373123e-01 -9.376781948188843696e-01 -9.025371255706938767e-01 -8.199438722145858671e-01 -7.146864037235397538e-01 -6.067090749595054344e-01 -5.067417982695030521e-01 -4.184013073362924384e-01 -3.416817172194387409e-01 -2.752156073922171764e-01 -2.172796947489944730e-01 -1.661601983775899682e-01 -1.202660466780711840e-01 -7.814685349986867646e-02 -3.847299416161020780e-02
-2.077842880174091689e-01 -4.209472609074277338e-01 -6.409369901863093411e-01 -8.590018711229282511e-01 -1.050635429757049488e+00 -1.179538569794139180e+00 -1.216358758604711543e+00 -1.159645759805296050e+00 -1.037711553663221542e+00 -8.893674037726240211e-01 -7.437090976740343695e-01 -6.141202253623668783e-01 -5.031821892740662161e-01 -4.089660925984325845e-01 -3.285016001158980181e-01 -2.589597414324988356e-01 -1.978882889689489721e-01 -1.431867461273841347e-01 -9.303183289274810641e-02 -4.580076131182578281e-02
-2.405860586356494413e-01 -4.904638374122460842e-01 -7.541170121458103948e-01 -1.022253450809710973e+00 -1.262816078993643565e+00 -1.425432036371039102e+00 -1.468253131231150865e+00 -1.388921370351748008e+00 -1.227334302500735275e+00 -1.037117217485680865e+00 -8.564715851713937678e-01 -7.007617727057925405e-01 -5.708372466828537384e-01 -4.624395218833142751e-01 -3.708583266827630842e-01 -2.921687775813807120e-01 -2.232464106954151484e-01 -1.615607953588214241e-01 -1.049929641245768291e-01 -5.169821797909073674e-02
-2.611697812696585630e-01 -5.342777980009767447e-01 -8.259622191066240404e-01 -1.126767353095698976e+00 -1.399701043559379521e+00 -1.584874311197678631e+00 -1.631879172534911993e+00 -1.537713930560473896e+00 -1.350178484578180571e+00 -1.132894022024780956e+00 -9.300134605226957341e-01 -7.579699209604005006e-01 -6.162592030155236156e-01 -4.989927119954279400e-01 -4.003118176057826605e-01 -3.156096049254312752e-01 -2.413676900381231671e-01 -1.748170368628254867e-01 -1.136810166935990213e-01 -5.599914916408997578e-02
-2.659358064984234105e-01 -5.437032409391814314e-01 -8.398320197006955423e-01 -1.144728092630672656e+00 -1.421190470318287380e+00 -1.609061086847966893e+00 -1.657716418932326574e+00 -1.564131659338509950e+00 -1.376286898293215710e+00 -1.158054460534231778e+00 -9.537807172979191339e-01 -7.800089017230098509e-01 -6.363006150568956132e-01 -5.168228251069942880e-01 -4.157712873944227616e-01 -3.285887753439170611e-01 -2.517975880813655420e-01 -1.826586116531223880e-01 -1.189149256471916938e-01 -5.861736080596320619e-02
-2.549714927807593678e-01 -5.188768540012460573e-01 -7.958376195529414110e-01 -1.076130690899730347e+00 -1.327108561710809154e+00 -1.497683807656855048e+00 -1.545451926182519031e+00 -1.467994830012179674e+00 -1.305671161342000675e+00 -1.112765052150694434e+00 -9.280145718165101476e-01 -7.671240324647957687e-01 -6.311705700531421437e-01 -5.160885495982427962e-01 -4.173463150452356163e-01 -3.311752524206575954e-01 -2.545751387564182400e-01 -1.851048593869667191e-01 -1.207026895108960635e-01 -5.955537752261943346e-02
-2.321032540116210185e-01 -4.688895568410077486e-01 -7.111085811799099377e-01 -9.492469845901178038e-01 -1.157896555243851600e+00 -1.299785043723265199e+00 -1.344846500284005097e+00 -1.291553874985384764e+00 -1.168803265985714379e+00 -1.016284667913366802e+00 -8.638901552558614361e-01 -7.255994241798735533e-01 -6.044522559126850325e-01 -4.989092305628872737e-01 -4.063384202229983200e-01 -3.241897203498007585e-01 -2.502227285589467831e-01 -1.824829343929907366e-01 -1.192355833836489104e-01 -5.890144532706386576e-02
-2.028367771774678696e-01 -4.064787607138038439e-01 -6.088608070460006516e-01 -8.012634419477061565e-01 -9.656276574803449586e-01 -1.077828978075950683e+00 -1.119263697713809513e+00 -1.089187157181724652e+00 -1.005782702588136068e+00 -8.948278562337016462e-01 -7.772893161063182399e-01 -6.647930002479963685e-01 -5.617157908313311632e-01 -4.686969043199457619e-01 -3.849016073565368901e-01 -3.090218323377256771e-01 -2.396430255860522163e-01 -1.753685093753944990e-01 -1.148552344687296528e-01 -5.681481615542092328e-02
-1.720142369815431671e-01 -3.422675836689723639e-01 -5.071370225590970948e-01 -6.591724990449973065e-01 -7.862026992218221766e-01 -8.737209154756900853e-01 -9.112022953639764555e-01 -8.983929344720714694e-01 -8.458325629500184073e-01 -7.690752632008130973e-01 -6.819809879416574017e-01 -5.936313441887275388e-01 -5.087397388371721618e-01 -4.292343294459815550e-01 -3.555462687074688599e-01 -2.873526624976805444e-01 -2.239589541464845346e-01 -1.644927921500613233e-01 -1.080020115018832105e-01 -5.350257367756943577e-02
-1.427034076317686695e-01 -2.824247585890226619e-01 -4.151094376083291349e-01 -5.347378275396722502e-01 -6.332418776440161823e-01 -7.020888979091416404e-01 -7.355153226107747910e-01 -7.334933896681800070e-01 -7.019557504575291151e-01 -6.500493070129420570e-01 -5.867116528388286456e-01 -5.187009314044149777e-01 -4.503172751566811294e-01 -3.839455225947542294e-01 -3.206954387172299414e-01 -2.608834541498987747e-01 -2.043472795861326075e-01 -1.506416544979854166e-01 -9.915743866565854270e-02 -4.919346591589206924e-02
-1.163119573927546418e-01 -2.293631452897687273e-01 -3.353488188957661764e-01 -4.295787933778104084e-01 -5.066558110400642967e-01 -5.614599346143183123e-01 -5.907697584685490666e-01 -5.946239040623120253e-01 -5.764041892568215752e-01 -5.415463214895360755e-01 -4.958093307244719750e-01 -4.440652244562324769e-01 -3.898677055477907660e-01 -3.355327601824081851e-01 -2.824062151212068383e-01 -2.311383455274244048e-01 -1.819050197552941617e-01 -1.345690680782831439e-01 -8.879262181176178492e-02 -4.411385488801477378e-02
-9.316933113822584156e-02 -1.833183542168813351e-01 -2.671933633892107363e-01 -3.412201775203715925e-01 -4.017166710534914031e-01 -4.454828440256401456e-01 -4.706203770749844417e-01 -4.771635636728940311e-01 -4.671010424341747735e-01 -4.437492094579011948e-01 -4.108556902684463719e-01 -3.718679385937367354e-01 -3.295526077139954158e-01 -2.859111101386627718e-01 -2.422582074326571633e-01 -1.993586420305312468e-01 -1.575653271650375997e-01 -1.169369469788366228e-01 -7.733012119180640576e-02 -3.846933224488742475e-02
-7.304529111554726450e-02 -1.435405509126264079e-01 -2.088643329272222016e-01 -2.663408926067956095e-01 -3.134173131038507920e-01 -3.480125541519611954e-01 -3.689410359759248692e-01 -3.762127997228727483e-01 -3.710308269543417525e-01 -3.554686869918782799e-01 -3.319877870056963665e-01 -3.029960101795065031e-01 -2.705632069099583870e-01 -2.363007540870383782e-01 -2.013568206808833971e-01 -1.664726167362468867e-01 -1.320606542856578303e-01 -9.828323499904580152e-02 -6.512157421919075040e-02 -3.243336024171514231e-02
-5.547109234022899044e-02 -1.089334424390310807e-01 -1.583801145103717611e-01 -2.018561243258900628e-01 -2.375891532679109963e-01 -2.641956091877628587e-01 -2.809047299028460953e-01 -2.877051807317768661e-01 -2.853345324191436938e-01 -2.751041299674918950e-01 -2.586297508146408464e-01 -2.375648281860512911e-01 -2.134033623979929295e-01 -1.873718381450233395e-01 -1.603956615163616151e-01 -1.331142886061703334e-01 -1.059213828543125735e-01 -7.901372431316121270e-02 -5.243957745773946549e-02 -2.614252916133956786e-02
-3.990560104493331289e-02 -7.834193283303272914e-02 -1.138663240688533029e-01 -1.451138376524327700e-01 -1.708866951869960071e-01 -1.902748508579012454e-01 -2.027759091043891682e-01 -2.083677390841243149e-01 -2.074974306454926143e-01 -2.009832533296949386e-01 -1.898621425162703436e-01 -1.752301229905181557e-01 -1.581135558550216536e-01 -1.393875532345922041e-01 -1.197396658347529702e-01 -9.966744541927531620e-02 -7.949682437081603825e-02 -5.941067706629488826e-02 -3.948047166954929410e-02 -1.969718793301561757e-02
-2.580936119503859580e-02 -5.066232724623714878e-02 -7.362936814420595333e-02 -9.384616266695354481e-02 -1.105688607568909160e-01 -1.232411128822182012e-01 -1.315562212866850655e-01 -1.354923517793814036e-01 -1.353041202642659702e-01 -1.314692508626323364e-01 -1.246053807627902216e-01 -1.153799298391727096e-01 -1.044331594736330887e-01 -9.232512723173284808e-02 -7.950797267806931912e-02 -6.631896550233563892e-02 -5.298775581827833148e-02 -3.965166917972415966e-02 -2.637444862812109506e-02 -1.316576185269005030e-02
-1.266949703008451306e-02 -2.486861961109133531e-02 -3.614264277933522396e-02 -4.607257096405695945e-02 -5.430148830942007482e-02 -6.056452363642795406e-02 -6.471551447377107968e-02 -6.674132029530981114e-02 -6.675741578521883490e-02 -6.498421300255534383e-02 -6.171015972179496462e-02 -5.725102919954132286e-02 -5.191400357454775683e-02 -4.597181518233298125e-02 -3.964811607436753704e-02 -3.311266127798822428e-02 -2.648355330453018922e-02 -1.983378078446430826e-02 -1.319991066348246908e-02 -6.591416942617291629e-03
