-1.161039639442624279e-03 -2.327131322956416462e-03 -3.502140721349431517e-03 -4.687506223091953035e-03 -5.880917214413940858e-03 -7.074888172129483940e-03 -8.255250859810632849e-03 -9.399639278117093155e-03 -1.047612309839443707e-02 -1.144224390779149253e-02 -1.224482640778454430e-02 -1.282105496175987326e-02 -1.310135841091741166e-02 -1.301461499956174835e-02 -1.249593142329669289e-02 -1.149673976732596727e-02 -9.996152836597018559e-03 -8.011543516920649824e-03 -5.605526229906669655e-03 -2.886382728999592733e-03
-2.317024699260322382e-03 -4.645344555192159643e-03 -6.993925345290498245e-03 -9.366967542231775454e-03 -1.176127448859099443e-02 -1.416338443145339493e-02 -1.654647469753170452e-02 -1.886718099793892323e-02 -2.106260713468771986e-02 -2.304802252454234493e-02 -2.471600439698582591e-02 -2.593803237716203053e-02 -2.656976178628783075e-02 -2.646116952094123079e-02 -2.547236963548664412e-02 -2.349487451613741645e-02 -2.047632758351167551e-02 -1.644449521834222619e-02 -1.152417923945914593e-02 -5.940005547717341038e-03
-3.461714275787231444e-03 -6.943296175700982252e-03 -1.046124871499704533e-02 -1.402516248687760841e-02 -1.763382847081079036e-02 -2.127089851466008180e-02 -2.490007991717147970e-02 -2.845999996435820412e-02 -3.185909748999204982e-02 -3.497123129781724848e-02 -3.763313161220600139e-02 -3.964530485958424333e-02 -4.077848478728038351e-02 -4.078792903587305507e-02 -3.943750251258683337e-02 -3.653405883005225729e-02 -3.196978659681885132e-02 -2.576592993520042396e-02 -1.810668951909621613e-02 -9.349460800900058488e-03
-4.586535145018707203e-03 -9.204875725199490252e-03 -1.388260812216550281e-02 -1.863860364684380433e-02 -2.347797742101486243e-02 -2.838629859894344076e-02 -3.332294283442236577e-02 -3.821363862744082268e-02 -4.294254772033966050e-02 -4.734467032312934809e-02 -5.119998188751197221e-02 -5.423156729368903972e-02 -5.611094006729627076e-02 -5.647455752850623345e-02 -5.495564977546866375e-02 -5.123406910568038819e-02 -4.510282744066426014e-02 -3.654274705400571699e-02 -2.578718801316528392e-02 -1.335114838638937033e-02
-5.679549255869303058e-03 -1.140705987500302207e-02 -1.722570218584318705e-02 -2.316866539666014718e-02 -2.925317505491585937e-02 -3.547337030046052164e-02 -4.179174981693071361e-02 -4.812905902831857152e-02 -5.435278236895761672e-02 -6.026491656499071564e-02 -6.559055511036203379e-02 -6.997003790860410744e-02 -7.295914744564087340e-02 -7.404370771141959018e-02 -7.267646661242602169e-02 -6.834373598257544036e-02 -6.066470193235880964e-02 -4.951503910447726392e-02 -3.514816504742052788e-02 -1.826794363109327662e-02
-6.724600439947885262e-03 -1.351811035642114071e-02 -2.044447400249184074e-02 -2.755717708671248309e-02 -3.489268180665170554e-02 -4.246225131190864421e-02 -5.024162099215742638e-02 -5.815806208125984950e-02 -6.607460137122678212e-02 -7.377165622996098571e-02 -8.092727807109187377e-02 -8.709887643454025663e-02 -9.171189847140742701e-02 -9.406465450800599593e-02 -9.336276805602027051e-02 -8.879969914833235611e-02 -7.969719435471267488e-02 -6.570452752269093089e-02 -4.702247168045887299e-02 -2.457244380248971294e-02
-7.700740602018541110e-03 -1.549630427504710209e-02 -2.347690409572142714e-02 -3.172288337031682615e-02 -4.029811888683211551e-02 -4.924132615059827883e-02 -5.855441441124837471e-02 -6.818695946983402423e-02 -7.801590042673811620e-02 -8.781982243771525865e-02 -9.724801681974946932e-02 -1.057862827801251820e-01 -1.127249070457767566e-01 -1.171402349697974604e-01 -1.179102326721953031e-01 -1.137950473426967285e-01 -1.036197323283288840e-01 -8.658319216311319289e-02 -6.266445531547405745e-02 -3.299904457441678318e-02
-8.582055723244054815e-03 -1.728945970588908684e-02 -2.624395274850199397e-02 -3.555933180510751496e-02 -4.533557985351149844e-02 -5.565051373140868229e-02 -6.654774134970180277e-02 -7.801945387865812098e-02 -8.998221230918861113e-02 -1.022437087675163309e-01 -1.144586741406844188e-01 -1.260733201282861204e-01 -1.362611946275972263e-01 -1.438610951171093444e-01 -1.473426783838391041e-01 -1.448498838077521833e-01 -1.344019240670481230e-01 -1.143411351698405548e-01 -8.404899663807156862e-02 -4.475487809529559574e-02
-9.338019694828676720e-03 -1.883552291723582239e-02 -2.865011359125721122e-02 -3.893490768018293552e-02 -4.983435205190688000e-02 -6.147739885375852475e-02 -7.396657556777583298e-02 -8.736089652178133380e-02 -1.016497790189324762e-01 -1.167141179039292015e-01 -1.322696396609280567e-01 -1.477871065366692660e-01 -1.623853613988431033e-01 -1.746997780123502597e-01 -1.827474112651840676e-01 -1.838531190954918459e-01 -1.747803366697509020e-01 -1.522995149258843661e-01 -1.143918993672260048e-01 -6.192481250202990645e-02
-9.934497278840017515e-03 -2.006449380673750241e-02 -3.058606778844567831e-02 -4.169583169805441553e-02 -5.358951649588763327e-02 -6.645814789121667898e-02 -8.048025756036000788e-02 -9.580776960041718915e-02 -1.125418811197453212e-01 -1.306933362776257213e-01 -1.501186406998218925e-01 -1.704200042916397539e-01 -1.907926613575468278e-01 -2.098013165991389484e-01 -2.250772920910596164e-01 -2.329805071342559986e-01 -2.284333550135613511e-01 -2.054363022527129212e-01 -1.589437670629805788e-01 -8.817753045610617069e-02
-1.033547123575935360e-02 -2.090188289404406111e-02 -3.193382856448167412e-02 -4.367283076261346819e-02 -5.636973043723073756e-02 -7.028540964446414185e-02 -8.568852810046320712e-02 -1.028480347231863767e-01 -1.220166335334564867e-01 -1.433986951879620830e-01 -1.670915176465369301e-01 -1.929810283128229331e-01 -2.205597157377195972e-01 -2.486116226512188054e-01 -2.746777608900811130e-01 -2.942272846858690061e-01 -2.997234902429716796e-01 -2.805555384371727357e-01 -2.256342201701823369e-01 -1.295575672914885401e-01
-1.050550150290368266e-02 -2.127373259137101472e-02 -3.257452929061481484e-02 -4.469192941992475993e-02 -5.793115897126119296e-02 -7.262522356066908324e-02 -8.914040111166152136e-02 -1.078791999826838738e-01 -1.292779149632593827e-01 -1.537932679849755568e-01 -1.818674258626627183e-01 -2.138502341349853286e-01 -2.498339600720941578e-01 -2.892972976185015921e-01 -3.303230660152582931e-01 -3.679990532801096226e-01 -3.919246367094849082e-01 -3.844414499681459430e-01 -3.236207313201218683e-01 -1.938718470265499427e-01
-1.041279899805464502e-02 -2.111301263598022032e-02 -3.239862445721478773e-02 -4.458919539137188442e-02 -5.803774778174030508e-02 -7.314391573220958842e-02 -9.036864356169080348e-02 -1.102504398970135802e-01 -1.334225486089892221e-01 -1.606289543432528888e-01 -1.927337355223168736e-01 -2.307092975954088687e-01 -2.755600381961603174e-01 -3.280341112542398685e-01 -3.876667463164994443e-01 -4.501714482218337476e-01 -5.023969700364716573e-01 -5.172085135794435296e-01 -4.560237523450445529e-01 -2.853912504258870886e-01
-1.003267906396069879e-02 -2.036689206305897920e-02 -3.131775817933476341e-02 -4.322847798913125733e-02 -5.648671640466403077e-02 -7.154403963001210176e-02 -8.893980854926780699e-02 -1.093313606014767875e-01 -1.335328669111184308e-01 -1.625660664512220965e-01 -1.977267612298108101e-01 -2.406687146597390470e-01 -2.934808889459317727e-01 -3.585869814825682900e-01 -4.377563806961934922e-01 -5.284274499236681910e-01 -6.154228307533970987e-01 -6.610771016661594057e-01 -6.062981384292956966e-01 -3.937082381504772299e-01
-9.351023516469670824e-03 -1.900411495974404022e-02 -2.927703762221441075e-02 -4.052023961128359969e-02 -5.313659642529707655e-02 -6.760571046773254655e-02 -8.451518333504622060e-02 -1.046023186615757522e-01 -1.288114651778122233e-01 -1.583752883916412224e-01 -1.949335037587925923e-01 -2.407087073988445902e-01 -2.987419591326277435e-01 -3.730140259695998717e-01 -4.675301183760894319e-01 -5.818051110724379305e-01 -6.996689130521148714e-01 -7.748447426129687621e-01 -7.301799402227316937e-01 -4.860972003257842400e-01
-8.367297314501837002e-03 -1.702150431210124742e-02 -2.626603536085789573e-02 -3.643884383277394556e-02 -4.793371505264260729e-02 -6.122701579832273006e-02 -7.691288853674645154e-02 -9.575125938322660846e-02 -1.187353473216773703e-01 -1.471895217311575410e-01 -1.829156038207679080e-01 -2.284156329931082419e-01 -2.872063539159354084e-01 -3.640521285398656270e-01 -4.641050669157905095e-01 -5.880549416357300219e-01 -7.196830272182004329e-01 -8.094152209811820153e-01 -7.726071742685550747e-01 -5.200454212699557877e-01
-7.096659470964993520e-03 -1.444856618802691124e-02 -2.232675357659338194e-02 -3.103538252706776815e-02 -4.093239987707007754e-02 -5.245574239204432027e-02 -6.615809081867542185e-02 -8.275447573364931586e-02 -1.031891000409187603e-01 -1.287311597789674300e-01 -1.611149119220842141e-01 -2.027451566399216532e-01 -2.569708867791049012e-01 -3.282479579004290993e-01 -4.212483522721801044e-01 -5.363012163083955564e-01 -6.580077297017098426e-01 -7.404645883483733648e-01 -7.061366626758004417e-01 -4.741908546128580926e-01
-5.570772233702388047e-03 -1.134934445494340839e-02 -1.755702812823520254e-02 -2.444353009249938466e-02 -3.230475600876867026e-02 -4.150545774636699853e-02 -5.250925091054693683e-02 -6.591944727816534400e-02 -8.253537887445529242e-02 -1.034305027425542339e-01 -1.300599776710960331e-01 -1.644032209646750786e-01 -2.091190931122605123e-01 -2.675353706554717270e-01 -3.427275854287922807e-01 -4.337985976058634230e-01 -5.272962211742856509e-01 -5.867181968886910903e-01 -5.528233249645198022e-01 -3.662877582484375116e-01
-3.837083774182188222e-03 -7.821009525116235511e-03 -1.210848315829003534e-02 -1.687695237970019899e-02 -2.233763446947599138e-02 -2.875207710602483910e-02 -3.645400463051177986e-02 -4.587867865938825146e-02 -5.760243940554785752e-02 -7.239509402477171951e-02 -9.128612711604261465e-02 -1.156381923814690516e-01 -1.471916292391921843e-01 -1.879312916626306451e-01 -2.392871466337073982e-01 -2.995811140850243581e-01 -3.587364115341778459e-01 -3.923979709375983171e-01 -3.632106279723677500e-01 -2.360237166428852673e-01
-1.956552582732937716e-03 -3.989126195990418296e-03 -6.178942584002810288e-03 -8.618161536611530435e-03 -1.141675134510772294e-02 -1.471120963184886950e-02 -1.867600887855798072e-02 -2.353882035825352950e-02 -2.960059231670323851e-02 -3.726110376729533519e-02 -4.704865116711250128e-02 -5.964638367073407665e-02 -7.588899258961774585e-02 -9.664584080234678298e-02 -1.223565251498545808e-01 -1.517556944142059994e-01 -1.794567066343548400e-01 -1.935128300456114003e-01 -1.764663737417268563e-01 -1.128327296674570684e-01
