-3.858791942751643722e-02 -7.746269534927777145e-02 -1.165022699126473937e-01 -1.547253843313605992e-01 -1.898922147824347317e-01 -2.184990635364226219e-01 -2.366251047099030003e-01 -2.415933883865840626e-01 -2.334454093889651027e-01 -2.150065667192341823e-01 -1.904873121304396233e-01 -1.637990498445454912e-01 -1.376390565769170793e-01 -1.134383362651934929e-01 -9.171382427694500794e-02 -7.244465622922187376e-02 -5.533780269108549282e-02 -3.998399563378950139e-02 -2.593826542490691375e-02 -1.275534426889565059e-02
-7.688393143727531576e-02 -1.547336810768022430e-01 -2.337125120988995663e-01 -3.121752610366012592e-01 -3.855752471725846231e-01 -4.461272016011884611e-01 -4.846072058731872301e-01 -4.944845404434023983e-01 -4.757895846900169201e-01 -4.352857166287500412e-01 -3.827882740354488500e-01 -3.269513311817797141e-01 -2.732888726384012368e-01 -2.243947247895107799e-01 -1.809714695189427736e-01 -1.427269087100719591e-01 -1.089225572124330466e-01 -7.865989984182489292e-02 -5.101370662168699943e-02 -2.508310115921580027e-02
-1.141906167546973827e-01 -2.307505374836386070e-01 -3.509344051462909286e-01 -4.731453163148150454e-01 -5.905300819465908457e-01 -6.895425206798397877e-01 -7.528195583810338709e-01 -7.674930480542458966e-01 -7.334702992620319995e-01 -6.638025314010169708e-01 -5.767765311716782639e-01 -4.873781748598087216e-01 -4.040310967587301128e-01 -3.298535097258432636e-01 -2.650465408073005569e-01 -2.085685294757750330e-01 -1.589655842128581131e-01 -1.147193183513318809e-01 -7.437353855592754304e-02 -3.656332476496922113e-02
-1.490451592523376334e-01 -3.027027494269161623e-01 -4.643514308811088620e-01 -6.335045828604289886e-01 -8.012528799267533142e-01 -9.465426697371631670e-01 -1.040127016890461276e+00 -1.059398650216227367e+00 -1.003984288019540871e+00 -8.964399492422027160e-01 -7.673139863736796462e-01 -6.398119141945409760e-01 -5.251129261788072267e-01 -4.258475814106225665e-01 -3.407789630119866242e-01 -2.675335632621158588e-01 -2.036518128822852602e-01 -1.468782170831799405e-01 -9.519776522298943611e-02 -4.679663228073126235e-02
-1.790660335432356087e-01 -3.654864909113134663e-01 -5.655141773783605164e-01 -7.807427279733394343e-01 -1.000758819832837876e+00 -1.196068065630287114e+00 -1.322908881706220674e+00 -1.346375213260577297e+00 -1.265681645873000472e+00 -1.115291779919698412e+00 -9.406697003476497398e-01 -7.742545984532064329e-01 -6.294496526195133557e-01 -5.073935625977971098e-01 -4.046516276363409936e-01 -3.171309157891805675e-01 -2.412295433516254139e-01 -1.739439236644568787e-01 -1.127426521956541583e-01 -5.542539924735244428e-02
-2.012844074298893449e-01 -4.122785324077526403e-01 -6.418562684517586936e-01 -8.937739373616669925e-01 -1.156769014767288217e+00 -1.394204489728481100e+00 -1.549394333707820426e+00 -1.576267733326189857e+00 -1.473640415813538551e+00 -1.286746751278779133e+00 -1.074309215853269661e+00 -8.765799812802246294e-01 -7.083814584057780417e-01 -5.691163752107221141e-01 -4.532290880594229132e-01 -3.551007554857716908e-01 -2.701908387295600122e-01 -1.949252187900918920e-01 -1.264034813870664464e-01 -6.216229537511302333e-02
-2.131051916748873953e-01 -4.368261518973656221e-01 -6.810894953724909717e-01 -9.505609918605826270e-01 -1.233629310313179905e+00 -1.490572874117326974e+00 -1.659058052373907799e+00 -1.688107724899831297e+00 -1.576359462593017291e+00 -1.373775529705281828e+00 -1.144865234020376432e+00 -9.332433605277736799e-01 -7.543021261461677618e-01 -6.066799473775517093e-01 -4.839340487120021850e-01 -3.798396568563571218e-01 -2.895067816843593933e-01 -2.091625451927924817e-01 -1.357837386892100651e-01 -6.682027150866264031e-02
-2.135096608208653379e-01 -4.365709123641428047e-01 -6.779263402033270935e-01 -9.411856911735089204e-01 -1.214752374232546561e+00 -1.461242664737709696e+00 -1.622862982064483983e+00 -1.652640681284788693e+00 -1.549365073662140491e+00 -1.359146388798659233e+00 -1.141833267768641802e+00 -9.384523526806827221e-01 -7.641580624090561491e-01 -6.184578204759869635e-01 -4.958553548227185304e-01 -3.908024550069474912e-01 -2.988328518773204490e-01 -2.164343419892386933e-01 -1.407486237784159877e-01 -6.933503839378461764e-02
-2.036562739931740418e-01 -4.142628153934554414e-01 -6.376953715294533254e-01 -8.751284744619879374e-01 -1.115442225403539211e+00 -1.327847968875373486e+00 -1.466817007755336411e+00 -1.496053749170028979e+00 -1.414740012766883659e+00 -1.258700820574881751e+00 -1.075200252268517342e+00 -8.980120436221731284e-01 -7.412332091350678498e-01 -6.063355941553066897e-01 -4.901105164151743909e-01 -3.886690720916307074e-01 -2.985867180517461916e-01 -2.169932481741814467e-01 -1.414413442345444916e-01 -6.977124372731344226e-02
-1.863802981113451829e-01 -3.766149991367991889e-01 -5.733227060231829153e-01 -7.751767359876233776e-01 -9.721410107662683542e-01 -1.141536559283660823e+00 -1.252178605592188632e+00 -1.280034265921114578e+00 -1.224715572716565282e+00 -1.110205365183043247e+00 -9.690378693885438599e-01 -8.260857288793252984e-01 -6.936271540961511661e-01 -5.750042439375661063e-01 -4.695040474997180802e-01 -3.751679610234042173e-01 -2.898509253253437890e-01 -2.115105022846214267e-01 -1.382522316836164444e-01 -6.830857734417342120e-02
-1.650104578811297795e-01 -3.312198258185340416e-01 -4.986625459542511907e-01 -6.643919493077526939e-01 -8.199586281360556894e-01 -9.499226454693363575e-01 -1.034992873520979462e+00 -1.061014720989889693e+00 -1.027914691069991671e+00 -9.500860258394778768e-01 -8.478204279460740400e-01 -7.380504147924744629e-01 -6.307659233172832058e-01 -5.302781235270956905e-01 -4.376939049704008378e-01 -3.526433685988886735e-01 -2.741381053143329138e-01 -2.009455365438085062e-01 -1.317484773537904164e-01 -6.521082904321127971e-02
-1.423496811132335949e-01 -2.841015670777522484e-01 -4.237399060440013576e-01 -5.577276188763269360e-01 -6.793711810130875772e-01 -7.785858362799645827e-01 -8.440618289463880375e-01 -8.680002674226773296e-01 -8.504909654742321967e-01 -7.996921441113635787e-01 -7.276358589887911288e-01 -6.453715191540062568e-01 -5.605624536999641583e-01 -4.775438428562177040e-01 -3.983348320578267709e-01 -3.235717738411877376e-01 -2.531123825435575014e-01 -1.863850160245200949e-01 -1.225853008986760306e-01 -6.078625826874729798e-02
-1.202598819291207793e-01 -2.389541883816748702e-01 -3.538922759734661749e-01 -4.616471709771872711e-01 -5.571318966794914784e-01 -6.338163890001711209e-01 -6.851149197403225699e-01 -7.067860282404007100e-01 -6.989713888111730444e-01 -6.662699395882027975e-01 -6.157740236501270115e-01 -5.546085996292164921e-01 -4.884095616952990326e-01 -4.209694593004875141e-01 -3.545253280638377968e-01 -2.901959499438649948e-01 -2.283545449811281436e-01 -1.688968071558314965e-01 -1.114214476752644900e-01 -5.534891045361291922e-02
-9.972974281832480692e-02 -1.975315274214644035e-01 -2.911006943362283717e-01 -3.774481494372027290e-01 -4.527916289558476248e-01 -5.128492101428705485e-01 -5.536857043115287480e-01 -5.729270175422789269e-01 -5.707076434466784587e-01 -5.496957176495275155e-01 -5.141652790090794900e-01 -4.687404033309386930e-01 -4.174625887847929762e-01 -3.633923318618025866e-01 -3.086000303499905062e-01 -2.543319829373302254e-01 -2.012129797372207707e-01 -1.494261897218704949e-01 -9.885477535236533719e-02 -4.918793901076789349e-02
-8.112656443115397187e-02 -1.603362263661629317e-01 -2.355095053539166539e-01 -3.041879913622338449e-01 -3.635863343415206006e-01 -4.108379496366967865e-01 -4.434984443747833627e-01 -4.601719883795952759e-01 -4.609633704389656805e-01 -4.474814818130343763e-01 -4.223812057750218063e-01 -3.887018262467299423e-01 -3.493021305448433256e-01 -3.065360611812875113e-01 -2.621502528334184179e-01 -2.173188915439896174e-01 -1.727391462032892566e-01 -1.287401665427012065e-01 -8.538352063989587681e-02 -4.254807365337573422e-02
-6.444016765319189599e-02 -1.271766454039169603e-01 -1.864103833634752072e-01 -2.401996928887959459e-01 -2.865085562621106918e-01 -3.233841230519714505e-01 -3.492532530954940984e-01 -3.632538153534854986e-01 -3.654576607978745062e-01 -3.568654678878487307e-01 -3.391673270585014444e-01 -3.143805582498043205e-01 -2.845072442208445018e-01 -2.512993356506640352e-01 -2.161459569902703104e-01 -1.800541272232034917e-01 -1.436844977818467206e-01 -1.074117840341850399e-01 -7.139105760390443423e-02 -3.562083878987973989e-02
-4.945744409814245568e-02 -9.751973315364241557e-02 -1.427554032265415385e-01 -1.836910111373100118e-01 -2.188621819571453520e-01 -2.469334371458700161e-01 -2.668722648168243561e-01 -2.781279416711541219e-01 -2.807445946577181162e-01 -2.753534089882899161e-01 -2.630411561400086140e-01 -2.451454953082632393e-01 -2.230468322399430658e-01 -1.980080159219136104e-01 -1.710800709840359368e-01 -1.430671085226914163e-01 -1.145328962185468702e-01 -8.583138404713760994e-02 -5.714807762592243739e-02 -2.854421429331890220e-02
-3.586986102271574883e-02 -7.068942867815558584e-02 -1.034004412695402331e-01 -1.329466890271242263e-01 -1.583155526351585907e-01 -1.786149159951189724e-01 -1.931740639202965126e-01 -2.016407420108412285e-01 -2.040390801746078675e-01 -2.007622261098732652e-01 -1.924982930441673512e-01 -1.801133701149961464e-01 -1.645265317875501954e-01 -1.466057979617258478e-01 -1.270991657255736429e-01 -1.066013120590540014e-01 -8.554856835905817747e-02 -6.423276433748532910e-02 -4.282563186954450180e-02 -2.140794046716308283e-02
-2.333256536001535042e-02 -4.596764894328764228e-02 -6.721022367708726075e-02 -8.637973359693389142e-02 -1.028383878152996644e-01 -1.160365811333436276e-01 -1.255682853322489800e-01 -1.312218304769919019e-01 -1.330087091168155877e-01 -1.311580774301172869e-01 -1.260763773580073077e-01 -1.182831178124106042e-01 -1.083400984205905720e-01 -9.678944061794525489e-02 -8.410946034086327905e-02 -7.069038650286511849e-02 -5.682727851639610139e-02 -4.272545312060204575e-02 -2.851373335636094714e-02 -1.426191048101188401e-02
-1.149273306176943656e-02 -2.263836297250734417e-02 -3.309305346434093797e-02 -4.252361863069962361e-02 -5.062168625860150040e-02 -5.712472847785544927e-02 -6.184064958289059444e-02 -6.466957699612443933e-02 -6.561581766771892865e-02 -6.478497659002628584e-02 -6.236599174871531454e-02 -5.860260181110348715e-02 -5.376127553346338184e-02 -4.810239191000093700e-02 -4.185883654845220375e-02 -3.522348138684653490e-02 -2.834469825363796977e-02 -2.132802001090127950e-02 -1.424193066450147281e-02 -7.125962259750521881e-03
