-2.029400515698808524e-03 -3.967302889310864340e-03 -5.730264395566754369e-03 -7.249745148061759181e-03 -8.476800610321442303e-03 -9.384130348910597538e-03 -9.965500811095642439e-03 -1.023301330618951212e-02 -1.021294935223758353e-02 -9.941016638430012417e-03 -9.457707816979805948e-03 -8.804291702507738293e-03 -8.019723017971276680e-03 -7.138546741952835062e-03 -6.189732857429590743e-03 -5.196280631225628360e-03 -4.175412872022808003e-03 -3.139174213504321211e-03 -2.095290194020840279e-03 -1.048173103420867473e-03
-4.150300778334371776e-03 -8.109548690791537964e-03 -1.170401124246832000e-02 -1.479191633920567961e-02 -1.727332792849710016e-02 -1.909421999158810931e-02 -2.024486087472094839e-02 -2.075360342293419702e-02 -2.067776761441822778e-02 -2.009340951341008832e-02 -1.908552272392406365e-02 -1.773973690861171959e-02 -1.613605451207468164e-02 -1.434473258911443845e-02 -1.242410451029282367e-02 -1.041997761189029405e-02 -8.366197404006870189e-03 -6.285994674635421789e-03 -4.193815558440258488e-03 -2.097402358708774870e-03
-6.462256175520533427e-03 -1.261658194466594961e-02 -1.818431805616972305e-02 -2.294058226417701116e-02 -2.673037524681071836e-02 -2.947456303826306162e-02 -3.116612079552594228e-02 -3.185877425540620950e-02 -3.165110962935850647e-02 -3.066933141646328853e-02 -2.905123790495578798e-02 -2.693308060192604186e-02 -2.444002823783322439e-02 -2.168022732430630387e-02 -1.874197694407413531e-02 -1.569332913448236166e-02 -1.258340488963076605e-02 -9.444794204584928271e-03 -6.296576053913478625e-03 -3.147622872715717928e-03
-9.082144000050277818e-03 -1.771020795705799053e-02 -2.547609906908671409e-02 -3.205572036886486509e-02 -3.723302975378314089e-02 -4.090753826913044039e-02 -4.308628996627425489e-02 -4.386426719526215212e-02 -4.339856894317038749e-02 -4.188157122512652097e-02 -3.951702002702350142e-02 -3.650132273954966033e-02 -3.301075542293453735e-02 -2.919417562571125987e-02 -2.517024870286651075e-02 -2.102795921105384339e-02 -1.682929939819222467e-02 -1.261320231247995034e-02 -8.400074657662223721e-03 -4.196514211587055315e-03
-1.215611324143430969e-02 -2.366600837056946974e-02 -3.395415075259874266e-02 -4.257317034967052910e-02 -4.923848672539872517e-02 -5.383627412715008553e-02 -5.640723933600865631e-02 -5.711344175520457339e-02 -5.619733290024799682e-02 -5.394136910470818252e-02 -5.063395187613898424e-02 -4.654444159226844152e-02 -4.190749976707371094e-02 -3.691547742145280531e-02 -3.171688592822114600e-02 -2.641896136714828175e-02 -2.109263254153059819e-02 -1.577864213461649748e-02 -1.049400711916015708e-02 -5.238360769580172223e-03
-1.587630202300334067e-02 -3.084356294485388061e-02 -4.410132648538501315e-02 -5.504432461596908688e-02 -6.331147553349084078e-02 -6.879183677983398415e-02 -7.159295826041241206e-02 -7.198493423382971990e-02 -7.033595766516154146e-02 -6.705262480943188774e-02 -6.253298225538636568e-02 -5.713499678636984463e-02 -5.115933144208918010e-02 -4.484335350519893376e-02 -3.836286016785605407e-02 -3.183837051508373733e-02 -2.534362914021556085e-02 -1.891472906942795462e-02 -1.255895270736844156e-02 -6.262923028665184910e-03
-2.050553274228850836e-02 -3.973061717946745064e-02 -5.656326847226644805e-02 -7.019132823530485621e-02 -8.017125683088764665e-02 -8.642664393971642711e-02 -8.918782917887206618e-02 -8.889738564327230586e-02 -8.610894420783210546e-02 -8.140019582584415159e-02 -7.531036037407085049e-02 -6.830323897441609171e-02 -6.075148091067773121e-02 -5.293575166836269469e-02 -4.505283487501334644e-02 -3.722803515658346801e-02 -2.952878726557673847e-02 -2.197769467084912179e-02 -1.456415399226718317e-02 -7.254379493959907735e-03
-2.641521312938565139e-02 -5.101010582232958640e-02 -7.222980456127270354e-02 -8.898646546611509167e-02 -1.007555841248415768e-01 -1.075556582629738772e-01 -1.098343355826973539e-01 -1.083078399986765611e-01 -1.038022433126319644e-01 -9.712885887341780877e-02 -8.900502980737505510e-02 -8.001612438277674877e-02 -7.060760699436038901e-02 -6.109534242367768014e-02 -5.168469899468235151e-02 -4.249215255928866231e-02 -3.356579614386442229e-02 -2.490311234473835400e-02 -1.646559146909361282e-02 -8.190442497418180465e-03
-3.414519804750432153e-02 -6.566476377291602384e-02 -9.235934779767134006e-02 -1.127691187622728991e-01 -1.263089387337051062e-01 -1.332060647576123191e-01 -1.342860153574439164e-01 -1.306974013186438799e-01 -1.236633355746262208e-01 -1.143079753243300273e-01 -1.035647835892018337e-01 -9.214862967112047443e-02 -8.056748785902716203e-02 -6.915331710356628636e-02 -5.809847079436777223e-02 -4.749008668379402914e-02 -3.733913677507720574e-02 -2.760337149174360225e-02 -1.820465921696981168e-02 -9.041799269199382941e-03
-4.450051482064062286e-02 -8.514392056743662340e-02 -1.187731152268222679e-01 -1.434211799513252783e-01 -1.585046089323028928e-01 -1.646734484419609124e-01 -1.634061838303205172e-01 -1.565323946160219470e-01 -1.458457245945165015e-01 -1.328749297579576716e-01 -1.187975092557950613e-01 -1.044461311118834307e-01 -9.036040492476142549e-02 -7.685197320948508604e-02 -6.406578725454707690e-02 -5.203059175764515598e-02 -4.069729997098475716e-02 -2.996658105007615411e-02 -1.970787574262893027e-02 -9.772095766464615474e-03
-5.870902492920074267e-02 -1.116309851108152756e-01 -1.541603220890684633e-01 -1.836307650629302457e-01 -1.996098840224546367e-01 -2.035742909124714228e-01 -1.981318140659391602e-01 -1.861799505095581286e-01 -1.703121697241407606e-01 -1.525485081540451648e-01 -1.343042013087231146e-01 -1.164779897521691365e-01 -9.957603476987160473e-02 -8.382838843413339958e-02 -6.928211832190363240e-02 -5.586919985232568359e-02 -4.345289481821324601e-02 -3.185778011417512295e-02 -2.088816734523363944e-02 -1.033870675953649926e-02
-7.866606988116141286e-02 -1.484486498507359142e-01 -2.025307383730997890e-01 -2.372616656248023315e-01 -2.526807825987709699e-01 -2.518559270164570374e-01 -2.393563207081945698e-01 -2.197402178688847851e-01 -1.966737589283467647e-01 -1.727026084318733778e-01 -1.493927925580819105e-01 -1.275855971759301544e-01 -1.076373635903427328e-01 -8.960343217605502841e-02 -7.336510374393263867e-02 -5.871120049548760045e-02 -4.538730547950769328e-02 -3.312348028261962590e-02 -2.164830659298621132e-02 -1.069456326389399414e-02
-1.072192785512589147e-01 -2.005042808160513723e-01 -2.696879075077529553e-01 -3.096822867338404062e-01 -3.216295580000129162e-01 -3.116177190926723295e-01 -2.876189173063454785e-01 -2.567268961995416987e-01 -2.239345016302905500e-01 -1.921944080421068290e-01 -1.629786409671343528e-01 -1.368342376856850340e-01 -1.137843944791129824e-01 -9.358287799623844772e-02 -7.586366949586831332e-02 -6.022319952874559401e-02 -4.626165224808403975e-02 -3.360053281788294433e-02 -2.188701623607517549e-02 -1.079123917154174023e-02
-1.480825122522431148e-01 -2.740466321150836215e-01 -3.628437249003252929e-01 -4.071986225371640455e-01 -4.104678846467734177e-01 -3.842663910771849656e-01 -3.423314655064128020e-01 -2.954785543526275982e-01 -2.501115985286265775e-01 -2.091563846016329664e-01 -1.734924022169565261e-01 -1.429882503978119057e-01 -1.170831007093495468e-01 -9.508002027507027332e-02 -7.628350257384841626e-02 -6.005628252560274438e-02 -4.583557752859070827e-02 -3.312998645201581382e-02 -2.150798843772437283e-02 -1.058337707786053197e-02
-2.041038438509141795e-01 -3.735516063382294805e-01 -4.867692737843137274e-01 -5.331531865181752261e-01 -5.199084081937314084e-01 -4.679343718348177306e-01 -4.000624740896019382e-01 -3.321640484568515461e-01 -2.717426135628273065e-01 -2.208035536944369104e-01 -1.788432019438349341e-01 -1.445429521715164423e-01 -1.164797187488696845e-01 -9.337060435018421090e-02 -7.413404313591454020e-02 -5.788285606701810276e-02 -4.389439427113131509e-02 -3.157585202965162291e-02 -2.043157562146607001e-02 -1.003428216430060985e-02
-2.721713455935145243e-01 -4.928901417176527744e-01 -6.331147676510295863e-01 -6.776524311742798679e-01 -6.392694395736320256e-01 -5.521867708620263882e-01 -4.516495502599636169e-01 -3.594877779089764580e-01 -2.834548460875436771e-01 -2.233954191087159646e-01 -1.765237151105097935e-01 -1.398596170317415455e-01 -1.109221473615482068e-01 -8.778863631630848263e-02 -6.899921375777723354e-02 -5.344670805338193331e-02 -4.028329475773152063e-02 -2.884745417897359096e-02 -1.860818261975569210e-02 -9.122176322309927948e-03
-3.360155527600143799e-01 -6.030980930938644180e-01 -7.657803092325350391e-01 -8.039048871426101028e-01 -7.363899543914150803e-01 -6.121850881617916240e-01 -4.796666949294193238e-01 -3.660414954433064971e-01 -2.781189284665793182e-01 -2.126109388651587773e-01 -1.639715302981415712e-01 -1.274471287146715925e-01 -9.956042950812714343e-02 -7.786257434264141908e-02 -6.062746957357759148e-02 -4.662146956015761345e-02 -3.494462433385845529e-02 -2.492248986305372824e-02 -1.603152565391114531e-02 -7.846242208852972910e-03
-3.648650097047689278e-01 -6.504075983941284278e-01 -8.188528553093343820e-01 -8.469518331952384793e-01 -7.577793135954188353e-01 -6.101078044653608368e-01 -4.604277379808136561e-01 -3.382290923184958498e-01 -2.483624345747369178e-01 -1.846057792087814342e-01 -1.392574938131783957e-01 -1.063922183344819666e-01 -8.200951296819466996e-02 -6.347374541058155295e-02 -4.902662234452439399e-02 -3.746707752906137251e-02 -2.795124346927825576e-02 -1.986635654915372765e-02 -1.274918962729901760e-02 -6.231267801601917192e-03
-3.259773630559059665e-01 -5.780838801344526656e-01 -7.233951219531982169e-01 -7.400514160670392805e-01 -6.502896107348863364e-01 -5.104372852018798090e-01 -3.735733676575312412e-01 -2.658257214521944634e-01 -1.896574113727401423e-01 -1.376940212365974081e-01 -1.019941573870136314e-01 -7.684805448204846956e-02 -5.861115118997922008e-02 -4.499624702493324607e-02 -3.453819717936693068e-02 -2.626897627030267898e-02 -1.952691650130305642e-02 -1.384250500623065115e-02 -8.867610651089086887e-03 -4.329641059305475853e-03
-2.032170354706219484e-01 -3.586261927655257087e-01 -4.467286416453877251e-01 -4.529365527394087487e-01 -3.918991940975349864e-01 -3.009404076139740036e-01 -2.145529630594199544e-01 -1.486934068720825730e-01 -1.037027200351318679e-01 -7.398431172021771585e-02 -5.410595237826188592e-02 -4.038752090140911716e-02 -3.059024546920933313e-02 -2.336186514840114456e-02 -1.786094444606907070e-02 -1.354371541950774756e-02 -1.004494236979358579e-02 -7.109138664660182884e-03 -4.549108758280577709e-03 -2.219687235335774441e-03
