-3.567935338350353754e-03 -7.011767960231834497e-03 -1.021390878342108913e-02 -1.306949807636905055e-02 -1.549193157000207724e-02 -1.741724648274215609e-02 -1.880684035708220236e-02 -1.964815131766781478e-02 -1.995315015093938882e-02 -1.975482282634804382e-02 -1.910218923459148718e-02 -1.805456520953852700e-02 -1.667585638439311735e-02 -1.502948797879934649e-02 -1.317448890309495975e-02 -1.116283205129620613e-02 -9.038103702721426644e-03 -6.835314769136865629e-03 -4.581619297861620234e-03 -2.297769142332960375e-03
-7.259985736397657312e-03 -1.426524838134354128e-02 -2.077439155755654923e-02 -2.657216738308769075e-02 -3.148099669966057668e-02 -3.537022153618344517e-02 -3.816196668524667740e-02 -3.983261990730266322e-02 -4.040962779858320308e-02 -3.996394775169063301e-02 -3.859936064711334130e-02 -3.644021964385511098e-02 -3.361936591742177571e-02 -3.026761450460371469e-02 -2.650563476531042628e-02 -2.243872823695181387e-02 -1.815426126955006075e-02 -1.372150569495186358e-02 -9.193366463605287531e-03 -4.609435665533037803e-03
-1.120677641388828985e-02 -2.201485937201018081e-02 -3.204625604145668744e-02 -4.096379262929489284e-02 -4.848966162462341883e-02 -5.442067611176972658e-02 -5.863818020305157364e-02 -6.111072510485081322e-02 -6.188877683197873542e-02 -6.109196459933786960e-02 -5.889106525599521053e-02 -5.548756009718833898e-02 -5.109377382837713977e-02 -4.591595256508842343e-02 -4.014171040373789440e-02 -3.393218215123090103e-02 -2.741867987727045208e-02 -2.070305472414560310e-02 -1.386086999749335143e-02 -6.946585504236988014e-03
-1.555225746814761605e-02 -3.054115869041483869e-02 -4.443196444096551151e-02 -5.674705500848005457e-02 -6.709314370662824989e-02 -7.518461285339793354e-02 -8.085930985208879263e-02 -8.408329622842627971e-02 -8.494275053189291602e-02 -8.362402374500518820e-02 -8.038533563182949371e-02 -7.552514289276369974e-02 -6.935216731824647707e-02 -6.216069362249784097e-02 -5.421305235923960797e-02 -4.572959093758725835e-02 -3.688520822032526764e-02 -2.781113657681935636e-02 -1.860044359662780394e-02 -9.316022998820455356e-03
-2.046109058436806905e-02 -4.016552409946375080e-02 -5.839334758019311400e-02 -7.449926711448150163e-02 -8.795118418028693985e-02 -9.836526091997031818e-02 -1.055311115427969570e-01 -1.094203451046508180e-01 -1.101748540917698443e-01 -1.080759963247994171e-01 -1.035010484482992710e-01 -9.687545139936040717e-02 -8.862901237956870293e-02 -7.916154729891636266e-02 -6.882018210551264781e-02 -5.788790251358542222e-02 -4.658141961610463150e-02 -3.505582984740091695e-02 -2.341374849318361012e-02 -1.171704784668914021e-02
-2.612656192854543799e-02 -5.126647894487924850e-02 -7.447658410839044785e-02 -9.490542456175375674e-02 -1.118470079717778509e-01 -1.247940939516603009e-01 -1.334794688307538724e-01 -1.378920854591282052e-01 -1.382602678431306686e-01 -1.350040005553547195e-01 -1.286673591997984645e-01 -1.198465468528925326e-01 -1.091268221910071251e-01 -9.703624491422056797e-02 -8.401817034599483314e-02 -7.042037763256940586e-02 -5.649671906353399831e-02 -4.241701961551028188e-02 -2.828166442772747646e-02 -1.413843263407438440e-02
-3.277867990673721810e-02 -6.429723753271747444e-02 -9.334105841275185111e-02 -1.187988174268140018e-01 -1.397372936313299452e-01 -1.554846054233200436e-01 -1.657005604273573129e-01 -1.704082039128428372e-01 -1.699700893574117300e-01 -1.650123274140715968e-01 -1.563178013917462528e-01 -1.447165115185569118e-01 -1.309954418585067004e-01 -1.158383812771677512e-01 -9.979581944183957276e-02 -8.327867249024013818e-02 -6.656803060241739400e-02 -4.983384189901834960e-02 -3.315746566560186237e-02 -1.655501251630443066e-02
-4.069091260116724368e-02 -7.980273573162581513e-02 -1.157915745533182050e-01 -1.472114678991532921e-01 -1.728187161516855364e-01 -1.917064422581008232e-01 -2.034299170591306882e-01 -2.080700268450322299e-01 -2.061994806819431036e-01 -1.987573610328138285e-01 -1.868749477491933597e-01 -1.717062222000577121e-01 -1.542999964435110283e-01 -1.355259634851007366e-01 -1.160479864447321596e-01 -9.633040244513714490e-02 -7.666284448358470782e-02 -5.719282419580087873e-02 -3.795932501414556182e-02 -1.892414284151304471e-02
-5.018223350256877796e-02 -9.843119964724955651e-02 -1.428109955480799942e-01 -1.814366850622515792e-01 -2.126195358854422179e-01 -2.350923764159567053e-01 -2.482424747131876386e-01 -2.522423435437876615e-01 -2.480003192646252075e-01 -2.369425737008218902e-01 -2.207183469662273301e-01 -2.009333716445267648e-01 -1.789723195578607484e-01 -1.559174286787135544e-01 -1.325396979921006912e-01 -1.093320377373627056e-01 -8.656006988668281388e-02 -6.431524629458940101e-02 -4.256283279859882085e-02 -2.118221859003908969e-02
-6.160677711355258546e-02 -1.209286879703891510e-01 -1.755841006626769341e-01 -2.231038817574353683e-01 -2.611289307765883305e-01 -2.877992519293063878e-01 -3.022035086761535316e-01 -3.046552303580493115e-01 -2.966160952092621317e-01 -2.802938891314609160e-01 -2.581223059905232153e-01 -2.323365110968958758e-01 -2.047384041912174435e-01 -1.766316721799222056e-01 -1.488612729732252671e-01 -1.218979412115729632e-01 -9.593010491898386338e-02 -7.094522139633753499e-02 -4.679451994217313088e-02 -2.324187369565116484e-02
-7.531579086225913267e-02 -1.480911790135624739e-01 -2.154885403439185942e-01 -2.742563329428951424e-01 -3.209772392859829293e-01 -3.527520789179504623e-01 -3.680976911958347975e-01 -3.675447838454282690e-01 -3.535070393072410888e-01 -3.294912076055382943e-01 -2.991393629961448530e-01 -2.655516281618814922e-01 -2.310129893704956083e-01 -1.970094982778520798e-01 -1.643757284065679447e-01 -1.334682914837982126e-01 -1.043171679876523511e-01 -7.674097998412757193e-02 -5.042810994551279180e-02 -2.499074551117726889e-02
-9.156189478366090484e-02 -1.806189282088610792e-01 -2.639853479807720560e-01 -3.373734031952546064e-01 -3.956336282234859669e-01 -4.339587366082421904e-01 -4.497213176272891744e-01 -4.437956267765882923e-01 -4.203076046342328342e-01 -3.849957635103238851e-01 -3.433830969438340097e-01 -2.997153740567140012e-01 -2.567519559650562333e-01 -2.160174711397989944e-01 -1.781637876124484154e-01 -1.432823127680797892e-01 -1.111292634001469909e-01 -8.127340809575622771e-02 -5.318617420687352798e-02 -2.629296992430293564e-02
-1.102909122286686167e-01 -2.187528507679363243e-01 -3.222140460775325121e-01 -4.150729713365640117e-01 -4.893105020363798796e-01 -5.365649836349748458e-01 -5.519123445844322795e-01 -5.367898479880338636e-01 -4.984783913573101466e-01 -4.466106633081211030e-01 -3.896212375349809021e-01 -3.331601094570567079e-01 -2.802592244623086093e-01 -2.321441889998347718e-01 -1.889795400092902089e-01 -1.503678504572605601e-01 -1.156441536617199006e-01 -8.403718062346662854e-02 -5.475016745845218136e-02 -2.699494002033888534e-02
-1.307386796250396277e-01 -2.614630410567221341e-01 -3.898060883851842129e-01 -5.086526342463969508e-01 -6.053724672080639246e-01 -6.652322251218053539e-01 -6.789385088228345744e-01 -6.488561162972529273e-01 -5.879252407847040951e-01 -5.123899151274443620e-01 -4.350263336008439174e-01 -3.629710363950021113e-01 -2.989671317490759095e-01 -2.433185727117170849e-01 -1.952420895257686861e-01 -1.535653553241948799e-01 -1.170422842754967052e-01 -8.448096581749803269e-02 -5.478233942818799829e-02 -2.693659009690160117e-02
-1.507806724045029634e-01 -3.049370082602954612e-01 -4.621732598833893091e-01 -6.139123314769867612e-01 -7.407724224499986354e-01 -8.177742092883791836e-01 -8.282803688614734927e-01 -7.760820227193564458e-01 -6.832871827928336250e-01 -5.763491653641560353e-01 -4.739620112451263800e-01 -3.844503555308951270e-01 -3.092683854713446090e-01 -2.469136891887268592e-01 -1.951040779747014453e-01 -1.516090862177998932e-01 -1.144786327468690079e-01 -8.206201657966873120e-02 -5.296159395481173787e-02 -2.596905774252494456e-02
-1.662334306951010199e-01 -3.406582849054931028e-01 -5.263984171964761760e-01 -7.138724514821199740e-01 -8.754125161477831485e-01 -9.724525969278974280e-01 -9.782952273305423052e-01 -8.985822526321282089e-01 -7.676904237125558028e-01 -6.252185645117781521e-01 -4.966679543636307037e-01 -3.907907148531475916e-01 -3.065943077751164814e-01 -2.399431444229130628e-01 -1.866492538459284534e-01 -1.432880780125379006e-01 -1.072011120010915447e-01 -7.632684797861408188e-02 -4.903293015440134822e-02 -2.397802193334267959e-02
-1.708372514518733953e-01 -3.548315340384449734e-01 -5.590217204922415251e-01 -7.736795213666888271e-01 -9.637056059929023366e-01 -1.077390334212862566e+00 -1.078025001120876514e+00 -9.730118810196437540e-01 -8.087039926804105994e-01 -6.370877853439311789e-01 -4.893552938765483584e-01 -3.736780805067357880e-01 -2.860508498520833442e-01 -2.195703351784495105e-01 -1.682569575407967255e-01 -1.276924463110701291e-01 -9.471085024779671291e-02 -6.701130555105760944e-02 -4.286523919989749382e-02 -2.091008243171574993e-02
-1.578724821030519088e-01 -3.318222925408569335e-01 -5.315958253526716915e-01 -7.484121885261739715e-01 -9.443312565479005105e-01 -1.061417353792128315e+00 -1.057903641106781034e+00 -9.419797476032027994e-01 -7.657748708461825649e-01 -5.867617433436098651e-01 -4.377941346963923896e-01 -3.255737061508169328e-01 -2.438226361356197192e-01 -1.839557716052772074e-01 -1.391079266894191813e-01 -1.045132537965563213e-01 -7.693849124278576146e-02 -5.414227258483039762e-02 -3.450663174978053221e-02 -1.679706460767842538e-02
-1.232790059985134218e-01 -2.616137738697962845e-01 -4.247347178604695683e-01 -6.059902919728793469e-01 -7.722370554233343176e-01 -8.716327973672335361e-01 -8.664293286725390786e-01 -7.639023829866721238e-01 -6.108256193320383831e-01 -4.581797216972244846e-01 -3.341420773744350203e-01 -2.432981257642578832e-01 -1.790331792199810756e-01 -1.332282892881057057e-01 -9.969583796735528858e-02 -7.431333792989186504e-02 -5.438752645418764436e-02 -3.811263861972591371e-02 -2.422194258205115011e-02 -1.177153378763943527e-02
-6.833422989210956311e-02 -1.462286625165766241e-01 -2.402221303201666769e-01 -3.468878297596471039e-01 -4.461128372880601711e-01 -5.056048710525010703e-01 -5.015933856091050469e-01 -4.386038853502783330e-01 -3.459093199150527487e-01 -2.550009178297509838e-01 -1.826597903777054110e-01 -1.309123054039820211e-01 -9.513782599551165453e-02 -7.013880793608975872e-02 -5.212435520441523196e-02 -3.865595844949017146e-02 -2.818558283844706594e-02 -1.969880064082689397e-02 -1.249696890250034421e-02 -6.067127122483370084e-03
