-1.314463659812590245e-02 -2.679702527901454967e-02 -4.148374853979895638e-02 -5.776431823941408084e-02 -7.623273447895342891e-02 -9.749132148903021100e-02 -1.220674643421455208e-01 -1.502196879623809711e-01 -1.815531110287355310e-01 -2.143974409072909038e-01 -2.451468066295075243e-01 -2.682592690441291672e-01 -2.777738684326473417e-01 -2.700910123192626910e-01 -2.460120863760401344e-01 -2.101424999820480644e-01 -1.682292467840378336e-01 -1.247297148968383868e-01 -8.197309559847877625e-02 -4.054445397859544192e-02
-2.578152158767897315e-02 -5.255971844281377703e-02 -8.137364890049404720e-02 -1.133407576538048855e-01 -1.496749162344215844e-01 -1.916617670076736779e-01 -2.405370403104140908e-01 -2.971495878718698469e-01 -3.611854566996585136e-01 -4.297171712014742906e-01 -4.953871028317104463e-01 -5.459347019068807594e-01 -5.675334203514337261e-01 -5.516541339324629867e-01 -5.002883586037576436e-01 -4.244141317290093252e-01 -3.372568510317114909e-01 -2.484707068694529952e-01 -1.625600828494989381e-01 -8.019429876274385138e-02
-3.742173360258062992e-02 -7.628667673489661349e-02 -1.181103650178460945e-01 -1.645500181443018684e-01 -2.174629195442788210e-01 -2.789309092483382990e-01 -3.511847256228208813e-01 -4.362348444690623550e-01 -5.347317248085186048e-01 -6.433487675108530146e-01 -7.508814309293944111e-01 -8.363342634064769854e-01 -8.745496071681031491e-01 -8.495990608627983498e-01 -7.653905670446335963e-01 -6.425405270214067377e-01 -5.048562269211507303e-01 -3.683824508337720793e-01 -2.393766822008934758e-01 -1.176322252879738878e-01
-4.761873625156130829e-02 -9.705489174628978422e-02 -1.502310925533031916e-01 -2.092856485511368214e-01 -2.766914636829929108e-01 -3.553763340874011023e-01 -4.487872314621525471e-01 -5.606341519105501048e-01 -6.934806616812981828e-01 -8.446826132658554753e-01 -9.994311309502728058e-01 -1.126251382939134071e+00 -1.185256979732079996e+00 -1.150611606541984244e+00 -1.028891566096829635e+00 -8.536532369464873149e-01 -6.622536150172539937e-01 -4.780210965148918301e-01 -3.082685941352885650e-01 -1.508389954707334002e-01
-5.599832085438363055e-02 -1.140830593802813070e-01 -1.764734097357044118e-01 -2.456691679966607200e-01 -3.246312044048560996e-01 -4.170112535773192186e-01 -5.273988274413821120e-01 -6.612710263247260079e-01 -8.234461409386412134e-01 -1.012633669815049764e+00 -1.211197413544753188e+00 -1.377588860214747246e+00 -1.457013090484525542e+00 -1.413419286318624568e+00 -1.256187345136520861e+00 -1.032215999476434165e+00 -7.924369200867042995e-01 -5.669256167067611152e-01 -3.633585669439516885e-01 -1.771900151630554643e-01
-6.229148884936670100e-02 -1.268056113310302713e-01 -1.959102262260888072e-01 -2.722849688638800947e-01 -3.591364580896370118e-01 -4.604958713595402875e-01 -5.815879748958263651e-01 -7.289354748421534858e-01 -9.087746970410859326e-01 -1.120781975407568742e+00 -1.345766045898693974e+00 -1.536075344905374340e+00 -1.627674700004877240e+00 -1.578128741649674760e+00 -1.398579808615391329e+00 -1.144259078884224401e+00 -8.744708224109490891e-01 -6.233157448984645299e-01 -3.985503072932218838e-01 -1.941143703680758559e-01
-6.636202406747392091e-02 -1.349376674291988820e-01 -2.080767954184230828e-01 -2.884221788422978716e-01 -3.791126816504427066e-01 -4.840648722292058559e-01 -6.083202010891530787e-01 -7.581256875439289500e-01 -9.393549241347773915e-01 -1.151347720910514072e+00 -1.374886215824085989e+00 -1.562891219286075994e+00 -1.652351803794196217e+00 -1.601567530970753328e+00 -1.421461554254236592e+00 -1.166292958296469617e+00 -8.944628837849872838e-01 -6.397739186910964548e-01 -4.102099227370729073e-01 -2.001430225406904684e-01
-6.821894152267640732e-02 -1.385062340684786175e-01 -2.130369938410838770e-01 -2.942124788278332459e-01 -3.848067177130225502e-01 -4.881530800645249024e-01 -6.083353475881967398e-01 -7.500819315719582381e-01 -9.172416179139827319e-01 -1.107622607358738520e+00 -1.303452102717921557e+00 -1.464505772480025003e+00 -1.538413097526054374e+00 -1.490866890178448534e+00 -1.330718617187694797e+00 -1.102549252470530261e+00 -8.551553169930984355e-01 -6.179548223692371556e-01 -3.992620515026262806e-01 -1.956901974206176342e-01
-6.800750972223992830e-02 -1.378313310843895245e-01 -2.113523841423518845e-01 -2.905827061452953552e-01 -3.777335404370073535e-01 -4.752745881905293124e-01 -5.859270692748023146e-01 -7.123474911435203616e-01 -8.557617898455944783e-01 -1.012254938738548660e+00 -1.166603696274914004e+00 -1.288541270951203632e+00 -1.340625987790287299e+00 -1.298803772607749041e+00 -1.169081989088376794e+00 -9.826127463806995088e-01 -7.746164928145687911e-01 -5.679450537939376709e-01 -3.709033400536186909e-01 -1.829451999323230826e-01
-6.597976759164579652e-02 -1.334591957180961685e-01 -2.039584598281375116e-01 -2.790316876959890169e-01 -3.602617292990146769e-01 -4.492116713492537161e-01 -5.472713954152180760e-01 -6.552319095676688576e-01 -7.721926646118668636e-01 -8.932513243308152218e-01 -1.006251579710020216e+00 -1.090498379001322293e+00 -1.122169282772088605e+00 -1.086390961779539532e+00 -9.866661618819457802e-01 -8.421137308497647078e-01 -6.754310258329281336e-01 -5.029016256304021937e-01 -3.321830770070338112e-01 -1.649581594295076170e-01
-6.245236662194848104e-02 -1.260672245633660815e-01 -1.919905555513133355e-01 -2.613235469375268516e-01 -3.350664592253400076e-01 -4.140080953833544797e-01 -4.985120981500751336e-01 -5.881061405448336776e-01 -6.807137015626086862e-01 -7.713995514921477836e-01 -8.509977076255564876e-01 -9.061391779334717622e-01 -9.226893439020673604e-01 -8.921289673470970127e-01 -8.162797319693729792e-01 -7.059387033070617656e-01 -5.747641258846089007e-01 -4.337611717870260009e-01 -2.894285250969761414e-01 -1.446074372945764797e-01
-5.776247533379635923e-02 -1.163667824369018222e-01 -1.766129885642031827e-01 -2.392053904051197610e-01 -3.046713292787346372e-01 -3.732322561637479996e-01 -4.445977185781168073e-01 -5.176429721254104388e-01 -5.899339757330519518e-01 -6.571377673856841906e-01 -7.126143478290488664e-01 -7.478986346930385221e-01 -7.547749314155961509e-01 -7.284692601155825509e-01 -6.698667711641380640e-01 -5.848867905514794074e-01 -4.815754894240777406e-01 -3.672172424245129241e-01 -2.469890282468231169e-01 -1.240119818270744301e-01
-5.223075278220780382e-02 -1.050244424715848363e-01 -1.588892273633469854e-01 -2.142136770971975190e-01 -2.711809399046309910e-01 -3.296494798205232279e-01 -3.889877434291035274e-01 -4.478553215098459162e-01 -5.039442826025158917e-01 -5.537528932940212201e-01 -5.925790563025806756e-01 -6.150339320772145735e-01 -6.162634282376941997e-01 -5.935360051414277915e-01 -5.472742562710641856e-01 -4.807779710546333796e-01 -3.988624821307493740e-01 -3.063650471312497348e-01 -2.072562152034362060e-01 -1.044439065766584879e-01
-4.613609357623522228e-02 -9.261100937256479260e-02 -1.397058040238310928e-01 -1.875791504298039425e-01 -2.361892276782171785e-01 -2.851965407233002514e-01 -3.338455442093071213e-01 -3.808317840158626510e-01 -4.241801777420181607e-01 -4.611937758980640956e-01 -4.885751946040995386e-01 -5.028358354079270898e-01 -5.010124260568422638e-01 -4.814791169213071820e-01 -4.444450558458936662e-01 -3.918325315129356223e-01 -3.266261379957448030e-01 -2.520914051060468286e-01 -1.712191127155545667e-01 -8.650603664271974691e-02
-3.970261231443522609e-02 -7.957769794945027120e-02 -1.197438308481315328e-01 -1.602078950964247461e-01 -2.008002765877038853e-01 -2.411018525457237216e-01 -2.803657063163582097e-01 -3.174440690763069561e-01 -3.507432240664072887e-01 -3.782449531909554685e-01 -3.976446391200376684e-01 -4.066437353808743937e-01 -4.033740402752946652e-01 -3.868310695888850237e-01 -3.571284951530078189e-01 -3.154452264089482316e-01 -2.637034295265047734e-01 -2.041507367454054589e-01 -1.390217102251945780e-01 -7.036093371699635168e-02
-3.309665808007259541e-02 -6.625334144781373780e-02 -9.948392821472322456e-02 -1.327083261652869661e-01 -1.657021336584515170e-01 -1.980448830734781451e-01 -2.290713198472808521e-01 -2.578353499310397368e-01 -2.831028897358770502e-01 -3.033958602812054095e-01 -3.171096492896996466e-01 -3.227121658074653121e-01 -3.189986301009548608e-01 -3.053328964931720790e-01 -2.817856598314060212e-01 -2.491126671893301170e-01 -2.085900610122943810e-01 -1.617859171194836188e-01 -1.103559436641750602e-01 -5.591596751854088082e-02
-2.643067983816365166e-02 -5.285508314906943450e-02 -7.923021839603533456e-02 -1.054393510569407721e-01 -1.312550539418094186e-01 -1.563042305455343006e-01 -1.800393418669728463e-01 -2.017231094066245789e-01 -2.204370650756637684e-01 -2.351257685446529466e-01 -2.446855348037952627e-01 -2.480959899375567712e-01 -2.445745972505303789e-01 -2.337154494346327382e-01 -2.155680256806167538e-01 -1.906294213752678657e-01 -1.597581081178661988e-01 -1.240468911641424976e-01 -8.470017229125433034e-02 -4.294699211098339936e-02
-1.977097933762808277e-02 -3.950609423452330904e-02 -5.914251355959188050e-02 -7.856380933882450845e-02 -9.757450384009060118e-02 -1.158776486481209317e-01 -1.330587127060795238e-01 -1.485806856074737836e-01 -1.617964942272283879e-01 -1.719846082652308761e-01 -1.784107112312452170e-01 -1.804116269961945629e-01 -1.774882731740685671e-01 -1.693862351784202747e-01 -1.561415417171912179e-01 -1.380788689668022984e-01 -1.157660542567038736e-01 -8.994336765703342396e-02 -6.145086295743577148e-02 -3.117183019429293697e-02
-1.314714421343183941e-02 -2.625580279142374768e-02 -3.926993430515512973e-02 -5.209887058358660811e-02 -6.460150671147608936e-02 -7.657315027039521271e-02 -8.773717859893082061e-02 -9.774443041244956776e-02 -1.061836216982516429e-01 -1.126054624016804562e-01 -1.165610783780614834e-01 -1.176515354178987172e-01 -1.155806364096914618e-01 -1.101996784117634937e-01 -1.015330391922342201e-01 -8.977846130268528346e-02 -7.528387408778944301e-02 -5.850966365953422926e-02 -3.998808368078534542e-02 -2.028946622625404927e-02
-6.561795415196749852e-03 -1.310003711644803191e-02 -1.958255070792857405e-02 -2.596023091669741323e-02 -3.215950170385713930e-02 -3.807626855620161593e-02 -4.357242139726467955e-02 -4.847623815613273657e-02 -5.258810060218518934e-02 -5.569254214902649019e-02 -5.757660519580818509e-02 -5.805280017056577840e-02 -5.698305991104361812e-02 -5.429880357160489501e-02 -5.001247659654226019e-02 -4.421806373615243951e-02 -3.708131718260871540e-02 -2.882333072147381242e-02 -1.970234154978157265e-02 -9.997952110010109583e-03
