-2.985907693155202547e-01 -3.918357521267436527e-01 -3.578691982214937117e-01 -2.709586273919479815e-01 -1.846188885905145349e-01 -1.207679543961077684e-01 -7.956622670957941290e-02 -5.407577249498616428e-02 -3.806892815242541445e-02 -2.762687471674811143e-02 -2.053170408690046037e-02 -1.553041215913132829e-02 -1.188848630375196821e-02 -9.156296333776828625e-03 -7.047294505848899181e-03 -5.371948814157919555e-03 -4.000255138924430423e-03 -2.839535002000256967e-03 -1.820719534557735039e-03 -8.894609807849307133e-04
-4.143012681011031262e-01 -5.639959554644849993e-01 -5.337254002687840115e-01 -4.207080407759521412e-01 -2.997942342195701881e-01 -2.050328618754277965e-01 -1.403226359016465918e-01 -9.814259215206859455e-02 -7.050554512011895925e-02 -5.190028642309765100e-02 -3.896904248550186328e-02 -2.970143011823208126e-02 -2.286723474328344538e-02 -1.768940357531358781e-02 -1.366093052306921983e-02 -1.044024363138905398e-02 -7.789535038088665243e-03 -5.537164103452660302e-03 -3.553881739730411094e-03 -1.737124192982162849e-03
-3.992488902718531185e-01 -5.628515523270659626e-01 -5.530481599464903697e-01 -4.554957592745947359e-01 -3.409984335173885106e-01 -2.451378715480607706e-01 -1.753933056661002299e-01 -1.271314043535035077e-01 -9.384161088932259365e-02 -7.049298097535174057e-02 -5.374225189778120831e-02 -4.143900230679380126e-02 -3.218961687985955056e-02 -2.507315000340192696e-02 -1.946677772822870758e-02 -1.493855677731944012e-02 -1.118047494308085053e-02 -7.965703314723840064e-03 -5.120518877068269692e-03 -2.505153739671128581e-03
-3.146189505621304616e-01 -4.623901639491370119e-01 -4.753964404985139836e-01 -4.123823601732237165e-01 -3.266499959622244931e-01 -2.482349775529803793e-01 -1.865452297943536453e-01 -1.407350813279054091e-01 -1.071834249116018767e-01 -8.248259740493088521e-02 -6.406759653329853477e-02 -5.012268673321224055e-02 -3.937907714164776835e-02 -3.094679994360658923e-02 -2.419446953545472540e-02 -1.866672743847173563e-02 -1.402810259364550144e-02 -1.002465380269394399e-02 -6.457336243421572981e-03 -3.162971656226134728e-03
-2.182165961347908856e-01 -3.370933384572937230e-01 -3.656629624628123798e-01 -3.364823522544727052e-01 -2.833806558091425121e-01 -2.282327550266191885e-01 -1.803919352826692801e-01 -1.418385545486485488e-01 -1.116433414883765823e-01 -8.818335420870097863e-02 -6.992262241750946128e-02 -5.560505543140745188e-02 -4.425720241239740338e-02 -3.514049909231554275e-02 -2.769756986456508793e-02 -2.150577808473871227e-02 -1.624055251797209068e-02 -1.164747209545438991e-02 -7.521200458348009307e-03 -3.689395749421425352e-03
-1.419150289276565891e-01 -2.313020761857469132e-01 -2.657237019458555949e-01 -2.598804711437996406e-01 -2.325737937484461115e-01 -1.980958027991399639e-01 -1.643187657103332977e-01 -1.344766299799533271e-01 -1.093542443737510750e-01 -8.868350521836936007e-02 -7.183437932581920871e-02 -5.811770009585177227e-02 -4.690417220193341535e-02 -3.766041970951222034e-02 -2.994952778229219639e-02 -2.341825916278383532e-02 -1.778085620209746143e-02 -1.280348054787283120e-02 -8.290595873227864579e-03 -4.073410197917648815e-03
-9.149464271002034910e-02 -1.566668317910247799e-01 -1.899224706899889370e-01 -1.964617358946529890e-01 -1.857153913841033399e-01 -1.663070023247626428e-01 -1.440980164989509871e-01 -1.223588912463485223e-01 -1.026088610574408810e-01 -8.536158475506093468e-02 -7.061365141207893992e-02 -5.812718510148506823e-02 -4.758136158341613742e-02 -3.864747245274083309e-02 -3.102185695426180889e-02 -2.443687111819100796e-02 -1.866113066255430109e-02 -1.349499532386182026e-02 -8.764290304220536884e-03 -4.313646362104481789e-03
-6.060392883331595232e-02 -1.078786616739152715e-01 -1.367265711044888810e-01 -1.482177996700066447e-01 -1.466974595458265807e-01 -1.370763952185320711e-01 -1.233531838444256040e-01 -1.082428587380603741e-01 -9.335953553515913272e-02 -7.954019837486808742e-02 -6.713144195499005928e-02 -5.619602044514538514e-02 -4.664660832990021044e-02 -3.832624351686397812e-02 -3.105354960739686865e-02 -2.464623341418985605e-02 -1.893179720598301211e-02 -1.375107727345538031e-02 -8.957918892986024145e-03 -4.416882368763091690e-03
-4.172976571258045497e-02 -7.634444008288160388e-02 -1.000929266844693133e-01 -1.125775313527551669e-01 -1.156214863947023913e-01 -1.119010888133534082e-01 -1.039849823578424676e-01 -9.389804332257416231e-02 -8.304598864916433454e-02 -7.230820224626598181e-02 -6.217589214132268616e-02 -5.287883862802775226e-02 -4.448280188019601566e-02 -3.695733411426833231e-02 -3.021985800973068029e-02 -2.416271139104315263e-02 -1.866874496457965674e-02 -1.361959370490611367e-02 -8.899421320320224579e-03 -4.395960218565204969e-03
-2.977840854693205794e-02 -5.550459452045350406e-02 -7.460678827463153306e-02 -8.631815953831274701e-02 -9.128660527313950390e-02 -9.091462749773293606e-02 -8.678607257152884391e-02 -8.031807550718073063e-02 -7.261812950427164182e-02 -6.447071880475788164e-02 -5.638507829732941623e-02 -4.866063428943284697e-02 -4.144841894295329954e-02 -3.480042435272705931e-02 -2.870583052356135215e-02 -2.311600558380526999e-02 -1.796087478813615523e-02 -1.315912837278160330e-02 -8.624207787289365698e-03 -4.267533463411861405e-03
-2.185792068328735668e-02 -4.126966053593932732e-02 -5.649854717772496981e-02 -6.679507472157579506e-02 -7.228956167142862321e-02 -7.368397708180260408e-02 -7.192642534993583248e-02 -6.797001789301299057e-02 -6.263772108963236440e-02 -5.657145613689070623e-02 -5.023306432329636972e-02 -4.393019399610968712e-02 -3.784980913681242065e-02 -3.209010487108819587e-02 -2.668702843768416128e-02 -2.163460119348992877e-02 -1.689961920380393320e-02 -1.243183484940846295e-02 -8.170743698487286516e-03 -4.049963262208783506e-03
-1.638181532766339737e-02 -3.121597133605932481e-02 -4.332157436246621141e-02 -5.207346887989503653e-02 -5.739236827330464891e-02 -5.960522511789545508e-02 -5.926561095576923788e-02 -5.699783900389671087e-02 -5.339126881039705369e-02 -4.894431427289306497e-02 -4.404552099231526935e-02 -3.897726158636787702e-02 -3.393051150815997591e-02 -2.902314797302138830e-02 -2.431757005883457626e-02 -1.983574818114955396e-02 -1.557116366215158948e-02 -1.149784611199674428e-02 -7.576965968059727607e-03 -3.761572726011988294e-03
-1.245325302409158036e-02 -2.389072997908098239e-02 -3.349823640407130487e-02 -4.078481758493933407e-02 -4.560119865826867125e-02 -4.807893356567369270e-02 -4.853294591231577942e-02 -4.736444821470731786e-02 -4.498519186709120515e-02 -4.176900229512305746e-02 -3.802743775832579526e-02 -3.400281390212125249e-02 -2.987181939047611062e-02 -2.575439571963876809e-02 -2.172434939044923935e-02 -1.781965158109000483e-02 -1.405144033458310439e-02 -1.041141722881052008e-02 -6.877697962323363681e-03 -3.419359786129572750e-03
-9.540460072191747978e-03 -1.839545169692153107e-02 -2.599581534885002376e-02 -3.196635988684110030e-02 -3.614866812210623670e-02 -3.857635953756503172e-02 -3.942278434329037073e-02 -3.894181080096927039e-02 -3.741604101920224107e-02 -3.511906113307717431e-02 -3.229240858318310065e-02 -2.913473070960213851e-02 -2.579954811754946176e-02 -2.239825651474555701e-02 -1.900577227364443414e-02 -1.566706414393287394e-02 -1.240352507575074453e-02 -9.218681702544211445e-03 -6.103045892727610236e-03 -3.038165585422656322e-03
-7.313134917183289167e-03 -1.415479906915203569e-02 -2.012320966162344654e-02 -2.493613276239456042e-02 -2.845074951749521769e-02 -3.065504692301657119e-02 -3.164001715200240317e-02 -3.156396378358274080e-02 -3.061809459730194943e-02 -2.899878617212672816e-02 -2.688839778611566353e-02 -2.444414526599285667e-02 -2.179337845792345824e-02 -1.903330244934883439e-02 -1.623341436031889087e-02 -1.343930195364264647e-02 -1.067691191089410047e-02 -7.956734640292372970e-03 -5.277635078010638019e-03 -2.630254032329654417e-03
-5.557280443479651819e-03 -1.078740004120847321e-02 -1.540608814717416529e-02 -1.920420826977473072e-02 -2.206314517353535204e-02 -2.395305780032212783e-02 -2.491826975064161814e-02 -2.505592790615096543e-02 -2.449358154747398666e-02 -2.336958502020093295e-02 -2.181824431526669869e-02 -1.996006989808482915e-02 -1.789651223636253702e-02 -1.570815661301364421e-02 -1.345527567077142370e-02 -1.117981347829589446e-02 -8.908083513154699956e-03 -6.653706319714155874e-03 -4.420503030146513863e-03 -2.205213283245994506e-03
-4.128587757751220680e-03 -8.031432831771637484e-03 -1.150953290678098997e-02 -1.441146350836042776e-02 -1.664456070350877476e-02 -1.817576521345844187e-02 -1.902407221921735211e-02 -1.924789089011917989e-02 -1.893071213483359799e-02 -1.816771963686494157e-02 -1.705491830008167703e-02 -1.568137117102950603e-02 -1.412444036909394837e-02 -1.244753159224850497e-02 -1.069971498378696588e-02 -8.916590399041659371e-03 -7.121899797611185544e-03 -5.329501167775991394e-03 -3.545455624576400889e-03 -1.770094477131618988e-03
-2.925638411787149021e-03 -5.700211237308718849e-03 -8.189145490964456695e-03 -1.028754914028996020e-02 -1.192786524862200596e-02 -1.308136699302334463e-02 -1.375435923004389611e-02 -1.398084681157079831e-02 -1.381364989580917413e-02 -1.331565615217791820e-02 -1.255233171946240796e-02 -1.158605304344259047e-02 -1.047234281318398623e-02 -9.257813308577268058e-03 -7.979459922026458166e-03 -6.664930065174992473e-03 -5.333422009731365009e-03 -3.996940971991654740e-03 -2.661723292354438355e-03 -1.329709227542687049e-03
-1.873754961814397702e-03 -3.654627902431721066e-03 -5.259286393903924405e-03 -6.621719226097557212e-03 -7.697980808288639246e-03 -8.467475267904991942e-03 -8.931149190841229310e-03 -9.107483674745829941e-03 -9.027380732842553782e-03 -8.728918584607803580e-03 -8.252695949272467052e-03 -7.638163363987436442e-03 -6.921062781948806447e-03 -6.131915725723340732e-03 -5.295376860023742402e-03 -4.430243702376606037e-03 -3.549914065993012204e-03 -2.663116277584098596e-03 -1.774788845040143346e-03 -8.870188777399107532e-04
-9.147534051714306148e-04 -1.785258313478591029e-03 -2.571651081471082369e-03 -3.242058216242647405e-03 -3.774860912185756291e-03 -4.159403581505815607e-03 -4.395277436933792484e-03 -4.490557639715203608e-03 -4.459469381420394160e-03 -4.319939212863145583e-03 -4.091368939108798279e-03 -3.792840028497424919e-03 -3.441827778813528159e-03 -3.053407461903946685e-03 -2.639884447201160111e-03 -2.210750727705690886e-03 -1.772872043969483426e-03 -1.330821601160541746e-03 -8.872968983774199648e-04 -4.435787020399145652e-04
