-9.643864854053196475e-03 -1.945027279528404110e-02 -2.957229592885873143e-02 -4.014168058382480697e-02 -5.125205295089596547e-02 -6.293471977607466294e-02 -7.512488503617922864e-02 -8.761796083219880460e-02 -1.000196449844746871e-01 -1.117013172479842387e-01 -1.217839156928038763e-01 -1.291841089086538941e-01 -1.327535266742760622e-01 -1.315072976819141592e-01 -1.248744943177619582e-01 -1.128557992931478321e-01 -9.600404085196770354e-02 -7.524589557838498588e-02 -5.165074819080000407e-02 -2.625632806760485466e-02
-1.912519554597753163e-02 -3.858493752185102044e-02 -5.869724445452396966e-02 -7.974237842021436595e-02 -1.019318295896619736e-01 -1.253619545007959024e-01 -1.499468655002206552e-01 -1.753273036396622020e-01 -2.007591948670051085e-01 -2.250013185872675459e-01 -2.462490980251978712e-01 -2.621965045114769133e-01 -2.703185358476370981e-01 -2.683958934089227810e-01 -2.551298155348149521e-01 -2.305409682033572882e-01 -1.959124524817516533e-01 -1.533279579754190936e-01 -1.051005328997792060e-01 -5.337451639235099576e-02
-2.827199181695948943e-02 -5.706705355635727922e-02 -8.688938245570985985e-02 -1.181987814763375000e-01 -1.513709509069654513e-01 -1.866344297426292265e-01 -2.239733246876491612e-01 -2.629849999322256826e-01 -3.026875002566125072e-01 -3.412916872881121555e-01 -3.760031169435085197e-01 -4.030088394403443242e-01 -4.178857098229689093e-01 -4.165740588492305996e-01 -3.966561795696831871e-01 -3.582281453344834943e-01 -3.037560729505992541e-01 -2.370442856915878360e-01 -1.620461876514619759e-01 -8.214056593928807659e-02
-3.689572567287312949e-02 -7.452191981823635958e-02 -1.135944624082932397e-01 -1.547924232118085830e-01 -1.987187790709133706e-01 -2.458314884749892293e-01 -2.963268037103561903e-01 -3.499503334662102949e-01 -4.057061476891408169e-01 -4.614441724839047354e-01 -5.133737049122072404e-01 -5.557534991048181938e-01 -5.813129791120595913e-01 -5.829424001892645757e-01 -5.562931594285934755e-01 -5.016685127903548480e-01 -4.236789291602823249e-01 -3.289798029956578773e-01 -2.238781089316530803e-01 -1.131364629267408717e-01
-4.478900986862908995e-02 -9.053044478625311975e-02 -1.381741461488403266e-01 -1.886576748492048705e-01 -2.428802633001903022e-01 -3.016458172206061272e-01 -3.655507419749708387e-01 -4.347741904624096154e-01 -5.086958668360768154e-01 -5.852257490576675547e-01 -6.597722321385582900e-01 -7.241681389223031395e-01 -7.667479814407559546e-01 -7.751542339745507437e-01 -7.415671402271372115e-01 -6.667715923332944161e-01 -5.593720448502823572e-01 -4.309249757340961606e-01 -2.912254185466170986e-01 -1.464972316064712954e-01
-5.172987740603327694e-02 -1.046367277399694873e-01 -1.599140062203003032e-01 -2.187838765419079512e-01 -2.824987372905591876e-01 -3.523201069475992986e-01 -4.294500619650610251e-01 -5.148588728524865488e-01 -6.088699115541582607e-01 -7.101946445238525030e-01 -8.140061932192471650e-01 -9.092951416491048544e-01 -9.778278517654710456e-01 -9.985555509939250118e-01 -9.576749791267196166e-01 -8.569267176225545679e-01 -7.119454805847471590e-01 -5.423795210984109216e-01 -3.630486405672175287e-01 -1.814941951452530011e-01
-5.749378728075452138e-02 -1.163726074167360930e-01 -1.780613080482310873e-01 -2.440650998268393823e-01 -3.160105391940160047e-01 -3.956835055769695186e-01 -4.850499304223028774e-01 -5.862034771741747585e-01 -7.010324010299638919e-01 -8.299993008877595280e-01 -9.689765330898222340e-01 -1.104013917111226428e+00 -1.208029504469446458e+00 -1.247230310410723408e+00 -1.198759455064500656e+00 -1.065916653279299853e+00 -8.750888446345947980e-01 -6.577366833600740703e-01 -4.352365821539331270e-01 -2.159840978691830449e-01
-6.187268098503330427e-02 -1.252986308750459743e-01 -1.918935591032842336e-01 -2.634046895959318846e-01 -3.417943430454066234e-01 -4.293475166676904986e-01 -5.288100580040476784e-01 -6.435211661235628045e-01 -7.772776303459897340e-01 -9.329676987106582109e-01 -1.108036347997779281e+00 -1.285995217806976676e+00 -1.429920585537980626e+00 -1.490944424118728406e+00 -1.435264293073362563e+00 -1.268141297350576790e+00 -1.029027116605291337e+00 -7.632963770149465699e-01 -4.994379262134819308e-01 -2.460665233208604030e-01
-6.469830914719811032e-02 -1.310557095581512677e-01 -2.008096471083062606e-01 -2.758657503218642226e-01 -3.584137057499371393e-01 -4.510906613545703214e-01 -5.572199048118594567e-01 -6.811140638626842492e-01 -8.281506418200522690e-01 -1.003365854101329724e+00 -1.205843641810896427e+00 -1.417441979240529504e+00 -1.593393086920908308e+00 -1.672343742482614637e+00 -1.611306491067695523e+00 -1.417222391350824173e+00 -1.140532110275673139e+00 -8.381006604734351217e-01 -5.439937692005017977e-01 -2.666426800212115533e-01
-6.586485261619579035e-02 -1.334162551338844149e-01 -2.044235981803713131e-01 -2.808349344435271955e-01 -3.649026650708997455e-01 -4.593646561875762147e-01 -5.677157750100931821e-01 -6.945691575298149623e-01 -8.458074452285603284e-01 -1.027175861684251457e+00 -1.238330197065904859e+00 -1.460645192156027949e+00 -1.646834377018507212e+00 -1.731471418711071575e+00 -1.668556764165955553e+00 -1.465589303530830056e+00 -1.176621363931773967e+00 -8.622670578339436398e-01 -5.583768005787012045e-01 -2.732854246280861377e-01
-6.534483009904912265e-02 -1.323208584391077081e-01 -2.026335799600897936e-01 -2.781476624464821468e-01 -3.609958228390625079e-01 -4.537307778219033527e-01 -5.595438490042560220e-01 -6.825339435768801311e-01 -8.277397671052360018e-01 -9.997383551827511150e-01 -1.197244230858262926e+00 -1.402390028627436003e+00 -1.571913346253831056e+00 -1.646904185666298925e+00 -1.586185812241909243e+00 -1.396374253942403998e+00 -1.125759389457565707e+00 -8.289792336105622494e-01 -5.390609897383175086e-01 -2.645407463054150199e-01
-6.319359730804571806e-02 -1.278887642522390788e-01 -1.956422077500957202e-01 -2.681262852248433859e-01 -3.472008707605179767e-01 -4.350030168020400656e-01 -5.340555500931443156e-01 -6.473524397877367109e-01 -7.781698074224191464e-01 -9.287264868697050479e-01 -1.095977928361914211e+00 -1.263934341251649274e+00 -1.397975033364995623e+00 -1.452864948784393206e+00 -1.397468989182722998e+00 -1.236579960149257529e+00 -1.006493110232694388e+00 -7.492716030692903040e-01 -4.918038859169789889e-01 -2.428015749013253677e-01
-5.954078826189253965e-02 -1.203983993725551843e-01 -1.839202346132427501e-01 -2.515143899407512595e-01 -3.246775553019226601e-01 -4.050148313267099009e-01 -4.942339863881945461e-01 -5.940566444873125462e-01 -7.058551913358223073e-01 -8.294903499226600196e-01 -9.604779900518282121e-01 -1.085481864702632970e+00 -1.179673628896468429e+00 -1.212649060490758046e+00 -1.163999707107455928e+00 -1.036615615206515351e+00 -8.540118836716705797e-01 -6.445662955852907716e-01 -4.280768851184765800e-01 -2.129376490155123203e-01
-5.457116293734319556e-02 -1.102438348896930681e-01 -1.681259787427852315e-01 -2.293335224642456260e-01 -2.949797682636423612e-01 -3.661399415128182566e-01 -4.437659382399493646e-01 -5.284977532049793814e-01 -6.202501458860988359e-01 -7.173243971602156765e-01 -8.147423680931563661e-01 -9.020864242796592380e-01 -9.628388784995923766e-01 -9.783694144596150055e-01 -9.365840831627374463e-01 -8.389643602266092515e-01 -6.991784972105526963e-01 -5.346931220968015319e-01 -3.591275810705985561e-01 -1.799413969765443766e-01
-4.850004513552010066e-02 -9.787983031782761245e-02 -1.490063717582585656e-01 -2.027140005416565305e-01 -2.597679483836061731e-01 -3.207974922827462883e-01 -3.861763490886874761e-01 -4.558129948931803899e-01 -5.287901828700418694e-01 -6.027695056605071322e-01 -6.731329443938837143e-01 -7.321710365157941824e-01 -7.693155734119220268e-01 -7.736502915569084537e-01 -7.383503875761915358e-01 -6.640781691693594668e-01 -5.583390579081666250e-01 -4.314220465119439907e-01 -2.923790002296836610e-01 -1.473590662570223309e-01
-4.154920124098583634e-02 -8.376910071618602627e-02 -1.273057085875600458e-01 -1.727481992369556407e-01 -2.205805186386899652e-01 -2.711052794996685056e-01 -3.243246281553254229e-01 -3.797584952573935801e-01 -4.361799459979029403e-01 -4.912620312893370977e-01 -5.411955596800279711e-01 -5.805044890668370483e-01 -6.025114516850506030e-01 -6.008504046434590684e-01 -5.716801897702447066e-01 -5.152657796096117293e-01 -4.357016082316687022e-01 -3.390321941358501179e-01 -2.312126158247264918e-01 -1.170210036056931885e-01
-3.392766898684164423e-02 -6.834167552420607195e-02 -1.036991819781541008e-01 -1.403925856680344475e-01 -1.787006517718865151e-01 -2.187183977898984888e-01 -2.602575076099257756e-01 -3.027102968333668653e-01 -3.448779146381660832e-01 -3.847833765388929406e-01 -4.195344205712622787e-01 -4.453719283555577224e-01 -4.580919612968911148e-01 -4.539339090230198326e-01 -4.306930358768977785e-01 -3.884667022043812312e-01 -3.295423268303105946e-01 -2.575301848810008787e-01 -1.763351194717853176e-01 -8.949233875675319250e-02
-2.581979890516642243e-02 -5.197076282644250145e-02 -7.875676229971176334e-02 -1.064223271584377739e-01 -1.351111107307740589e-01 -1.648101665151359696e-01 -1.952765884999801971e-01 -2.259463425722909591e-01 -2.558331080638874822e-01 -2.834400523623354373e-01 -3.067312195950020470e-01 -3.232342147008350763e-01 -3.303456007537984851e-01 -3.258405919462137867e-01 -3.084420014850673963e-01 -2.781841405438257864e-01 -2.363706508594153599e-01 -1.851692085399867238e-01 -1.270920608079090242e-01 -6.461006178455813709e-02
-1.738076430737057684e-02 -3.496482265119581906e-02 -5.293478612512932807e-02 -7.142886840418699590e-02 -9.051131816541532760e-02 -1.101345915668825864e-01 -1.300923520500232022e-01 -1.499652910944891948e-01 -1.690675453396527361e-01 -1.864102157445538255e-01 -2.007094776257107305e-01 -2.104732784077988361e-01 -2.141908668690906681e-01 -2.106094350066868570e-01 -1.990200737631978578e-01 -1.794352373274589463e-01 -1.525748046458856311e-01 -1.196788694157015498e-01 -8.225228757059765972e-02 -4.185547073252849498e-02
-8.738438178218023086e-03 -1.757298977365871762e-02 -2.658870908294926061e-02 -3.584707192177645496e-02 -4.537073339436065861e-02 -5.512456607731201774e-02 -6.499296001574733639e-02 -7.475494043683214573e-02 -8.406151814553775026e-02 -9.242358401348498009e-02 -9.922257968694693508e-02 -1.037572143047988255e-01 -1.053328934581462401e-01 -1.033833505679248865e-01 -9.759088013257558036e-02 -8.795990556794655579e-02 -7.481337741652525908e-02 -5.871872242627151212e-02 -4.038263033988082062e-02 -2.055952321741368743e-02
