-2.114299048910924395e-03 -4.266120642806213621e-03 -6.492327880829497008e-03 -8.828221351284411961e-03 -1.130611420634003612e-02 -1.395305085406586647e-02 -1.678722898157604046e-02 -1.981260391092697082e-02 -2.301104223770269672e-02 -2.633143850319843299e-02 -2.967546008701017410e-02 -3.288036373721709565e-02 -3.570101111301381830e-02 -3.779616806246039601e-02 -3.872864510780481273e-02 -3.799384760979229031e-02 -3.509365896072734470e-02 -2.966560929337627717e-02 -2.165305939137474739e-02 -1.146054966568307333e-02
-4.191075007577655352e-03 -8.457854647213467608e-03 -1.287496889556377817e-02 -1.751444211379523178e-02 -2.244318510501627437e-02 -2.771885899924175778e-02 -3.338326168494266249e-02 -3.945214377742961576e-02 -4.590012495970439976e-02 -5.263925107671424408e-02 -5.949003581478289060e-02 -6.614498223192522008e-02 -7.212751029826873495e-02 -7.675500966110347656e-02 -7.912454409368330221e-02 -7.815302320764280775e-02 -7.271502468050043688e-02 -6.191542946170992129e-02 -4.548566570396205683e-02 -2.418868932001541627e-02
-6.192145220641423128e-03 -1.249925254374891284e-02 -1.903524941459481395e-02 -2.591139172505749211e-02 -3.323332382137897389e-02 -4.109593821034121519e-02 -4.957481278014386900e-02 -5.871258360217945782e-02 -6.849806025060406478e-02 -7.883540202363886751e-02 -8.950044683827154679e-02 -1.000820153866006507e-01 -1.099090249634428057e-01 -1.179717563744767939e-01 -1.228612471679674106e-01 -1.227778532996467858e-01 -1.156959377406947959e-01 -9.979153779858476736e-02 -7.417991064146219060e-02 -3.980247397828966943e-02
-8.078252408494497952e-03 -1.631175925118938039e-02 -2.485538265144220105e-02 -3.386254979576650698e-02 -4.348277896100118806e-02 -5.385675412442212512e-02 -6.510746582151219486e-02 -7.732531425194899555e-02 -9.054412606478397241e-02 -1.047038473599346958e-01 -1.195943281861071988e-01 -1.347735908041184094e-01 -1.494547143199273509e-01 -1.623611564465908264e-01 -1.715682902740695015e-01 -1.743928181109606623e-01 -1.674783686490128320e-01 -1.473351386281493147e-01 -1.115828805541403124e-01 -6.077912370070754494e-02
-9.809104063066540619e-03 -1.981414739507879330e-02 -3.021197107503668933e-02 -4.120064269718469452e-02 -5.297848595203030753e-02 -6.574082964659092032e-02 -7.967297706796776235e-02 -9.493707718570844334e-02 -1.116492773125256077e-01 -1.298415281607581684e-01 -1.493994119950581290e-01 -1.699631985179939075e-01 -1.907742893853682786e-01 -2.104453257076723260e-01 -2.266381927036830168e-01 -2.356816356107236665e-01 -2.323267594254817270e-01 -2.101791754710037041e-01 -1.635939893919972632e-01 -9.124827717714964481e-02
-1.134401587891855669e-02 -2.292375271298824693e-02 -3.497770997850094959e-02 -4.774956217642491174e-02 -6.148968861646157691e-02 -7.645509644176776143e-02 -9.290653012352402540e-02 -1.111007337335856021e-01 -1.312743724489677244e-01 -1.536135668876876803e-01 -1.781985268396613920e-01 -2.049048822208822673e-01 -2.332292603120297014e-01 -2.619809431499627306e-01 -2.887412704065477898e-01 -3.089853633938350330e-01 -3.150092520473513069e-01 -2.956439815515156666e-01 -2.387553456410531627e-01 -1.377771320060556803e-01
-1.264320457372767117e-02 -2.555913600112525927e-02 -3.902555151559520402e-02 -5.333020480585846240e-02 -6.877560637654862863e-02 -8.568333164686750547e-02 -1.043973058800195391e-01 -1.252849493415422177e-01 -1.487339046797536701e-01 -1.751398148013987854e-01 -2.048759652402507292e-01 -2.382257941025633652e-01 -2.752361432118002882e-01 -3.153886715253543804e-01 -3.568417680004831727e-01 -3.947981396927466857e-01 -4.188026392111575125e-01 -4.105236108723259170e-01 -3.463565754164308341e-01 -2.084171780232401683e-01
-1.366966515821779922e-02 -2.764403090842386390e-02 -4.223515391096549498e-02 -5.777009622747109052e-02 -7.459919708483346568e-02 -9.310531160317207788e-02 -1.137144058011815423e-01 -1.369078452121611778e-01 -1.632364737271397859e-01 -1.933357467739394708e-01 -2.279387897796157358e-01 -2.678768961327677167e-01 -3.140305527313325129e-01 -3.670924144681094181e-01 -4.266837623761211007e-01 -4.887736516283917587e-01 -5.404054359956390607e-01 -5.538586212696862132e-01 -4.883171644495695185e-01 -3.066101844065956539e-01
-1.439142161344383192e-02 -2.911216566579421725e-02 -4.450093336774947617e-02 -6.091582716813218057e-02 -7.874577045193692504e-02 -9.842430595766397949e-02 -1.204471521761522196e-01 -1.453955446594281942e-01 -1.739683811086410181e-01 -2.070277232853698079e-01 -2.456641608086508610e-01 -2.912886333434100417e-01 -3.457364948675468730e-01 -4.112320733397397121e-01 -4.895257483058240711e-01 -5.783603944868792590e-01 -6.630663552560640550e-01 -7.058342674953267393e-01 -6.453642629421404431e-01 -4.196209333146975751e-01
-1.478385216416269222e-02 -2.991227251620502334e-02 -4.574058355068866960e-02 -6.264650617261163790e-02 -8.104374841095608739e-02 -1.013989829193852749e-01 -1.242543444729353880e-01 -1.502587902362552130e-01 -1.802137566645952982e-01 -2.151422462907132127e-01 -2.563968569387033436e-01 -3.058306922036565512e-01 -3.660442822392574458e-01 -4.405622838644618344e-01 -5.330754777035627834e-01 -6.432120369818160599e-01 -7.554994613309889973e-01 -8.242727019098611274e-01 -7.711771094355918121e-01 -5.124922840015576631e-01
-1.483171144295329646e-02 -3.001248367155089428e-02 -4.590261904314971164e-02 -6.288586332324946904e-02 -8.138373049421804284e-02 -1.018735260594098579e-01 -1.249124435281646489e-01 -1.511715047672473611e-01 -1.814855708963484804e-01 -2.169301248955635142e-01 -2.589434919795781109e-01 -3.095247834311087853e-01 -3.715312163990913130e-01 -4.489331361657867836e-01 -5.461048955875459354e-01 -6.633756653974094419e-01 -7.850944400009568502e-01 -8.630116571618158261e-01 -8.129819420717299128e-01 -5.437698434605667819e-01
-1.453050591081924033e-02 -2.940332806045088676e-02 -4.497154180375947941e-02 -6.161059488287376484e-02 -7.973178134766767400e-02 -9.979894010544262950e-02 -1.223503900552525697e-01 -1.480292035098643433e-01 -1.776268566185044973e-01 -2.121486038345852254e-01 -2.529145681755691766e-01 -3.017175284986081119e-01 -3.610457224911269303e-01 -4.342227272671331240e-01 -5.246274663401789828e-01 -6.315708598537573826e-01 -7.396793660770876189e-01 -8.045152640930389731e-01 -7.504452473794208656e-01 -4.972542667557678375e-01
-1.388698181646659882e-02 -2.809877649349705117e-02 -4.296962191745649917e-02 -5.885319131438350448e-02 -7.613385477798711998e-02 -9.524005747932397237e-02 -1.166609648172514530e-01 -1.409680526806461609e-01 -1.688440128776251825e-01 -2.011223696020027207e-01 -2.388421797964729032e-01 -2.833205065994698346e-01 -3.362228298310308561e-01 -3.994802909546689151e-01 -4.744100386512764556e-01 -5.583580535278723778e-01 -6.369207563528327398e-01 -6.742281682452274660e-01 -6.130518529836234132e-01 -3.964120641720330074e-01
-1.291864243321592075e-02 -2.613517100975016466e-02 -3.995497592954850435e-02 -5.469868936445461405e-02 -7.071038634120935251e-02 -8.836646332602791920e-02 -1.080853520716075211e-01 -1.303380218879357233e-01 -1.556587477702732480e-01 -1.846543606053687170e-01 -2.180071210040077645e-01 -2.564580564919378691e-01 -3.007311443311138643e-01 -3.512653309482430264e-01 -4.073416075128066804e-01 -4.646963721753780696e-01 -5.108262477614767816e-01 -5.200058657291061204e-01 -4.552401918977024842e-01 -2.837887964856157241e-01
-1.165241568180582638e-02 -2.356828673400546831e-02 -3.601641847657355289e-02 -4.927620139278123673e-02 -6.364253257695268173e-02 -7.943005282806232803e-02 -9.697595203126023466e-02 -1.166399287640313143e-01 -1.387985813447985273e-01 -1.638290451283084537e-01 -1.920718611177027746e-01 -2.237532897967722256e-01 -2.588257207593676612e-01 -2.966322223161416138e-01 -3.351830093731513749e-01 -3.696877843698183064e-01 -3.902497263331313748e-01 -3.801556436511500103e-01 -3.185242231046681027e-01 -1.902865697616640817e-01
-1.012273322457370346e-02 -2.046914023460568582e-02 -3.126620775750435510e-02 -4.274716114070762490e-02 -5.515348533240606310e-02 -6.873525748360727328e-02 -8.374846933122154224e-02 -1.004471545123715726e-01 -1.190665949415459779e-01 -1.397913145960976711e-01 -1.626972373365027091e-01 -1.876500782695241232e-01 -2.141299161769090187e-01 -2.409316555881948763e-01 -2.656643220009664019e-01 -2.839843928832319619e-01 -2.887341142978601671e-01 -2.698666767759974605e-01 -2.168410117171633844e-01 -1.244464901355024911e-01
-8.369376867727328778e-03 -1.691933239835859484e-02 -2.583210968942853750e-02 -3.529274559241196013e-02 -4.548898619297399998e-02 -5.660901739523813148e-02 -6.883550848863756455e-02 -8.233362174160452351e-02 -9.722932218087486367e-02 -1.135723601299746255e-01 -1.312754794977085138e-01 -1.500177866992819242e-01 -1.690964605066130333e-01 -1.872097910111947816e-01 -2.021650294184577368e-01 -2.105544910921055834e-01 -2.075932259360164234e-01 -1.875905919166526714e-01 -1.456975169024631589e-01 -8.104253608077958970e-02
-6.435442501583298752e-03 -1.300670200485134521e-02 -1.985015122040578728e-02 -2.710272216957256702e-02 -3.490069153621081638e-02 -4.337631315857307795e-02 -5.265092280347202086e-02 -6.282249756789991257e-02 -7.394470777687905949e-02 -8.599331541620928998e-02 -9.881448297252122537e-02 -1.120486837983275946e-01 -1.250250078846007751e-01 -1.366268607467516771e-01 -1.451481623929637421e-01 -1.482004070628761550e-01 -1.428063764255179113e-01 -1.259022628790381071e-01 -9.544433647515720986e-02 -5.198778104364377289e-02
-4.365690940451387968e-03 -8.821882760660990433e-03 -1.345906962302383623e-02 -1.836729681872594638e-02 -2.363474201048105724e-02 -2.934461783155558820e-02 -3.556936955682304252e-02 -4.236073704139922680e-02 -4.973369190645009208e-02 -5.764170661420733172e-02 -6.594044066834882367e-02 -7.433738384500233887e-02 -8.232748704707289200e-02 -8.912140322552554450e-02 -9.358695587137288996e-02 -9.424842056937000889e-02 -8.941916005718825167e-02 -7.755841585559045126e-02 -5.788903877634832273e-02 -3.113670776354752340e-02
-2.205439597742200365e-03 -4.456067208808121155e-03 -6.796947230120594687e-03 -9.272651136525538948e-03 -1.192635971210140831e-02 -1.479804472819026481e-02 -1.792120061791998772e-02 -2.131738789258406583e-02 -2.498761421849898801e-02 -2.889937636916278460e-02 -3.296818307803253689e-02 -3.703291362922760815e-02 -4.082608508285986287e-02 -4.394393194233094102e-02 -4.582820357541387418e-02 -4.578177341197064987e-02 -4.304996971807332345e-02 -3.699770035858459399e-02 -2.738005889720430963e-02 -1.463011279851886802e-02
