-5.964801348562687004e-03 -1.195639728870422601e-02 -1.799411871060866211e-02 -2.408206211684855991e-02 -3.020073236023670255e-02 -3.629816261393774973e-02 -4.228090898065500064e-02 -4.800593174371859534e-02 -5.327520196481329295e-02 -5.783558901865576418e-02 -6.138717040250990520e-02 -6.360268383212573651e-02 -6.415915132994430559e-02 -6.277917648079725521e-02 -5.927511008781809199e-02 -5.358606752909678833e-02 -4.579821206729917105e-02 -3.614367447674387418e-02 -2.498050563663639645e-02 -1.276146847893913638e-02
-1.190282323753977592e-02 -2.386667679725750293e-02 -3.593802588615077620e-02 -4.813339915164328853e-02 -6.042270590350198173e-02 -7.271102720909940198e-02 -8.481956855600257528e-02 -9.646765192652687060e-02 -1.072593131400285532e-01 -1.166800041835746038e-01 -1.241104123989233282e-01 -1.288644164589782815e-01 -1.302547530072189486e-01 -1.276824562059053203e-01 -1.207352124099162483e-01 -1.092709615233238979e-01 -9.346312231413164695e-02 -7.379598243881398123e-02 -5.101688782099587927e-02 -2.606536309509824637e-02
-1.777982446347392553e-02 -3.566949031331109743e-02 -5.375791769725937058e-02 -7.209080312695689829e-02 -9.064567179150510856e-02 -1.093036894269380499e-01 -1.278187237243593732e-01 -1.457858420317356685e-01 -1.626144435956585199e-01 -1.775147242476841636e-01 -1.895100796135738008e-01 -1.974898276814291420e-01 -2.003130010199169475e-01 -1.969607076963848513e-01 -1.867123563450700241e-01 -1.692994653103593872e-01 -1.449873638684235078e-01 -1.145602610560300799e-01 -7.922570589425015353e-02 -4.048310458109672522e-02
-2.354701162391697675e-02 -4.727355725470901854e-02 -7.133336638701205656e-02 -9.582623534695984546e-02 -1.207654837437984185e-01 -1.460393615657269994e-01 -1.713658348313224777e-01 -1.962425929715741757e-01 -2.198979289128425163e-01 -2.412543962804760411e-01 -2.589253540654287700e-01 -2.712718043705179549e-01 -2.765466851898004119e-01 -2.731349525737938322e-01 -2.598539625579058820e-01 -2.362271071029044545e-01 -2.026265530039758900e-01 -1.602319576102351206e-01 -1.108425646453532615e-01 -5.664134080182883779e-02
-2.913467727732877918e-02 -5.854439190791180248e-02 -8.847577455378832778e-02 -1.191152858691978539e-01 -1.505506895426522718e-01 -1.827224610276956818e-01 -2.153626932776350200e-01 -2.479208107530222194e-01 -2.794803046633717591e-01 -3.086795580373460357e-01 -3.336650253396336030e-01 -3.521249731332884991e-01 -3.614661813529316259e-01 -3.591771620904045115e-01 -3.433399031884784014e-01 -3.131270525556998918e-01 -2.690588637895630630e-01 -2.128979687679868893e-01 -1.472710866191930812e-01 -7.523964224821942659e-02
-3.444732723338517905e-02 -6.929357777340025559e-02 -1.049100714421436625e-01 -1.416084820925867793e-01 -1.795995482472619309e-01 -2.189371487920855064e-01 -2.594417155288430421e-01 -3.005976717611391069e-01 -3.414228478434059855e-01 -3.803180482519654682e-01 -4.149284567705809335e-01 -4.420920642575515425e-01 -4.580059498641341209e-01 -4.587520597072159978e-01 -4.411830792263778389e-01 -4.038659083578557962e-01 -3.475727535636351506e-01 -2.750242587516665838e-01 -1.901019590252188418e-01 -9.704549100400852724e-02
-3.936106224438652712e-02 -7.927254294282548575e-02 -1.202624821165458602e-01 -1.628090472781000553e-01 -2.073019334704203076e-01 -2.539849321713003594e-01 -3.028693899698131076e-01 -3.536052208640810268e-01 -4.052944698532656154e-01 -4.562369198579964702e-01 -5.036228523857081418e-01 -5.432658336320240755e-01 -5.696250910572628889e-01 -5.765044191329359302e-01 -5.586121231916524321e-01 -5.134356081715335529e-01 -4.422436521130507225e-01 -3.494738450400791674e-01 -2.410473608459278994e-01 -1.228345698728676993e-01
-4.372439433395201858e-02 -8.817307060859981560e-02 -1.340582919841688814e-01 -1.820633340398817301e-01 -2.328142605443175861e-01 -2.868313216651732223e-01 -3.444456419439207995e-01 -4.056584052526410744e-01 -4.699066029887085660e-01 -5.356825283572675955e-01 -5.999536490266111910e-01 -6.574347361365391329e-01 -7.001317759542010633e-01 -7.181067086474753891e-01 -7.022383799698400653e-01 -6.480489473283510549e-01 -5.578338487517626731e-01 -4.392417983786320868e-01 -3.016473459428896109e-01 -1.532065469511581235e-01
-4.736346049030453614e-02 -9.563706882987309255e-02 -1.457343054824268846e-01 -1.985717683421193980e-01 -2.550604983162849670e-01 -3.160804646551678698e-01 -3.824228993705985902e-01 -4.546710390799536539e-01 -5.329589302485215896e-01 -6.164814957192545908e-01 -7.025334723617340238e-01 -7.849228021006003919e-01 -8.523540625179545360e-01 -8.888747356890327467e-01 -8.786693347447773750e-01 -8.137562401918794208e-01 -6.984588316953174170e-01 -5.462951954023504975e-01 -3.724250526886364598e-01 -1.881468881969218243e-01
-5.009239465049434431e-02 -1.012774720468744283e-01 -1.546701158613792426e-01 -2.114289587987686625e-01 -2.727755315230713240e-01 -3.400069776395752696e-01 -4.144920863901184194e-01 -4.976241016545852602e-01 -5.906529376768931971e-01 -6.941683151418729381e-01 -8.066945016621510645e-01 -9.217334855861182286e-01 -1.023921029932340909e+00 -1.088374878799573731e+00 -1.088586820328872662e+00 -1.010876058728171767e+00 -8.630929301429396405e-01 -6.684500389217645777e-01 -4.510385742379700025e-01 -2.261966068098210381e-01
-5.172868261352654706e-02 -1.047103340461161131e-01 -1.602397616287032089e-01 -2.196984435388152079e-01 -2.846056771426719867e-01 -3.566792288618904072e-01 -4.379073729122520131e-01 -5.306223567246344253e-01 -6.374997663773661616e-01 -7.611448518237242666e-01 -9.022728405397384410e-01 -1.054961844813677940e+00 -1.199493985890623948e+00 -1.299644253409171446e+00 -1.314543446420605388e+00 -1.222744081152000284e+00 -1.037093771355681149e+00 -7.941122295822773403e-01 -5.295816915125964863e-01 -2.633866209475720366e-01
-5.211202363543321336e-02 -1.055954729939873604e-01 -1.618801832306971944e-01 -2.225194063960564406e-01 -2.892694539970053214e-01 -3.641955112564955743e-01 -4.498202465420518270e-01 -5.493299765579189309e-01 -6.667815949093020000e-01 -8.068816241491030272e-01 -9.728722231910243989e-01 -1.160019158491742530e+00 -1.344891590209466914e+00 -1.480170671099724666e+00 -1.510401145670848821e+00 -1.406165602403275594e+00 -1.185545162981581413e+00 -8.987452994879092660e-01 -5.932081228219164837e-01 -2.928732743754751677e-01
-5.112397159666712959e-02 -1.036793854822377348e-01 -1.591661291242466580e-01 -2.192295683821857133e-01 -2.857571083278476753e-01 -3.610107541679148380e-01 -4.478219944124639529e-01 -5.498807802812031298e-01 -6.720788785376572427e-01 -8.204323480905201249e-01 -9.998305924659823818e-01 -1.206475805297094972e+00 -1.414946087536092634e+00 -1.571373063920345148e+00 -1.611491658179392994e+00 -1.501036687582775198e+00 -1.261291777693355876e+00 -9.507670092686384411e-01 -6.238468979964701955e-01 -3.066959002566172487e-01
-4.870450010007106034e-02 -9.883199878892386103e-02 -1.518754043247019236e-01 -2.094756527581150551e-01 -2.735184947500455266e-01 -3.462654063975910135e-01 -4.305429710192100190e-01 -5.300192407370054593e-01 -6.495235090012151380e-01 -7.949413161660026095e-01 -9.709803418541355091e-01 -1.173779483573024418e+00 -1.378340785467263352e+00 -1.531978093355417680e+00 -1.571967609614491446e+00 -1.464874439772931414e+00 -1.231397791218338256e+00 -9.285519860020081673e-01 -6.094216881760877724e-01 -2.996441330050189644e-01
-4.486203786665816928e-02 -9.106873056722106230e-02 -1.400278482099142074e-01 -1.932791499948672831e-01 -2.525756633160619602e-01 -3.199864959523966434e-01 -3.980332443544629673e-01 -4.898667719047760105e-01 -5.994202130351405922e-01 -7.311285302507233297e-01 -8.878672178716797703e-01 -1.064859900589367525e+00 -1.239840133190334370e+00 -1.368478897700070362e+00 -1.399133578205288719e+00 -1.304423598292948405e+00 -1.100993073972963199e+00 -8.353494508184826639e-01 -5.516573987707297233e-01 -2.724259173489759212e-01
-3.967494251543732253e-02 -8.055304368901120005e-02 -1.238881243167066076e-01 -1.710374528547854156e-01 -2.235183958102281154e-01 -2.830695785417998711e-01 -3.517133964025397908e-01 -4.318024766193425124e-01 -5.259690538621311084e-01 -6.366644379438392010e-01 -7.644246300494460522e-01 -9.036003681464875870e-01 -1.036131351112348886e+00 -1.129418071054487660e+00 -1.146993193520458698e+00 -1.069716645919023934e+00 -9.087986171031749993e-01 -6.964916705661460261e-01 -4.646244055179751253e-01 -2.310786083819331982e-01
-3.328470501821743921e-02 -6.758040061565387391e-02 -1.039341663550926442e-01 -1.434641436298755013e-01 -1.873908514942246306e-01 -2.370588739297594949e-01 -2.939353981347290756e-01 -3.595545037272585565e-01 -4.353289789494607098e-01 -5.220252859557238390e-01 -6.184581049263047081e-01 -7.189106183922268078e-01 -8.099427825156610972e-01 -8.700402749587291540e-01 -8.764532634333596084e-01 -8.174041490220613770e-01 -6.993782386865108336e-01 -5.419448527561356865e-01 -3.655427946538576389e-01 -1.832117509665877608e-01
-2.588350312116092372e-02 -5.254971537688051669e-02 -8.080401264398275052e-02 -1.114941191097774675e-01 -1.455219836914351528e-01 -1.838392157911426239e-01 -2.274094502960606057e-01 -2.771066612464297974e-01 -3.334902186845570826e-01 -3.963450617485700378e-01 -4.638124813806273616e-01 -5.310262159454147701e-01 -5.887986007767638252e-01 -6.240675286272850952e-01 -6.238719003480152070e-01 -5.816001178357000923e-01 -5.005846500739741245e-01 -3.915812752417605624e-01 -2.666322828438855708e-01 -1.345258125989294840e-01
-1.769962036729396879e-02 -3.593096804607669170e-02 -5.523807475415222490e-02 -7.618633590122383947e-02 -9.936374751144769202e-02 -1.253664250944519776e-01 -1.547548407875262988e-01 -1.879583379783564823e-01 -2.250921713991153594e-01 -2.656374470944939947e-01 -3.079390281163481569e-01 -3.485720333295029283e-01 -3.819256538979408089e-01 -4.007518585647559251e-01 -3.982622282875974973e-01 -3.710362934388032885e-01 -3.206277326279681761e-01 -2.524620597796358723e-01 -1.730484153506238187e-01 -8.771874753619390841e-02
-8.984024480029738358e-03 -1.823649316152287439e-02 -2.803098940054588040e-02 -3.864939617725522691e-02 -5.038025338682150522e-02 -6.350786161657497042e-02 -7.828476828880515104e-02 -9.487629963798330235e-02 -1.132614751191471369e-01 -1.330735661376228618e-01 -1.533770639983973172e-01 -1.724304167784795339e-01 -1.875959076214620547e-01 -1.956650030625975978e-01 -1.937481917538117770e-01 -1.804003417513581065e-01 -1.562221825415630594e-01 -1.234576442308754213e-01 -8.493929276130277040e-02 -4.317046070518544554e-02
