-2.022070434591679081e-02 -4.242691029389363683e-02 -6.901658152477067876e-02 -1.032810381706325414e-01 -1.497976367465953806e-01 -2.138279055457489586e-01 -2.977637442014198776e-01 -3.938112269526780063e-01 -4.784778226074296592e-01 -5.199757981199797374e-01 -4.994968485953787396e-01 -4.267533226396701407e-01 -3.317568113092491666e-01 -2.426148984280209198e-01 -1.723647741991898297e-01 -1.212256587076294412e-01 -8.436965412899995187e-02 -5.689612220468538706e-02 -3.521351983047178030e-02 -1.685043849642623923e-02
-3.845425656126878061e-02 -8.045211710956291784e-02 -1.302056369032209282e-01 -1.933402071273901957e-01 -2.774146490864636827e-01 -3.907241580732529473e-01 -5.363297703404772410e-01 -7.002920028266773622e-01 -8.432548047503233279e-01 -9.129525475567860093e-01 -8.786857726990359163e-01 -7.562966297899144097e-01 -5.949699201734066634e-01 -4.414008192507467565e-01 -3.180988529738207338e-01 -2.264493158708667520e-01 -1.590589893882443095e-01 -1.079621925118347120e-01 -6.710362388727190985e-02 -3.218794014546084298e-02
-5.314181426972995614e-02 -1.106952594879327817e-01 -1.777924873656276661e-01 -2.610554513888950767e-01 -3.690393633889189062e-01 -5.106724417478784028e-01 -6.883637969464413420e-01 -8.848492117680937241e-01 -1.054167377862220922e+00 -1.136277702962259939e+00 -1.096131346374223714e+00 -9.518084147482164248e-01 -7.596585957544126355e-01 -5.738133375368238420e-01 -4.212928372313152758e-01 -3.049250008182390337e-01 -2.170235474016802835e-01 -1.487333910309297236e-01 -9.304520201873120455e-02 -4.479727254319003371e-02
-6.341511676262505393e-02 -1.313656359080045688e-01 -2.089708699955729887e-01 -3.025086994940542895e-01 -4.195983846522373661e-01 -5.675053207242367614e-01 -7.467765714695048240e-01 -9.397057987749921626e-01 -1.102997499082467137e+00 -1.181546939614347425e+00 -1.143508597475138888e+00 -1.005301554622529014e+00 -8.184198466199668065e-01 -6.332719749042156065e-01 -4.763841909467746993e-01 -3.522027146444448031e-01 -2.549034835399764387e-01 -1.768404497183640178e-01 -1.115403291024047033e-01 -5.395547951187414787e-02
-6.915083433377523792e-02 -1.423571812924684654e-01 -2.240147033450157477e-01 -3.191279253050017251e-01 -4.331695291499543798e-01 -5.704620748770830030e-01 -7.292743738364574346e-01 -8.936842231377194468e-01 -1.029157782732248450e+00 -1.093540776516596313e+00 -1.062879961864240164e+00 -9.495159174010437964e-01 -7.925600086987537596e-01 -6.314986847681537396e-01 -4.888267415984342557e-01 -3.703254754938075100e-01 -2.731534112703337680e-01 -1.921328682718121406e-01 -1.223150332888261194e-01 -5.948392668427706503e-02
-7.082966082515987361e-02 -1.448823431497693326e-01 -2.254754634691987780e-01 -3.160101040844893738e-01 -4.195978967685656258e-01 -5.377007923699700376e-01 -6.669088979221032831e-01 -7.942821851757950746e-01 -8.955930157590906715e-01 -9.429887398453374869e-01 -9.210439580463106735e-01 -8.377002951036177647e-01 -7.185282768960369326e-01 -5.905405485908257202e-01 -4.708278491534046428e-01 -3.656856309277896067e-01 -2.750034424920644871e-01 -1.961899552734241992e-01 -1.260997589043721390e-01 -6.166494782683747816e-02
-6.928480805364031769e-02 -1.408597960673531602e-01 -2.169338088193105418e-01 -2.994525088085092657e-01 -3.896504623898615627e-01 -4.870460470244998286e-01 -5.876051401715460809e-01 -6.815866388265514608e-01 -7.533998901587978247e-01 -7.864329593425568588e-01 -7.718026084740925441e-01 -7.140834289412240077e-01 -6.283182658265688003e-01 -5.313649919209343375e-01 -4.352603972471590366e-01 -3.459004457394967980e-01 -2.648660260385520826e-01 -1.915081570672654832e-01 -1.242275474907677812e-01 -6.107598817701381105e-02
-6.544953724967074449e-02 -1.323355898582143364e-01 -2.019254018771956538e-01 -2.750755412849100190e-01 -3.518310399312127856e-01 -4.307675582572391138e-01 -5.080751268925866038e-01 -5.767957240574418387e-01 -6.273195855902766738e-01 -6.502339006155918311e-01 -6.407136638847968912e-01 -6.012503540318804296e-01 -5.402379028462933608e-01 -4.677373806297028813e-01 -3.918617275958216073e-01 -3.175413592865912182e-01 -2.470090271184675890e-01 -1.807434514975255757e-01 -1.182257243388155632e-01 -5.841141594869573433e-02
-6.017768548495814468e-02 -1.211069028470003750e-01 -1.833506067694526676e-01 -2.470547238266193046e-01 -3.116453303098307703e-01 -3.754421075979621492e-01 -4.352628222557847204e-01 -4.862828164105997275e-01 -5.226212832270376030e-01 -5.389672580861850637e-01 -5.327168560434648592e-01 -5.052238734350511518e-01 -4.611569248273353350e-01 -4.064949253447567301e-01 -3.466092536433899030e-01 -2.853260049970386403e-01 -2.248734521200067837e-01 -1.662293485153427952e-01 -1.095203296500691093e-01 -5.434394055965809794e-02
-5.415428939239432665e-02 -1.085635796478217341e-01 -1.633141403943176306e-01 -2.181394046752976601e-01 -2.722148712397314818e-01 -3.239519580211622229e-01 -3.708619462106620412e-01 -4.096353141977913670e-01 -4.366185115674429129e-01 -4.487345788380430189e-01 -4.445358372970129590e-01 -4.247836669955146749e-01 -3.921527018336067316e-01 -3.502699726913441891e-01 -3.026921914230754074e-01 -2.522657497760212308e-01 -2.009269704094493181e-01 -1.497798412738754747e-01 -9.928227575389822479e-02 -4.944401502744715654e-02
-4.787589052529815647e-02 -9.567896293411266850e-02 -1.432027735362646492e-01 -1.899726199743559107e-01 -2.351167064275069274e-01 -2.772666887645199862e-01 -3.145362385442913578e-01 -3.446491465962422396e-01 -3.652781210849748161e-01 -3.745700540575747084e-01 -3.716830015114385710e-01 -3.570663339312993845e-01 -3.323184244043940194e-01 -2.997075316951511303e-01 -2.616139801933614062e-01 -2.201155943317429364e-01 -1.767884522520430934e-01 -1.326807224337547553e-01 -8.838491227627677527e-02 -4.414984476538748315e-02
-4.167031133057947506e-02 -8.307360767062793583e-02 -1.238453507402201142e-01 -1.634314487076480304e-01 -2.010119225099994689e-01 -2.354592004743266687e-01 -2.653598271162704303e-01 -2.891315026410234412e-01 -3.052502794891867044e-01 -3.125550044803178107e-01 -3.105328347503095165e-01 -2.994615911662660279e-01 -2.803373496334177761e-01 -2.546238631216255488e-01 -2.239394377877686193e-01 -1.897939327513709917e-01 -1.534304801929918805e-01 -1.157696810345917454e-01 -7.742680935297051315e-02 -3.877045288263246403e-02
-3.573174882895958915e-02 -7.109980844711909220e-02 -1.056735740693788977e-01 -1.388958925745747142e-01 -1.700402730484091574e-01 -1.981981304596915072e-01 -2.223117076003510995e-01 -2.412653692417386087e-01 -2.540342753992275160e-01 -2.598641812977289245e-01 -2.584293042903429982e-01 -2.499081644792741363e-01 -2.349446401070222068e-01 -2.145107909821998560e-01 -1.897258757069938684e-01 -1.616902007240372807e-01 -1.313698546777375964e-01 -9.954071563913012566e-02 -6.678219335061844064e-02 -3.350515983139831094e-02
-3.015687804677958869e-02 -5.992030697295680497e-02 -8.885325029184144852e-02 -1.164382771453393722e-01 -1.420551492478011046e-01 -1.649813285315570033e-01 -1.844234659502845541e-01 -1.995839014593216720e-01 -2.097571257300694381e-01 -2.144379626029708497e-01 -2.134118741866235514e-01 -2.067970116392467972e-01 -1.950222015875385795e-01 -1.787487671419985269e-01 -1.587630726698720518e-01 -1.358711434878153435e-01 -1.108180261223890850e-01 -8.424113769055235901e-02 -5.665609241429378495e-02 -2.846799504849805915e-02
-2.497545833570358545e-02 -4.957129473472456777e-02 -7.338084663900329430e-02 -9.594882216965024135e-02 -1.167607213280666689e-01 -1.352485739367949580e-01 -1.508169282736323280e-01 -1.628896461377838667e-01 -1.709723612267551873e-01 -1.747186648751145321e-01 -1.739832146570874927e-01 -1.688458052434088363e-01 -1.595983890748147449e-01 -1.466990078413276666e-01 -1.307065087833533534e-01 -1.122132784778401560e-01 -9.178997295452018257e-02 -6.994972022494164166e-02 -4.713304674842922620e-02 -2.371073000713836906e-02
-2.017366106750989249e-02 -4.000856942247531939e-02 -5.915002204852980172e-02 -7.721544699568186343e-02 -9.379034473775176017e-02 -1.084353213775079150e-01 -1.207060322133630542e-01 -1.301853986126479679e-01 -1.365240141106611738e-01 -1.394811269445196955e-01 -1.389565203775729174e-01 -1.350046106069177076e-01 -1.278265468781787373e-01 -1.177423703946993971e-01 -1.051506806460758420e-01 -9.048549234589615964e-02 -7.417887059306839392e-02 -5.663472600800460027e-02 -3.821564634869496768e-02 -1.924187906748960411e-02
-1.571061701127741961e-02 -3.113930001679214576e-02 -4.599522804549840277e-02 -5.997260253980302158e-02 -7.274989417380398060e-02 -8.399633912604879959e-02 -9.338648606928974527e-02 -1.006219088848150506e-01 -1.054571773308053684e-01 -1.077253188896378222e-01 -1.073571376581824582e-01 -1.043895788809541952e-01 -9.896082346231428739e-02 -9.129325255187367705e-02 -8.166835564910589207e-02 -7.039914575733814683e-02 -5.780529458111387242e-02 -4.419466997370230521e-02 -2.985293480461006024e-02 -1.504114038974029358e-02
-1.152950573525436326e-02 -2.284278528455805854e-02 -3.371898865733995859e-02 -4.392984466306422420e-02 -5.324029434073976330e-02 -6.141365969050663343e-02 -6.822166838526136368e-02 -7.345857859147314484e-02 -7.695747591708068658e-02 -7.860584110838604588e-02 -7.835714252716237394e-02 -7.623575029717172269e-02 -7.233392213242037516e-02 -6.680146498630454288e-02 -5.983034966572176039e-02 -5.163744412309186071e-02 -4.244849642559216790e-02 -3.248572581748410126e-02 -2.196028294736623518e-02 -1.106974734663295629e-02
-7.564619646214226951e-03 -1.498334688333169407e-02 -2.210809794564302586e-02 -2.878749727902459379e-02 -3.486778323207984087e-02 -4.019634073984695161e-02 -4.462795201289244951e-02 -4.803326442235220789e-02 -5.030830986275439121e-02 -5.138343329800216380e-02 -5.122984577155616226e-02 -4.986236211712650329e-02 -4.733765323019892973e-02 -4.374833890869387482e-02 -3.921413754038271388e-02 -3.387178964868321762e-02 -2.786552426839403532e-02 -2.133945602150082860e-02 -1.443272405040980574e-02 -7.277565199572795518e-03
-3.745625948432269176e-03 -7.417883418686349595e-03 -1.094256156542553447e-02 -1.424426507247203953e-02 -1.724700417362577329e-02 -1.987596966135249735e-02 -2.206053474271464643e-02 -2.373821662721298936e-02 -2.485906613885914551e-02 -2.538973666640342852e-02 -2.531644572697106313e-02 -2.464619961669723552e-02 -2.340598847333512020e-02 -2.164010045070277957e-02 -1.940607302919981902e-02 -1.677005476879933274e-02 -1.380235721699255881e-02 -1.057385105819821404e-02 -7.153591037935694459e-03 -3.607789154969547746e-03
