-8.311004657568059339e-03 -1.649345228099350844e-02 -2.441100733369458084e-02 -3.191345141663658874e-02 -3.883397031579394199e-02 -4.499119024953449758e-02 -5.019693386655554174e-02 -5.426961346225509658e-02 -5.705170767911819929e-02 -5.842824372299454394e-02 -5.834214479179247737e-02 -5.680235647796864906e-02 -5.388257661503093043e-02 -4.971080075901680023e-02 -4.445260359036503489e-02 -3.829230554053249247e-02 -3.141598278039236386e-02 -2.399911749938861416e-02 -1.619996374699790923e-02 -8.158515753167510862e-03
-1.675056562393612003e-02 -3.325181163774313525e-02 -4.923712484561699326e-02 -6.440883903707589342e-02 -7.843125950952797854e-02 -9.093387704554939388e-02 -1.015269625312351237e-01 -1.098298348303649030e-01 -1.155089755749185293e-01 -1.183191276881187665e-01 -1.181379597423381222e-01 -1.149846902968408024e-01 -1.090171361643765269e-01 -1.005080149887896401e-01 -8.980730939688016945e-02 -7.730063262351191677e-02 -6.337250879349411170e-02 -4.838052046578980581e-02 -3.264221224628533619e-02 -1.643409095257304317e-02
-2.543946623899392967e-02 -5.052609591565430935e-02 -7.487686024047512934e-02 -9.805353084048747114e-02 -1.195483678509436654e-01 -1.387861402270526845e-01 -1.551472444038536902e-01 -1.680138314803324706e-01 -1.768352520737105082e-01 -1.812013352372653097e-01 -1.809058751833148848e-01 -1.759812975851883787e-01 -1.666932703511542213e-01 -1.534968195613035657e-01 -1.369680026546327700e-01 -1.177304118607440664e-01 -9.639291348951402327e-02 -7.350823290055136239e-02 -4.955427739447745145e-02 -2.493562895751632452e-02
-3.448120926113773521e-02 -6.853626428547754390e-02 -1.016906994169385209e-01 -1.333800601281390497e-01 -1.629225608034371997e-01 -1.895151071939497889e-01 -2.122620809910462092e-01 -2.302430550927560549e-01 -2.426168955660560067e-01 -2.487451222714618659e-01 -2.483029260094386237e-01 -2.413413841674420246e-01 -2.282778607177600172e-01 -2.098180159262861277e-01 -1.868375172924975347e-01 -1.602601309311906252e-01 -1.309605366775349056e-01 -9.970523313099022289e-02 -6.713104391368394930e-02 -3.375414810647992675e-02
-4.394912141879259160e-02 -8.744707443216011289e-02 -1.299696212327456635e-01 -1.708534573048094141e-01 -2.092467174339812108e-01 -2.440896700386273044e-01 -2.741429552798979041e-01 -2.980794524952680158e-01 -3.146441872035942722e-01 -3.228593757611356585e-01 -3.222193627275201644e-01 -3.128035047467661034e-01 -2.952588320814577560e-01 -2.706599121023292587e-01 -2.403039843651313956e-01 -2.055120953491039459e-01 -1.674839255570926277e-01 -1.272211408971374580e-01 -8.551053263675412186e-02 -4.294992073721649872e-02
-5.386822827604992314e-02 -1.073333160683874743e-01 -1.598872852611168960e-01 -2.108174455461622465e-01 -2.591211835061410507e-01 -3.034539250397622068e-01 -3.421405656141873197e-01 -3.732875171297362904e-01 -3.950208130440189258e-01 -4.058285678523800843e-01 -4.049114002474530349e-01 -3.923942877927774076e-01 -3.692939916544759615e-01 -3.372588202028501403e-01 -2.982064508630281607e-01 -2.540003721461837061e-01 -2.062419744945122035e-01 -1.561848961726672591e-01 -1.047400517422292926e-01 -5.253500054992425727e-02
-6.419049665385093140e-02 -1.281307182093222308e-01 -1.914287859515843571e-01 -2.534078776241657227e-01 -3.129665990618525906e-01 -3.684639920276012726e-01 -4.176769632259009213e-01 -4.579071861149766609e-01 -4.863194886312017240e-01 -5.005182486275073783e-01 -4.991991100318645680e-01 -4.825651316683147729e-01 -4.522623291040213656e-01 -4.108742073321373645e-01 -3.612624372953462393e-01 -3.060409294578694261e-01 -2.472987388196007663e-01 -1.865364308052586406e-01 -1.247297885864547679e-01 -6.245003132204059865e-02
-7.476305827457556397e-02 -1.495703127045533987e-01 -2.242892672182813796e-01 -2.984185789376392339e-01 -3.708725193714965118e-01 -4.397552054456592696e-01 -5.021863397992529787e-01 -5.543230400879105568e-01 -5.917951031819992380e-01 -6.106791817824138713e-01 -6.087565852581122705e-01 -5.863718201951817477e-01 -5.462976802538973553e-01 -4.927055457389948878e-01 -4.299257229369624067e-01 -3.616016039557143902e-01 -2.903755500516060351e-01 -2.179323038419537784e-01 -1.451926555828716436e-01 -7.253533352450954041e-02
-8.529143463254021396e-02 -1.710982039107812325e-01 -2.577392187587265182e-01 -3.451033598894547305e-01 -4.323429192771476304e-01 -5.174716758934384542e-01 -5.969129974746077982e-01 -6.652323141728423428e-01 -7.155707370928182653e-01 -7.412797221786311397e-01 -7.384215911332041582e-01 -7.076081240813149043e-01 -6.537068395661407294e-01 -5.836638961126080494e-01 -5.041139741902858074e-01 -4.200595659880435595e-01 -3.346687548644938226e-01 -2.496244896140404346e-01 -1.655732169564492762e-01 -8.249865066553878357e-02
-9.530445660638069139e-02 -1.917917370089082529e-01 -2.904648525695231465e-01 -3.919047756351399792e-01 -4.958834460529836785e-01 -6.007184525759425853e-01 -7.023016719615617909e-01 -7.931020654106673007e-01 -8.622599281422248518e-01 -8.982602804307709965e-01 -8.939286818020641956e-01 -8.503844268570956988e-01 -7.763982902342516645e-01 -6.837675465528394447e-01 -5.826913666284611049e-01 -4.798260818004161932e-01 -3.786103595880523365e-01 -2.803230305198596284e-01 -1.849770235383572659e-01 -9.188605508654081044e-02
-1.041345970368608015e-01 -2.102988372703848974e-01 -3.204182976085810930e-01 -4.361313540937258315e-01 -5.583837239167916966e-01 -6.865070308506513452e-01 -8.163954825873283028e-01 -9.380056245950260108e-01 -1.034357191605407955e+00 -1.085695088141906295e+00 -1.079104335479642574e+00 -1.016612068704443317e+00 -9.138530103058305487e-01 -7.906830460574175712e-01 -6.625367080480774051e-01 -5.378170353356424016e-01 -4.196005365212636673e-01 -3.080770853550908739e-01 -2.021254873972689881e-01 -1.000685275917845424e-01
-1.109349320458597604e-01 -2.248486664472719998e-01 -3.447597441117611350e-01 -4.736949837726524559e-01 -6.143833265883885675e-01 -7.680996123111231144e-01 -9.316544372423894993e-01 -1.092389678959649446e+00 -1.224937779467193844e+00 -1.297242186685160226e+00 -1.287507115113816658e+00 -1.199174201078559543e+00 -1.058430694387501259e+00 -8.969821668201399811e-01 -7.371710055635858350e-01 -5.888732939066743111e-01 -4.538185824844545579e-01 -3.302483253845761024e-01 -2.153781716770957200e-01 -1.062624848150015427e-01
-1.147560325276379273e-01 -2.333958185941487629e-01 -3.600292823919978291e-01 -4.991846037318500295e-01 -6.557206852315622392e-01 -8.335450237232379100e-01 -1.031273010654145228e+00 -1.234013868403559977e+00 -1.406911176818146592e+00 -1.503069378243848675e+00 -1.489711934917726577e+00 -1.372038322236416974e+00 -1.189228763058575611e+00 -9.871296106452517316e-01 -7.956610167979017989e-01 -6.255665567904706847e-01 -4.763468603879019159e-01 -3.436909498234352878e-01 -2.228733826981033339e-01 -1.096030058420687375e-01
-1.146925132878668235e-01 -2.339387537942446138e-01 -3.626830133352246244e-01 -5.066621244479827535e-01 -6.725546326281994780e-01 -8.666759973161798358e-01 -1.089562993945663472e+00 -1.324927943397676611e+00 -1.530175661975706092e+00 -1.645766167105076949e+00 -1.629417027540104090e+00 -1.487854224686695925e+00 -1.271475888700430934e+00 -1.038092975929795658e+00 -8.236667049651578143e-01 -6.391816952299878007e-01 -4.819074060482044786e-01 -3.452390996743276430e-01 -2.228154985282218836e-01 -1.092756841543090635e-01
-1.100739520062886251e-01 -2.249679186653252838e-01 -3.499617743979220874e-01 -4.912846895035956618e-01 -6.563650210412557140e-01 -8.525333125348810714e-01 -1.081218043393310291e+00 -1.325831019876502426e+00 -1.541106185476681878e+00 -1.662938662980691484e+00 -1.645566238539073023e+00 -1.496274588580680742e+00 -1.269558223513623574e+00 -1.027518291814413232e+00 -8.081452826467643291e-01 -6.223002698863199234e-01 -4.662595577637436706e-01 -3.324588492212101065e-01 -2.138650370645156784e-01 -1.046835329220030947e-01
-1.006338644281979666e-01 -2.058793516956143599e-01 -3.207530266345252623e-01 -4.510854214622132541e-01 -6.036671947960183804e-01 -7.849515142455691930e-01 -9.957223402045278782e-01 -1.220271323909778882e+00 -1.417135737471804990e+00 -1.528262492111696069e+00 -1.512409774388464800e+00 -1.376136708967375055e+00 -1.168595821265467904e+00 -9.461399662002032418e-01 -7.437375499040612681e-01 -5.719000105387603838e-01 -4.276907142357764813e-01 -3.043770919637731609e-01 -1.954923168526633004e-01 -9.559264079035170725e-02
-8.658084654767303490e-02 -1.771472823723112544e-01 -2.759497670497398358e-01 -3.877246093317354703e-01 -5.176219653451115121e-01 -6.699536270416166506e-01 -8.439841161297444438e-01 -1.026022459149720234e+00 -1.183224840947499468e+00 -1.271148657210028787e+00 -1.258679190085089550e+00 -1.150750431796070616e+00 -9.845409568698194613e-01 -8.034576515975370148e-01 -6.356036842725121261e-01 -4.906883562023076073e-01 -3.676426262050154770e-01 -2.617853984869467077e-01 -1.681260082026468095e-01 -8.219403739059857883e-02
-6.854138963242110971e-02 -1.401692102569528364e-01 -2.180859311383019916e-01 -3.056487326501625690e-01 -4.061250948662453730e-01 -5.216097426985438767e-01 -6.501568651122612286e-01 -7.810124638768028982e-01 -8.914787699195180215e-01 -9.524052042925220674e-01 -9.438563848135308465e-01 -8.689788528387212274e-01 -7.516936984559191570e-01 -6.207494013535556077e-01 -4.959815486122183814e-01 -3.855393030848623948e-01 -2.900269435707514276e-01 -2.069432042463823784e-01 -1.330267538163648622e-01 -6.505708121743430938e-02
-4.741508119643097346e-02 -9.689734524428053608e-02 -1.505325974685624846e-01 -2.103675266202765237e-01 -2.781341320563782138e-01 -3.544679555024440321e-01 -4.372384691686153069e-01 -5.191652706541712847e-01 -5.866776113428728845e-01 -6.233516211701684018e-01 -6.182712078942462774e-01 -5.731496212635328602e-01 -5.011542649624116663e-01 -4.186691945820872895e-01 -3.378236999147837261e-01 -2.644420984718870993e-01 -1.997959557537403452e-01 -1.429077779366191570e-01 -9.197800392382136925e-02 -4.500732412493983758e-02
-2.422144525063135018e-02 -4.947067191643767653e-02 -7.676339953440704245e-02 -1.070457649303797470e-01 -1.410213367851112787e-01 -1.787485307372119192e-01 -2.188990169886352311e-01 -2.578363331419562532e-01 -2.893488389107360947e-01 -3.062695451126938306e-01 -3.039500533750202904e-01 -2.831163816458919791e-01 -2.494014901105271742e-01 -2.100237181163784606e-01 -1.706303629251774701e-01 -1.342293361646101080e-01 -1.017373178077540519e-01 -7.290425056758942368e-02 -4.696916923650688164e-02 -2.299412764782645530e-02
