-1.142450932323944013e-01 -2.387967725705953670e-01 -3.698066952581882116e-01 -4.764063920530135499e-01 -5.184297559127701849e-01 -4.797098298569775210e-01 -3.840243015784848279e-01 -2.749883236161891897e-01 -1.846690411918555375e-01 -1.222386749104718007e-01 -8.262122624171440444e-02 -5.775466298777985619e-02 -4.161560541278136460e-02 -3.062363918144699049e-02 -2.277313356806456857e-02 -1.691469454037664369e-02 -1.235423985567983031e-02 -8.647580816305086224e-03 -5.492523634963764750e-03 -2.668515318525329586e-03
-1.746946769347278439e-01 -3.588706295969736892e-01 -5.443366214099969458e-01 -6.915055792992936823e-01 -7.511506203295070794e-01 -7.040154746350879567e-01 -5.795542579707420039e-01 -4.323903218856132158e-01 -3.047374163572617589e-01 -2.113310117151110112e-01 -1.482867119198887917e-01 -1.064251932418247698e-01 -7.804039146336791410e-02 -5.810175116940428236e-02 -4.355391269583647890e-02 -3.253138775384806919e-02 -2.385468221204755518e-02 -1.674355884768030656e-02 -1.065399784871603160e-02 -5.181537250901173050e-03
-1.875296739912004074e-01 -3.792150550311754742e-01 -5.645308080762255765e-01 -7.083773630034121416e-01 -7.693276924546689211e-01 -7.317454128922562528e-01 -6.207991121628575470e-01 -4.835873507664686932e-01 -3.583685538567589202e-01 -2.610003736924795814e-01 -1.908360869549908523e-01 -1.413062966824216449e-01 -1.059806710356619719e-01 -8.018549498080373983e-02 -6.080912395150366717e-02 -4.580224636648219660e-02 -3.378953996818016142e-02 -2.381797323077215409e-02 -1.519837050112083157e-02 -7.403635429516747246e-03
-1.708619315098411362e-01 -3.404968998937927260e-01 -4.981520889944419106e-01 -6.182078018512888740e-01 -6.724548222788483409e-01 -6.507781385884578995e-01 -5.706664471323037446e-01 -4.651663565603973982e-01 -3.627520419868772161e-01 -2.774431228251006964e-01 -2.114658883425708791e-01 -1.617753768812799364e-01 -1.243650125469020068e-01 -9.584806152864390472e-02 -7.369467316592712147e-02 -5.607892336428946245e-02 -4.168325602224887128e-02 -2.954042248377322308e-02 -1.891787446874436396e-02 -9.234633445948232239e-03
-1.426495122812155014e-01 -2.807891228477796264e-01 -4.048561270335323536e-01 -4.981428743677372428e-01 -5.438875782364089861e-01 -5.365104722020829220e-01 -4.866452778659237088e-01 -4.146239824813062191e-01 -3.392487844084802195e-01 -2.715195113524538906e-01 -2.151614513615431046e-01 -1.698595737819687812e-01 -1.338430949355499944e-01 -1.051458696649383712e-01 -8.204249720316870997e-02 -6.313551190783857348e-02 -4.732413644381511936e-02 -3.374258448481118333e-02 -2.169806998751399457e-02 -1.061702359076381261e-02
-1.140687569213641728e-01 -2.225610072050493993e-01 -3.176977069376616947e-01 -3.890650059291724250e-01 -4.273364958165773997e-01 -4.296917686152021409e-01 -4.021388878209958273e-01 -3.563451090815341615e-01 -3.039815712406675474e-01 -2.530655626267474534e-01 -2.075535030151048899e-01 -1.686183618033116061e-01 -1.359970135979633454e-01 -1.088493647150530347e-01 -8.619389974571989299e-02 -6.709648679250826420e-02 -5.073519057020563217e-02 -3.640770676188626737e-02 -2.351479623358818452e-02 -1.153539005482717705e-02
-8.965204561191508770e-02 -1.740422370294297805e-01 -2.471735566824566910e-01 -3.024987004402404644e-01 -3.347997706444644228e-01 -3.426358783572580058e-01 -3.293177506483561112e-01 -3.014248405992510649e-01 -2.660744745987379534e-01 -2.288720421539945371e-01 -1.932970169835580287e-01 -1.610517672684183554e-01 -1.326758056605079894e-01 -1.080605404848832829e-01 -8.678723669152527131e-02 -6.832134034994764848e-02 -5.211242737051332424e-02 -3.763825271306633219e-02 -2.441801540823023559e-02 -1.200974023403685725e-02
-7.018716946488608166e-02 -1.359820408754660315e-01 -1.928895084238832491e-01 -2.366333544195313443e-01 -2.641156954112921507e-01 -2.745074406284346291e-01 -2.696325100173400657e-01 -2.532572143571316658e-01 -2.297577337844609602e-01 -2.029774451436238414e-01 -1.756950311513632568e-01 -1.496133346106628403e-01 -1.255935836420396523e-01 -1.039297198766864355e-01 -8.457315878513015084e-02 -6.728920454050918432e-02 -5.175492060929869076e-02 -3.761485701402141751e-02 -2.450927162252881930e-02 -1.208555480380813993e-02
-5.506300840570182292e-02 -1.066760919201968638e-01 -1.515085106731674514e-01 -1.866429859100413868e-01 -2.100875662859815751e-01 -2.212751761409690321e-01 -2.212082233881579041e-01 -2.120964982364266227e-01 -1.966782528780160189e-01 -1.775727111737944175e-01 -1.568897042886122084e-01 -1.361125274837966526e-01 -1.161554152573564952e-01 -9.749158752371279990e-02 -8.028646805145281395e-02 -6.450739290999787934e-02 -5.000318738139842428e-02 -3.655697993422484665e-02 -2.391865743809219735e-02 -1.182320791616034428e-02
-4.338226593711728973e-02 -8.413401234873259249e-02 -1.197925918430885195e-01 -1.482937586712068101e-01 -1.682615852152133384e-01 -1.792507406390119740e-01 -1.817985089947090627e-01 -1.772275080387699653e-01 -1.672805729624078086e-01 -1.537438902861611167e-01 -1.381782127106297997e-01 -1.217915953123223927e-01 -1.054239512424320901e-01 -8.959474165248063060e-02 -7.457372745215809506e-02 -6.045070550670755133e-02 -4.719345066808305900e-02 -3.469121472195510480e-02 -2.278517009986714970e-02 -1.128862028271192253e-02
-3.433142123119461986e-02 -6.668349362838194017e-02 -9.523094232686372951e-02 -1.184732084662085405e-01 -1.354090289662312208e-01 -1.456632183662158464e-01 -1.495046707534612718e-01 -1.477330320492457882e-01 -1.414721083802342183e-01 -1.319439098598410853e-01 -1.202876195341405913e-01 -1.074516774491987847e-01 -9.415404434802736311e-02 -8.088969512686415564e-02 -6.796298860877703074e-02 -5.552824630807734474e-02 -4.362868991384086237e-02 -3.222925594003651223e-02 -2.124218805002907676e-02 -1.054610344356964567e-02
-2.725987859811535713e-02 -5.303747993980597458e-02 -7.597424382523207398e-02 -9.495876131174331436e-02 -1.092377182849857686e-01 -1.184881026290201672e-01 -1.228237077328712540e-01 -1.227277305557595427e-01 -1.189308737234912039e-01 -1.122719992686718737e-01 -1.035766673756396278e-01 -9.357344024551735029e-02 -8.285084629466765715e-02 -7.184700054481585330e-02 -6.086028106321721143e-02 -5.007059521748554592e-02 -3.956380203529630962e-02 -2.935492745245755000e-02 -1.940822070459842161e-02 -9.653605600651407950e-03
-2.167060901960338529e-02 -4.223229358119533899e-02 -6.066977517567078565e-02 -7.614985148361652634e-02 -8.809495283676138655e-02 -9.622774226651371887e-02 -1.005743066043277706e-01 -1.014232963903318185e-01 -9.925164425055968409e-02 -9.463653723461709633e-02 -8.817359989369882856e-02 -8.041456029243204684e-02 -7.182889284809884645e-02 -6.278717403441959333e-02 -5.356053299467052053e-02 -4.433004713532379126e-02 -3.520098886170462682e-02 -2.621842780543198054e-02 -1.738216010184180302e-02 -8.660097603140390343e-03
-1.719026162169210933e-02 -3.355130606135398735e-02 -4.832270732504194422e-02 -6.087590997137401483e-02 -7.076449332778464441e-02 -7.775359891891830966e-02 -8.182247384825483416e-02 -8.313949656060652671e-02 -8.201586405636299149e-02 -7.884889845361851834e-02 -7.406662712216402489e-02 -6.808230145842061876e-02 -6.126298461717735039e-02 -5.391226401045207811e-02 -4.626462568418924365e-02 -3.848806538990248022e-02 -3.069167436248079403e-02 -2.293563020369455280e-02 -1.524189113187337206e-02 -7.604623546881460715e-03
-1.353912966488029015e-02 -2.645995996871416261e-02 -3.819383501721893698e-02 -4.826658585620314385e-02 -5.633350822640899314e-02 -6.219968302624299950e-02 -6.582248890574855793e-02 -6.729634819614223329e-02 -6.682341229354206436e-02 -6.467656138712633840e-02 -6.116170370647509846e-02 -5.658502894658228727e-02 -5.122847496605444778e-02 -4.533426733449187618e-02 -3.909763509748046678e-02 -3.266591085379021153e-02 -2.614200795673385022e-02 -1.959052448899426327e-02 -1.304514800956296273e-02 -6.516504404417085977e-03
-1.050629664130538904e-02 -2.055556724092110626e-02 -2.972608615509333280e-02 -3.766308793682984768e-02 -4.410326803352936781e-02 -4.888913127292202759e-02 -5.197144532872632894e-02 -5.339998961328136506e-02 -5.330487129911109373e-02 -5.187222699980560681e-02 -4.931859368692401158e-02 -4.586763041689188164e-02 -4.173161414134662905e-02 -3.709868915228742986e-02 -3.212573231716965572e-02 -2.693593070956494182e-02 -2.161991873226526764e-02 -1.623931013494806647e-02 -1.083167102700850239e-02 -5.416245742817547143e-03
-7.930488701283214953e-03 -1.552992557178604731e-02 -2.249185308457956473e-02 -2.855640999887120585e-02 -3.352734204936177326e-02 -3.728212369400309145e-02 -3.977416597147120925e-02 -4.102728798168722713e-02 -4.112385060081472088e-02 -4.018887738818607142e-02 -3.837280718419186498e-02 -3.583528041751544990e-02 -3.273165439850678204e-02 -2.920313845091309854e-02 -2.537066992287582284e-02 -2.133215759336421630e-02 -1.716242470758631844e-02 -1.291512482995402569e-02 -8.625978699340985587e-03 -4.316807139104263460e-03
-5.685731565668252982e-03 -1.114179131469664706e-02 -1.615498866252281993e-02 -2.054335415197404077e-02 -2.416756289388822740e-02 -2.693785002699425682e-02 -2.881580096668618501e-02 -2.981113826885707294e-02 -2.997435978166298337e-02 -2.938661802312736437e-02 -2.814847216656904058e-02 -2.636902262132225297e-02 -2.415657971883339653e-02 -2.161153447149399831e-02 -1.882164689893215184e-02 -1.585960282217807951e-02 -1.278249552412475017e-02 -9.632784532044334075e-03 -6.440311076985206183e-03 -3.225003215110472127e-03
-3.670645174003180078e-03 -7.196517383447583079e-03 -1.044295455622498009e-02 -1.329445295349563141e-02 -1.566170287186350804e-02 -1.748591002027765143e-02 -1.874004512417407758e-02 -1.942710081337654937e-02 -1.957582837240320200e-02 -1.923475940185611147e-02 -1.846543736323083204e-02 -1.733575490414998241e-02 -1.591410300189673860e-02 -1.426477013372313453e-02 -1.244477750224059001e-02 -1.050210949469461072e-02 -8.475168438561636597e-03 -6.393205339478067947e-03 -4.277475792062425397e-03 -2.142894477710999453e-03
-1.800330533240811258e-03 -3.530676653983971531e-03 -5.125857663226911047e-03 -6.529799037139924142e-03 -7.698885642254579310e-03 -8.604040838442036584e-03 -9.231368979799953189e-03 -9.581390360861976110e-03 -9.667092749478321811e-03 -9.511153287394946004e-03 -9.142761128553071950e-03 -8.594455377294155096e-03 -7.899305611561350735e-03 -7.088664624600186405e-03 -6.190582805370698979e-03 -5.228888656922297054e-03 -4.222862007124364436e-03 -3.187389651043569423e-03 -2.133490863460627256e-03 -1.069096499021991329e-03
