-1.819892383166608549e-02 -3.801349290647563356e-02 -6.136127334427293745e-02 -9.082894548545729363e-02 -1.300778783935689353e-01 -1.838450298546555617e-01 -2.561562141767990686e-01 -3.450218030398627955e-01 -4.353611555926932275e-01 -4.989368661065787802e-01 -5.091209444031338238e-01 -4.611258963838035796e-01 -3.760458594703358637e-01 -2.838992600280751955e-01 -2.048862223935284943e-01 -1.447255566216727463e-01 -1.006188563439794903e-01 -6.768460738519997688e-02 -4.179678754844462496e-02 -1.997189381052781598e-02
-3.478179702638187210e-02 -7.248862980901413233e-02 -1.165532134950044152e-01 -1.715163901591440498e-01 -2.436478673515903304e-01 -3.408155589104667760e-01 -4.693184677381543879e-01 -6.249583193884181709e-01 -7.814709281898987170e-01 -8.908708527499165086e-01 -9.083233859010595435e-01 -8.257909032424060047e-01 -6.787323291487351584e-01 -5.179486716896413157e-01 -3.782138017271668984e-01 -2.700638484802588279e-01 -1.894023917533043666e-01 -1.282228600427103293e-01 -7.951922950881708252e-02 -3.808979875337573789e-02
-4.843901604173433267e-02 -1.005981704932159132e-01 -1.607711399598610036e-01 -2.344860151200922893e-01 -3.291465290501361385e-01 -4.537432909675795933e-01 -6.150119714858680586e-01 -8.069868750596767004e-01 -9.977200763994473753e-01 -1.130080925805676983e+00 -1.151088939000178168e+00 -1.051266524271909697e+00 -8.724593682994543631e-01 -6.749410102519889376e-01 -5.005738819413854124e-01 -3.628289155429183510e-01 -2.576928412406944702e-01 -1.761327818906109899e-01 -1.099500535052017475e-01 -5.286656309356956018e-02
-5.837538223594287978e-02 -1.206848244765108269e-01 -1.913599500694014854e-01 -2.758745631030302126e-01 -3.811992836353657044e-01 -5.153046615750187520e-01 -6.833614577461853967e-01 -8.780502095955561304e-01 -1.067698003278912733e+00 -1.197717497064582748e+00 -1.218170742498302594e+00 -1.120159934714862748e+00 -9.430310360146048065e-01 -7.440167859614630341e-01 -5.638987001860837900e-01 -4.171053530844459623e-01 -3.012380164874907118e-01 -2.084891126236747272e-01 -1.312614982673923902e-01 -6.342465623186606394e-02
-6.437706428605660669e-02 -1.323978435350611771e-01 -2.080328287830767175e-01 -2.958959980047625726e-01 -4.013949174736416992e-01 -5.300338893802464257e-01 -6.841976465903674143e-01 -8.557971503593820861e-01 -1.017919578379786527e+00 -1.126915250357309217e+00 -1.143800825475293159e+00 -1.061680240440501688e+00 -9.111319090206196902e-01 -7.374249750748971266e-01 -5.742521026316845800e-01 -4.353017725568959495e-01 -3.206398222074025584e-01 -2.251696506205446979e-01 -1.431645173749413469e-01 -6.956903657694189780e-02
-6.673461619125184430e-02 -1.364913756116397925e-01 -2.124267270259938833e-01 -2.979115628053345399e-01 -3.964062406807951078e-01 -5.106793112167510307e-01 -6.404331275637914489e-01 -7.776643669709029094e-01 -9.020698314747559454e-01 -9.834279111142240071e-01 -9.957274141825784852e-01 -9.344183731991605457e-01 -8.197588216532698535e-01 -6.825754517851814196e-01 -5.473280788007567343e-01 -4.257850631230062355e-01 -3.201687963370591916e-01 -2.282824862276000288e-01 -1.466461546215040157e-01 -7.168595768020273595e-02
-6.606981836637067229e-02 -1.344036555933542099e-01 -2.072455561644898359e-01 -2.867308522243688373e-01 -3.746094583193547711e-01 -4.715327204220366997e-01 -5.755079179003622647e-01 -6.794364670532625494e-01 -7.692261722036434213e-01 -8.259901175128694373e-01 -8.342669190458800177e-01 -7.913929692188175213e-01 -7.092866828822906866e-01 -6.067881405895495517e-01 -5.001238181648571812e-01 -3.986165229434945334e-01 -3.056247606238805536e-01 -2.210936320076261619e-01 -1.434457494466479521e-01 -7.052813000654616082e-02
-6.314092339427122835e-02 -1.278068584845872269e-01 -1.954112226063231261e-01 -2.670856446066203760e-01 -3.433748414921388714e-01 -4.236879990840685117e-01 -5.054045893884371310e-01 -5.827770146159034770e-01 -6.464823106540251718e-01 -6.853435816394971569e-01 -6.907390599466912695e-01 -6.612096322976247498e-01 -6.033136673661059213e-01 -5.279110367588932817e-01 -4.452516225714726605e-01 -3.622737549726790518e-01 -2.824891030821862770e-01 -2.070017891386539965e-01 -1.355128274028595536e-01 -6.698061913426231473e-02
-5.868699613418543182e-02 -1.182713415906254811e-01 -1.795040058305161779e-01 -2.428050596197675326e-01 -3.080024606901923812e-01 -3.739633564724327286e-01 -4.381331201548244736e-01 -4.961461874815711881e-01 -5.419465461563166553e-01 -5.689884499871941115e-01 -5.725211099163883821e-01 -5.517541588191190449e-01 -5.102470482598554513e-01 -4.541905923099401332e-01 -3.899711016462588664e-01 -3.225471148881886574e-01 -2.550181963671348528e-01 -1.889058811880684197e-01 -1.246225011782406411e-01 -6.188146393416366076e-02
-5.333571756473656778e-02 -1.070874451355365992e-01 -1.615277844355672843e-01 -2.166236111773505169e-01 -2.718416208900901743e-01 -3.259253045847811392e-01 -3.766865288815975932e-01 -4.209297273216203727e-01 -4.547132052656933654e-01 -4.741295500127371554e-01 -4.764930801050160092e-01 -4.613627966975698547e-01 -4.307204040817295687e-01 -3.881723875399085144e-01 -3.377356160324289092e-01 -2.828835807640897038e-01 -2.261223723372925432e-01 -1.689797905367340924e-01 -1.121896918489923567e-01 -5.592272538165364570e-02
-4.756843032392739368e-02 -9.521492924797483881e-02 -1.428959770164447696e-01 -1.903192309695116158e-01 -2.368109609982887720e-01 -2.811923277059331649e-01 -3.217027802869626418e-01 -3.560402058020381566e-01 -3.816048248381919694e-01 -3.959886481251669310e-01 -3.976079688444734694e-01 -3.862047754457803572e-01 -3.629315027475826794e-01 -3.299663011359987297e-01 -2.898888759376941349e-01 -2.451222672248595524e-01 -1.976065429320000566e-01 -1.487010108905084671e-01 -9.923372859662946133e-02 -4.961974437202443938e-02
-4.172307665892650147e-02 -8.330786660283023837e-02 -1.245219542951257058e-01 -1.649462862708757360e-01 -2.038901455884501723e-01 -2.403280796918602080e-01 -2.728851066296755778e-01 -2.999067546778221294e-01 -3.196467109131070905e-01 -3.305700404778067480e-01 -3.317011339409487447e-01 -3.228816912401162309e-01 -3.048133678073392527e-01 -2.788627794527115400e-01 -2.467279797491888915e-01 -2.101091975162616421e-01 -1.704803508264624567e-01 -1.289839593598284817e-01 -8.642446672162509835e-02 -4.332252395554671981e-02
-3.601601018754739536e-02 -7.177150725697187261e-02 -1.069376891471684604e-01 -1.410538072469738891e-01 -1.734752109948457244e-01 -2.033445347960127214e-01 -2.296021522851685592e-01 -2.510534017955173836e-01 -2.665023119082354230e-01 -2.749396404539522498e-01 -2.757406149389481365e-01 -2.688041345352804590e-01 -2.545754801406092671e-01 -2.339425496019553741e-01 -2.080507509275837663e-01 -1.781061122616557912e-01 -1.452216913432823053e-01 -1.103300101469492644e-01 -7.415765555045496227e-02 -3.724588586671193080e-02
-3.056945797356336661e-02 -6.082446484629210059e-02 -9.040349057987934200e-02 -1.188560468037486717e-01 -1.456123583551258427e-01 -1.699726867920514084e-01 -1.911255256363257882e-01 -2.082022790185675265e-01 -2.203692910277046391e-01 -2.269453118880124243e-01 -2.275172523713494266e-01 -2.220185178349137201e-01 -2.107417281114982999e-01 -1.942811283489105090e-01 -1.734263438288033421e-01 -1.490428107152917958e-01 -1.219702963868293244e-01 -9.295673805247625654e-02 -6.263026232518292824e-02 -3.150336410895131917e-02
-2.543735722986037104e-02 -5.055340564961145061e-02 -7.499576459695819763e-02 -9.835453557862033902e-02 -1.201454950459346221e-01 -1.398083351643912287e-01 -1.567249895263315151e-01 -1.702608998577328225e-01 -1.798272600547936861e-01 -1.849550573309951262e-01 -1.853645597386519295e-01 -1.810109529599693012e-01 -1.720917879626845115e-01 -1.590138958808883229e-01 -1.423306933178194733e-01 -1.226684969618781207e-01 -1.006599528205943117e-01 -7.689638836350802531e-02 -5.190329402831699718e-02 -2.613730964630920500e-02
-2.062656650837333197e-02 -4.095603780305965419e-02 -6.067162977833277099e-02 -7.942084053440422176e-02 -9.680675671202192134e-02 -1.123901762904939428e-01 -1.257052035837125381e-01 -1.362890786587657721e-01 -1.437237975252325106e-01 -1.476831055001127380e-01 -1.479749840469732902e-01 -1.445689540318210176e-01 -1.376005825748393696e-01 -1.273519816043728325e-01 -1.142140425885843635e-01 -9.864053760453779518e-02 -8.110463403753154221e-02 -6.206557200337668723e-02 -4.194921671730376944e-02 -2.114258107898623479e-02
-1.611287251302906051e-02 -3.197255174146839546e-02 -4.731387949971130324e-02 -6.185044369589221686e-02 -7.527051955786738524e-02 -8.724041348037081534e-02 -9.741657622872511302e-02 -1.054664164877638088e-01 -1.110957514133588120e-01 -1.140785872348901858e-01 -1.142833210331665184e-01 -1.116893021255126323e-01 -1.063896112675683098e-01 -9.857940989912207519e-02 -8.853296195305977723e-02 -7.657498076654975505e-02 -6.305247637166569441e-02 -4.831205018144356378e-02 -3.268542156637992829e-02 -1.648379716998116598e-02
-1.185237245100929232e-02 -2.350741910134207524e-02 -3.476089423267932077e-02 -4.539653710461996616e-02 -5.518446620645117706e-02 -6.388438516856442817e-02 -7.125427282566891563e-02 -7.706426352806536317e-02 -8.111420576101159574e-02 -8.325217255674678685e-02 -8.339041319954057507e-02 -8.151532370889054413e-02 -7.768915257235375904e-02 -7.204308664633915504e-02 -6.476341595810260199e-02 -5.607394706504527371e-02 -4.621824136688135187e-02 -3.544473135128366204e-02 -2.399662131719471764e-02 -1.210718719135720281e-02
-7.789199946634541710e-03 -1.544385897785624691e-02 -2.282574318285947659e-02 -2.979034589704672442e-02 -3.618642458292796460e-02 -4.185839093742033112e-02 -4.665186999130856854e-02 -5.042216197631661789e-02 -5.304463856689968504e-02 -5.442548709975440768e-02 -5.451083795108460639e-02 -5.329242951372724357e-02 -5.080859304064633958e-02 -4.714036974230419869e-02 -4.240367054355208970e-02 -3.673915277804272461e-02 -3.030181137948296383e-02 -2.325201430442211045e-02 -1.574914752130465029e-02 -7.948330333497155217e-03
-3.860568663002726057e-03 -7.653075414196373882e-03 -1.130787418106295877e-02 -1.475267903395126312e-02 -1.791249718213961187e-02 -2.071088593559119659e-02 -2.307265842231280562e-02 -2.492788025125889859e-02 -2.621670475693624325e-02 -2.689430358363246315e-02 -2.693502655228597470e-02 -2.633496895678251459e-02 -2.511242269534655694e-02 -2.330613409517699047e-02 -2.097174630306770926e-02 -1.817718425964343770e-02 -1.499784078617537146e-02 -1.151236956024266622e-02 -7.799625907493036581e-03 -3.936988797074976974e-03
