-3.140043494543304919e-02 -6.102396330580336231e-02 -8.710922526847073022e-02 -1.080309376635633506e-01 -1.225644960755528090e-01 -1.301931624575003998e-01 -1.312652554550141626e-01 -1.268725684564752931e-01 -1.185068605721986829e-01 -1.076803144393282952e-01 -9.566468994799365300e-02 -8.338825886085823869e-02 -7.144685874856392116e-02 -6.016837996145064926e-02 -4.968792010938750253e-02 -4.001286206593781397e-02 -3.107163637673645770e-02 -2.274699153694436163e-02 -1.489707806903162006e-02 -7.367878810211584903e-03
-6.457561875605243029e-02 -1.255801933531658643e-01 -1.793693514082902452e-01 -2.224298212374731243e-01 -2.520094089730684495e-01 -2.669204301392412715e-01 -2.679796546293071735e-01 -2.577099091792863783e-01 -2.394712635725153860e-01 -2.165487080560729305e-01 -1.915899602664307977e-01 -1.664414478229868377e-01 -1.422307926822047319e-01 -1.195387419066146623e-01 -9.857043954942366903e-02 -7.929189439101090586e-02 -6.152669277672574710e-02 -4.501925359601711973e-02 -2.947344052806797482e-02 -1.457443778853499509e-02
-1.013034377970350869e-01 -1.973006546202512035e-01 -2.822502876807720384e-01 -3.501372323467493719e-01 -3.959141505326061461e-01 -4.173078588595094396e-01 -4.158896579031552410e-01 -3.964457931279199987e-01 -3.650914423557648503e-01 -3.274447671809308513e-01 -2.877030382574810585e-01 -2.485564407081695404e-01 -2.114960787822332267e-01 -1.771853526916259136e-01 -1.457632037753569254e-01 -1.170575860366135507e-01 -9.072398974085733869e-02 -6.632988954106217028e-02 -4.340299198227600547e-02 -2.145643004408118518e-02
-1.432184577832048278e-01 -2.797377898809159102e-01 -4.014964892329055957e-01 -4.988404313420802816e-01 -5.628526508933688888e-01 -5.892683089360788440e-01 -5.809631330583500120e-01 -5.466373094733208982e-01 -4.968220456992007983e-01 -4.403807378477066492e-01 -3.832083165681207104e-01 -3.285829932698794420e-01 -2.780114391670716056e-01 -2.319433591238896641e-01 -1.902394366037291618e-01 -1.524512600470838697e-01 -1.179817935612437196e-01 -8.617332550396557267e-02 -5.635220664472812002e-02 -2.784828978497470853e-02
-1.912493282936932881e-01 -3.753138896471636676e-01 -5.417396421906440773e-01 -6.754148949817651015e-01 -7.607745732546723483e-01 -7.898782732516795857e-01 -7.678319797957965376e-01 -7.100891914496415547e-01 -6.342872601407382183e-01 -5.537775806851552574e-01 -4.761043999943522231e-01 -4.045449604357087003e-01 -3.400219006755191842e-01 -2.823370661239203994e-01 -2.307999142258338188e-01 -1.845262278191686922e-01 -1.425786007244110032e-01 -1.040294150182438093e-01 -6.798421825877409841e-02 -3.358452140169037453e-02
-2.442981557244280066e-01 -4.825044631332491285e-01 -7.020364980788061926e-01 -8.800198855999015191e-01 -9.903853328924315802e-01 -1.019083892695399118e+00 -9.747008404188132191e-01 -8.833194343216307365e-01 -7.731486295129190722e-01 -6.633340078440802534e-01 -5.626560415887970068e-01 -4.734303649707589656e-01 -3.951888335809001784e-01 -3.265825629448642076e-01 -2.660968886524788246e-01 -2.122751389647810627e-01 -1.637769714326829662e-01 -1.193815183820572667e-01 -7.797073090192348233e-02 -3.850557673055068214e-02
-2.973369362156511597e-01 -5.914043439030183258e-01 -8.681269023655939776e-01 -1.095118656400110302e+00 -1.232480129165418825e+00 -1.257856471851440006e+00 -1.184365622171055676e+00 -1.052019787937388484e+00 -9.023281245200908129e-01 -7.609266662885065813e-01 -6.371057158886441751e-01 -5.312184547092908549e-01 -4.407055675791849980e-01 -3.627059709604845139e-01 -2.947298284671684976e-01 -2.347004658026308477e-01 -1.808726323594661567e-01 -1.317489600948071604e-01 -8.601161124807356340e-02 -4.246705472639701606e-02
-3.406194171021754702e-01 -6.814336511857665979e-01 -1.007621040648827071e+00 -1.277903710208904142e+00 -1.438874142509398490e+00 -1.459910340099265458e+00 -1.358525632571054853e+00 -1.188285853899375022e+00 -1.003309684209675368e+00 -8.349037208241187891e-01 -6.922348139139035128e-01 -5.733905783475052864e-01 -4.736771139093587935e-01 -3.888027368933079653e-01 -3.154157494100688908e-01 -2.509242557711700572e-01 -1.932641359247485313e-01 -1.407300837172363872e-01 -9.185969999060829283e-02 -4.535103132021834488e-02
-3.626284328533923573e-01 -7.274852964631959296e-01 -1.079505947297048740e+00 -1.372668843964423901e+00 -1.546214167623830349e+00 -1.564977357814310466e+00 -1.448845914268011237e+00 -1.258733151898729252e+00 -1.055505955810351226e+00 -8.733776044279516482e-01 -7.212949448669260244e-01 -5.960409746144591514e-01 -4.917579500203340115e-01 -4.034069492587578631e-01 -3.272057888722478824e-01 -2.603166531853345900e-01 -2.005295776110503914e-01 -1.460475419463059255e-01 -9.534607531489021348e-02 -4.707737016302515620e-02
-3.565520848572039658e-01 -7.144836897873427795e-01 -1.058735481519855526e+00 -1.344986494291190882e+00 -1.515172254298726928e+00 -1.535794073306926188e+00 -1.425838579660271499e+00 -1.243478809994791989e+00 -1.047085515466695371e+00 -8.698258170128986277e-01 -7.207733320535799626e-01 -5.972408423850814607e-01 -4.938434360958466329e-01 -4.058549865360525644e-01 -3.296833261436618034e-01 -2.626069681610616602e-01 -2.024899828747528108e-01 -1.475844352812366311e-01 -9.639968982794132335e-02 -4.761237359535009511e-02
-3.250521427363814997e-01 -6.483126826716515412e-01 -9.550754221115653753e-01 -1.208275790510176417e+00 -1.361084269457355944e+00 -1.386913215502968644e+00 -1.301059026912595451e+00 -1.150370023813398479e+00 -9.827842568334401729e-01 -8.269267652293631476e-01 -6.921716921593450422e-01 -5.778596660238137783e-01 -4.804610807582874732e-01 -3.964803442100522379e-01 -3.230651179355232827e-01 -2.579378909821706256e-01 -1.992389554223150117e-01 -1.454005304171918644e-01 -9.505587557073728877e-02 -4.697243391797051998e-02
-2.783951227673336359e-01 -5.515174259388622158e-01 -8.056640287742118378e-01 -1.013288358330570960e+00 -1.141812860500494908e+00 -1.173296579582534083e+00 -1.118337177518390124e+00 -1.009386122135787156e+00 -8.808515858174951196e-01 -7.550726723688431230e-01 -6.413224385937237315e-01 -5.412506967515481326e-01 -4.536193702833319907e-01 -3.765360426117351778e-01 -3.081586005109104298e-01 -2.468405114790397925e-01 -1.911274230691920317e-01 -1.397228587933454780e-01 -9.145084941737920137e-02 -4.522148514890277082e-02
-2.279544197447369858e-01 -4.485182686651573158e-01 -6.497067688370251615e-01 -8.126163978614492356e-01 -9.169002266028802861e-01 -9.518538647429823918e-01 -9.240012062625492240e-01 -8.533749404976500585e-01 -7.623219902924283087e-01 -6.669938642290093034e-01 -5.758304312622671839e-01 -4.920333413422468549e-01 -4.162074873304366651e-01 -3.478836411397669970e-01 -2.861925674609634984e-01 -2.301381280542848518e-01 -1.787073727550813895e-01 -1.309126360638736553e-01 -8.580317950054691667e-02 -4.246265681184994978e-02
-1.812358426325319793e-01 -3.546951630947842160e-01 -5.105324923433992579e-01 -6.362273176631134675e-01 -7.197252039072759011e-01 -7.550325781832829541e-01 -7.458644384663286608e-01 -7.037709416577754284e-01 -6.424609883473705318e-01 -5.730507106898981018e-01 -5.025814987943494350e-01 -4.347767165735515471e-01 -3.712846174530026744e-01 -3.125975733521059730e-01 -2.585898355798560422e-01 -2.088120632640323715e-01 -1.626513080520742560e-01 -1.194171380396977233e-01 -7.838657623563838328e-02 -3.882596204642976834e-02
-1.411673696678864554e-01 -2.753622883149068334e-01 -3.949002698542097289e-01 -4.914899588752154047e-01 -5.579694248857296479e-01 -5.909618942437194766e-01 -5.924931889625068004e-01 -5.690786211511800197e-01 -5.289787751606661592e-01 -4.796446051622776374e-01 -4.265482106066348922e-01 -3.731865233315386776e-01 -3.215539394942153462e-01 -2.726319266981259148e-01 -2.267571210667989889e-01 -1.838689836341327877e-01 -1.436686639718214864e-01 -1.057180344667536104e-01 -6.950002636278682089e-02 -3.445461496536785656e-02
-1.078091585818419934e-01 -2.099573923814418708e-01 -3.006799950676722899e-01 -3.744082815902309846e-01 -4.267279567768839099e-01 -4.556232561093959688e-01 -4.621684901958215685e-01 -4.500695852652690232e-01 -4.243301770120119776e-01 -3.898792516297817090e-01 -3.507523047640145331e-01 -3.098623709134384341e-01 -2.691120529278206441e-01 -2.296190118335469099e-01 -1.919377358239513776e-01 -1.562380900266629180e-01 -1.224363332022629092e-01 -9.028631336596358581e-02 -5.944088070397458845e-02 -2.949247189077767312e-02
-8.006561093584188549e-02 -1.558495084561388744e-01 -2.231829551310556270e-01 -2.783021257978711693e-01 -3.183863487370021672e-01 -3.421531438930663360e-01 -3.501528103571323047e-01 -3.445242579826792717e-01 -3.283223985230329101e-01 -3.047684901819879832e-01 -2.767144689255420786e-01 -2.463977508071014677e-01 -2.154127824004463954e-01 -1.847943240671445775e-01 -1.551367226378091990e-01 -1.267093117422024851e-01 -9.955226966127997401e-02 -7.355000885007549616e-02 -4.848471129637459132e-02 -2.407439228568233197e-02
-5.659759024815741446e-02 -1.101748726780772542e-01 -1.578639352555467612e-01 -1.971729915013585022e-01 -2.262920159211774529e-01 -2.443857565153118028e-01 -2.517205294150672845e-01 -2.495285948912343565e-01 -2.396572162460740840e-01 -2.241549805869214040e-01 -2.049386771350097669e-01 -1.836012733390728069e-01 -1.613469910775040539e-01 -1.390087810449099903e-01 -1.171055221654896672e-01 -9.591016895885752513e-02 -7.551342883433591335e-02 -5.587674400244098394e-02 -3.687356408579341160e-02 -1.832038501364155469e-02
-3.614925102122685391e-02 -7.038671375628025029e-02 -1.009212466708961503e-01 -1.262280182175041232e-01 -1.452158562902720607e-01 -1.573708106481714886e-01 -1.628104148260408890e-01 -1.622099823626061421e-01 -1.566219360330756982e-01 -1.472552518220683060e-01 -1.352839247351380059e-01 -1.217216658662410023e-01 -1.073651295540328232e-01 -9.278828899635997718e-02 -7.836641881947259414e-02 -6.431241679250036813e-02 -5.071453586946286785e-02 -3.756997607514766385e-02 -2.481241593855952957e-02 -1.233358315740325402e-02
-1.761265145538288765e-02 -3.430135245853895704e-02 -4.920603579093309199e-02 -6.160152864929883954e-02 -7.097203277191213577e-02 -7.707071517609881406e-02 -7.993998771880446441e-02 -7.987880048982673453e-02 -7.736522135286338919e-02 -7.296014384765199534e-02 -6.722010099862921195e-02 -6.063633507580656196e-02 -5.360357305436306424e-02 -4.641282762851411253e-02 -3.925944827082672450e-02 -3.225854678883558618e-02 -2.546232267123672496e-02 -1.887620957417289816e-02 -1.247253916315905521e-02 -6.201530791798810782e-03
