-1.341446914955675938e-02 -2.599715316876397703e-02 -3.701369787500456698e-02 -4.591019300487531735e-02 -5.236740441182419215e-02 -5.631481860917769006e-02 -5.790227711402954475e-02 -5.743965213767128486e-02 -5.532355961466304400e-02 -5.196989583201629820e-02 -4.776395278067993577e-02 -4.303125219753826253e-02 -3.802625153278371001e-02 -3.293339458372228357e-02 -2.787520627048926947e-02 -2.292323649276609490e-02 -1.810927948532346093e-02 -1.343551568245061369e-02 -8.882983686881241667e-03 -4.418458464785372623e-03
-2.766072961518261514e-02 -5.356045060311206973e-02 -7.614745608573815494e-02 -9.425967580199934304e-02 -1.072446096616442579e-01 -1.149895967658291079e-01 -1.178546498132069242e-01 -1.165327982994350670e-01 -1.118847290390954513e-01 -1.047921058399780420e-01 -9.605466872990832405e-02 -8.633479777007879719e-02 -7.614034047910515912e-02 -6.583211643646308397e-02 -5.564420270921722339e-02 -4.570846826528388029e-02 -3.607839204587567905e-02 -2.674982598660351207e-02 -1.767797151301439204e-02 -8.790856972490292826e-03
-4.366798867696566888e-02 -8.443643739269324211e-02 -1.197559516068162494e-01 -1.477363835261261693e-01 -1.673617038200191087e-01 -1.785442804944468165e-01 -1.819939226215427641e-01 -1.789521908391851213e-01 -1.708904856868348199e-01 -1.592591766085998950e-01 -1.453278446893721265e-01 -1.301129422175305583e-01 -1.143681907258015940e-01 -9.861052464780954707e-02 -8.316103263633659037e-02 -6.818807053224114345e-02 -5.374603046211662988e-02 -3.980745372110802704e-02 -2.628823638787866623e-02 -1.306700385189691130e-02
-6.257446909744440733e-02 -1.207607070175073655e-01 -1.707025300666321355e-01 -2.095670331156730959e-01 -2.359205124851183888e-01 -2.498312231638239456e-01 -2.526242505026150553e-01 -2.463914715324194704e-01 -2.334658625271164023e-01 -2.160263165194231672e-01 -1.958846266305634687e-01 -1.744209646386670476e-01 -1.526089631760474408e-01 -1.310807647412880195e-01 -1.102013667904497424e-01 -9.013678076892453483e-02 -7.091024286143633726e-02 -5.244573756235157425e-02 -3.460051604642443157e-02 -1.718892945787685311e-02
-8.586519731849980019e-02 -1.653213516779500902e-01 -2.327141227991040839e-01 -2.838944281236734368e-01 -3.169095270107701312e-01 -3.322274798182662803e-01 -3.322761562369941357e-01 -3.205220048416956846e-01 -3.005547424968347259e-01 -2.754955607348324453e-01 -2.477634033069920083e-01 -2.190773688450283196e-01 -1.905659795039506554e-01 -1.629022567282233935e-01 -1.364269314970857072e-01 -1.112474897859545425e-01 -8.731244091790364703e-02 -6.446474061486667795e-02 -4.247916572136399560e-02 -2.108818631217242862e-02
-1.155286668078259471e-01 -2.218720848784591082e-01 -3.108259934603742614e-01 -3.762568673562184385e-01 -4.154812120535235076e-01 -4.298167079804184887e-01 -4.236923288420991751e-01 -4.028509026837233664e-01 -3.727312813433668603e-01 -3.376368793978395955e-01 -3.005959554510945209e-01 -2.635591654561114661e-01 -2.276754020854508120e-01 -1.935354200997617402e-01 -1.613566706545595253e-01 -1.311138333321521521e-01 -1.026273105129101165e-01 -7.562162122004623122e-02 -4.976321666604292121e-02 -2.468464197462849272e-02
-1.541268960991213077e-01 -2.953065540220690677e-01 -4.116867361161510308e-01 -4.939276033160404089e-01 -5.381516983073431071e-01 -5.473390917521674393e-01 -5.295593481530191937e-01 -4.943560454754249434e-01 -4.498530068274286253e-01 -4.017182507369913003e-01 -3.534233377470012427e-01 -3.068878698035340524e-01 -2.630411090179836653e-01 -2.222074262745427076e-01 -1.843505590924533477e-01 -1.492239106810298033e-01 -1.164613700012173264e-01 -8.563123516134922564e-02 -5.626745624280554692e-02 -2.788717099171026878e-02
-2.043622581626003964e-01 -3.908951833985949142e-01 -5.426377932874905108e-01 -6.449171052637915347e-01 -6.917267267564356503e-01 -6.890735440787153498e-01 -6.514574670586700256e-01 -5.946274745344803936e-01 -5.304515555983431163e-01 -4.659257096264235454e-01 -4.044856498336771855e-01 -3.475272086467439125e-01 -2.953937457305672032e-01 -2.479026818921664654e-01 -2.046142796774878536e-01 -1.649699137113454228e-01 -1.283630555573300192e-01 -9.417451533421497545e-02 -6.178824615143889420e-02 -3.059661506943901765e-02
-2.672328024720676543e-01 -5.107862444901362098e-01 -7.069990465913200683e-01 -8.327500589208903792e-01 -8.783816961466537343e-01 -8.548477351999373974e-01 -7.870486818793130945e-01 -7.001296595277167745e-01 -6.107857683370867541e-01 -5.269122035601855325e-01 -4.510438297525528606e-01 -3.833387978738262980e-01 -3.231037811241718183e-01 -2.693953205120640515e-01 -2.212340174151961325e-01 -1.776784387139203059e-01 -1.378464640177385347e-01 -1.009155828484186862e-01 -6.611444339752081678e-02 -3.271108683564619146e-02
-3.381720953007181785e-01 -6.464974182663772995e-01 -8.935757349203679034e-01 -1.044722534799468638e+00 -1.084964765557103528e+00 -1.032058104856513392e+00 -9.251673118744356827e-01 -8.016995357895400076e-01 -6.838033632103845960e-01 -5.794870756286483182e-01 -4.893709091673522082e-01 -4.116718484854026694e-01 -3.442865125906579005e-01 -2.853407923944065172e-01 -2.332480752876097685e-01 -1.866633883607253797e-01 -1.444288242426892133e-01 -1.055269554968466805e-01 -6.904291154452103785e-02 -3.413331577979208942e-02
-4.033932165883550858e-01 -7.716437989797164665e-01 -1.066166514191647430e+00 -1.240063255768105499e+00 -1.272521159276304825e+00 -1.188459930122674368e+00 -1.042060757409304372e+00 -8.832144372600639892e-01 -7.390346372239929851e-01 -6.169357909053354572e-01 -5.151264027146879032e-01 -4.296717113971091351e-01 -3.570278273938655156e-01 -2.944332001114458586e-01 -2.397541629653632822e-01 -1.912982597817609598e-01 -1.476785285159978311e-01 -1.077205444131144468e-01 -7.039696844129951503e-02 -3.477929375896848113e-02
-4.423353735243157892e-01 -8.464971801477576552e-01 -1.169552994591420036e+00 -1.356584232530789969e+00 -1.382866568402003393e+00 -1.278030727809496003e+00 -1.106115980214931405e+00 -9.250495785187035080e-01 -7.649202505181467160e-01 -6.324956742337698445e-01 -5.242603362944933121e-01 -4.348270614904545806e-01 -3.597167389661310999e-01 -2.956098428382903931e-01 -2.400371886395710752e-01 -1.910970144750016309e-01 -1.472665289053880222e-01 -1.072797479815405658e-01 -7.004514122523525232e-02 -3.458689962079160296e-02
-4.390398796925162883e-01 -8.400923174639243207e-01 -1.160444203621252335e+00 -1.345498439783916478e+00 -1.370704744685250942e+00 -1.265576468665801535e+00 -1.093853264710990425e+00 -9.132010975766499117e-01 -7.535903633332914353e-01 -6.217724514597100516e-01 -5.142428273128007987e-01 -4.256153159657279916e-01 -3.513980668128730001e-01 -2.882520169601410776e-01 -2.336877870403725466e-01 -1.857861513107761375e-01 -1.430108748497955218e-01 -1.040867920159294080e-01 -6.791695854721310766e-02 -3.352315191434863950e-02
-3.939306880372224207e-01 -7.532555857940550492e-01 -1.039998729766081098e+00 -1.208092651774432147e+00 -1.237176341959593806e+00 -1.151896164679240053e+00 -1.005698396903186076e+00 -8.478130592853183600e-01 -7.050290750934051776e-01 -5.846829524839491921e-01 -4.849764652748850824e-01 -4.019494853695485537e-01 -3.320040606237421588e-01 -2.723121290633090941e-01 -2.206758641921733322e-01 -1.753489859703335763e-01 -1.349040811451261979e-01 -9.813960340435234908e-02 -6.401275494427470514e-02 -3.158874351520458978e-02
-3.233931092961123688e-01 -6.177811993393207413e-01 -8.526602411837809203e-01 -9.944138708982570574e-01 -1.028657838800620450e+00 -9.728822836284005682e-01 -8.654204574453321364e-01 -7.428754862630950750e-01 -6.269293262956379120e-01 -5.253905813122791146e-01 -4.387697604885024694e-01 -3.651691332014857516e-01 -3.023534401013779904e-01 -2.483163960613974930e-01 -2.013546023028119636e-01 -1.600299032002704680e-01 -1.231169049626801432e-01 -8.955480084179924527e-02 -5.840572360465395851e-02 -2.881906477977897243e-02
-2.476244446851240122e-01 -4.726871466646832554e-01 -6.526366448047870028e-01 -7.654736056812185829e-01 -8.021745655071511605e-01 -7.735565021181530776e-01 -7.038359143213912539e-01 -6.173968537581592253e-01 -5.303728990538113530e-01 -4.502888221136607805e-01 -3.793941540911076604e-01 -3.175850826632688473e-01 -2.639224210673605242e-01 -2.172453215117716996e-01 -1.763962977931673726e-01 -1.402991670904653598e-01 -1.079788987710675052e-01 -7.855699842929848853e-02 -5.123630467870717714e-02 -2.528179525260055432e-02
-1.796173245125936013e-01 -3.428221162744214956e-01 -4.739839323519098313e-01 -5.595956606700004388e-01 -5.943289863249613392e-01 -5.842086199727932749e-01 -5.432386588819407836e-01 -4.864759362148342037e-01 -4.251261242471527368e-01 -3.656123033783701404e-01 -3.108686731429263772e-01 -2.618465307441608658e-01 -2.185050915046083675e-01 -1.803461439807170219e-01 -1.466861380699860107e-01 -1.167915889775925781e-01 -8.994256560785507393e-02 -6.545801491284879148e-02 -4.270071852607467550e-02 -2.107182653803414685e-02
-1.231726653119941950e-01 -2.352069250070576989e-01 -3.258916454258742879e-01 -3.872037369532011497e-01 -4.160395088828890420e-01 -4.155107016537756270e-01 -3.932790219476604010e-01 -3.581669868259801937e-01 -3.174697491720857023e-01 -2.760393532482124379e-01 -2.366006849807530954e-01 -2.004246574057842178e-01 -1.679050782279375431e-01 -1.389480507799491782e-01 -1.132105728504470277e-01 -9.023852022115236293e-02 -6.954179659129430813e-02 -5.063179960081088532e-02 -3.303676927824994447e-02 -1.630480226930769438e-02
-7.666159458012289374e-02 -1.465085389220820433e-01 -2.034483815389568906e-01 -2.429676474805900765e-01 -2.633144962276429135e-01 -2.659819484092752484e-01 -2.549191534155815231e-01 -2.349526053357631761e-01 -2.104040550847715574e-01 -1.844433219257431700e-01 -1.590648536667205459e-01 -1.353457175471648732e-01 -1.137424742305943870e-01 -9.433042833385432702e-02 -7.696960125047294654e-02 -6.141011807059728461e-02 -4.735431923067809357e-02 -3.449062517592804689e-02 -2.250977020525953692e-02 -1.111062451781591291e-02
-3.673828488308910484e-02 -7.025917452841534683e-02 -9.772450444144123449e-02 -1.170903962841824270e-01 -1.275533321713787083e-01 -1.297063243475849170e-01 -1.252219375031873583e-01 -1.162278592984200554e-01 -1.047237187607654441e-01 -9.225915027407391444e-02 -7.986873123553672738e-02 -6.815079303305804359e-02 -5.738871834551555889e-02 -4.766161188860245507e-02 -3.892731415646200066e-02 -3.107804629157194173e-02 -2.397474541238964196e-02 -1.746661330513047533e-02 -1.140107571919980918e-02 -5.627923721138343438e-03
