-5.930898145631894464e-02 -1.036118252128856998e-01 -1.279254321654612336e-01 -1.339023661382961194e-01 -1.270686256149556048e-01 -1.134759871666752157e-01 -9.764662620457065234e-02 -8.218907046061516009e-02 -6.828899226854003024e-02 -5.630801495338638024e-02 -4.620210060861864448e-02 -3.775823460394578390e-02 -3.071430103441472742e-02 -2.481413027509152269e-02 -1.982899963427463969e-02 -1.556281606454921508e-02 -1.185000779516043150e-02 -8.550608084147346549e-03 -5.544615605617992521e-03 -2.726483834811989533e-03
-1.296197971844249563e-01 -2.228174120849554518e-01 -2.705300610627806024e-01 -2.783083716128341156e-01 -2.597930267478587019e-01 -2.287888513086680231e-01 -1.948115830882754806e-01 -1.627977791819602560e-01 -1.346552705051758392e-01 -1.107405343112329021e-01 -9.074211411088738133e-02 -7.411653461343932492e-02 -6.028483904401429200e-02 -4.871322004564727220e-02 -3.893905126119825283e-02 -3.057225552079885847e-02 -2.328660581337317972e-02 -1.680780892890862410e-02 -1.090136985512046158e-02 -5.361320263030595716e-03
-2.200544558280569662e-01 -3.696174796954506125e-01 -4.381823518648667037e-01 -4.396179317753506899e-01 -4.005163278498040658e-01 -3.454473622892144657e-01 -2.895659082507892612e-01 -2.394420519147550941e-01 -1.967790695122725031e-01 -1.612549764780987493e-01 -1.319091264185220380e-01 -1.076809394410648962e-01 -8.759529849138560087e-02 -7.081485846337470802e-02 -5.664172688215762808e-02 -4.450054696630593304e-02 -3.391634914009063889e-02 -2.449265082939579632e-02 -1.589173541065157583e-02 -7.817427075729695141e-03
-3.306934560427585157e-01 -5.422161822187088198e-01 -6.270324115422097888e-01 -6.124923538258120193e-01 -5.433537135360201331e-01 -4.578970304910267575e-01 -3.771829450762488878e-01 -3.083380768499976998e-01 -2.517186039561933875e-01 -2.055857409527999113e-01 -1.679579799356835657e-01 -1.371027616208444766e-01 -1.116005524585937519e-01 -9.030918566693278693e-02 -7.231244755270641034e-02 -5.687185300316710546e-02 -4.338559082019426832e-02 -3.135470932883543949e-02 -2.035549323286768922e-02 -1.001665357709385397e-02
-4.428871613991660627e-01 -7.124157288098527108e-01 -8.078099304930980162e-01 -7.722022600623738020e-01 -6.701078393337869255e-01 -5.538597608570825503e-01 -4.497038196745317129e-01 -3.643365751008205145e-01 -2.960654011481758108e-01 -2.413986958157989249e-01 -1.972331317137770712e-01 -1.611714906563724570e-01 -1.313949549135996764e-01 -1.065088801631917936e-01 -8.542701947769741622e-02 -6.728882403487936037e-02 -5.139944816642907227e-02 -3.718510151783499529e-02 -2.415887441039065234e-02 -1.189369389984954589e-02
-5.199071763994461692e-01 -8.278463357660557076e-01 -9.291188573354407509e-01 -8.782554800924002869e-01 -7.535683705664568688e-01 -6.169077341404938242e-01 -4.977146511185404631e-01 -4.020473222444423955e-01 -3.266195702905178022e-01 -2.666879810884231206e-01 -2.184023105820387112e-01 -1.789549675803320250e-01 -1.462988834378518010e-01 -1.189043561423279577e-01 -9.559792152816656841e-02 -7.545697118128169567e-02 -5.773827381921115692e-02 -4.182737159981106401e-02 -2.720120819175132765e-02 -1.339924715532294676e-02
-5.286250070852493987e-01 -8.422944511962394687e-01 -9.465688108178308413e-01 -8.966580329501885327e-01 -7.717925456908620863e-01 -6.345022722328265141e-01 -5.145101603371358134e-01 -4.179168595818274490e-01 -3.414246878883100411e-01 -2.803010728145152175e-01 -2.307304079966430721e-01 -1.899469912634147439e-01 -1.559412400085937733e-01 -1.272117347714400160e-01 -1.026033345049812695e-01 -8.120286177332790289e-02 -6.226929920916623312e-02 -4.518490076373616465e-02 -2.941933674107963942e-02 -1.450208551186035755e-02
-4.667515534502341690e-01 -7.526964137594959192e-01 -8.573894144913383197e-01 -8.255008165857561364e-01 -7.237779932324273080e-01 -6.062858750147711584e-01 -5.000725189581248786e-01 -4.120534802841254174e-01 -3.406036000056846258e-01 -2.823303695726412377e-01 -2.342684542378128121e-01 -1.941611511758891961e-01 -1.603073360352877119e-01 -1.313980040498203272e-01 -1.064008148527185033e-01 -8.448183784725796230e-02 -6.495115651882366059e-02 -4.722359174165097206e-02 -3.078914968081814668e-02 -1.518975663025553223e-02
-3.651512617967240248e-01 -6.022733097751133968e-01 -7.033593798573367639e-01 -6.971200080456713133e-01 -6.307793298365325096e-01 -5.447697305892871267e-01 -4.613899398412683039e-01 -3.883606786580036108e-01 -3.264068724335693616e-01 -2.741245284680344785e-01 -2.298497200632366455e-01 -1.921216698947533774e-01 -1.597289352076567970e-01 -1.316721252266235820e-01 -1.071200773799628886e-01 -8.537251358595542017e-02 -6.582989279925545445e-02 -4.796915650235233225e-02 -3.132391070378848924e-02 -1.546778962260167596e-02
-2.624675591739071279e-01 -4.461608532753621459e-01 -5.387251249493999472e-01 -5.544537717938978760e-01 -5.218811566482618458e-01 -4.677314606285810084e-01 -4.088144594230394557e-01 -3.528545899513021444e-01 -3.024221797560123770e-01 -2.578972003113046974e-01 -2.188829561285817737e-01 -1.847467779529305409e-01 -1.548145994691264016e-01 -1.284414765135077352e-01 -1.050348495249502911e-01 -8.405824117314715516e-02 -6.502674045921656709e-02 -4.749922831597148953e-02 -3.106954427331602708e-02 -1.535749036104988238e-02
-1.812574643369779248e-01 -3.182791969967748713e-01 -3.985888761023757554e-01 -4.270756904317902225e-01 -4.187746608141824645e-01 -3.897388354883624118e-01 -3.517097263040968036e-01 -3.114935845866872444e-01 -2.724783473516468879e-01 -2.361529401738258760e-01 -2.030375557384237473e-01 -1.731678407338283210e-01 -1.463411965903173295e-01 -1.222443239860643710e-01 -1.005195946968645559e-01 -8.079885616527536507e-02 -6.271959519415912232e-02 -4.593147015840046837e-02 -3.009754621985331197e-02 -1.489262641118081765e-02
-1.250057522095688323e-01 -2.259490861888215629e-01 -2.926678292610178089e-01 -3.253790298189025432e-01 -3.310923599100943360e-01 -3.188145829913631157e-01 -2.962631221661194414e-01 -2.688215046795650043e-01 -2.398272831922445003e-01 -2.111965660594354588e-01 -1.839462894199947463e-01 -1.585458109353601042e-01 -1.351380134910667719e-01 -1.136750191792830766e-01 -9.400034207256609264e-02 -7.589798706676714746e-02 -5.912131103532494714e-02 -4.340950820492806006e-02 -2.849654261602023453e-02 -1.411546809959469961e-02
-8.790023175010415468e-02 -1.624470845135054520e-01 -2.162639097971273128e-01 -2.478478078471393897e-01 -2.600468204905478364e-01 -2.576731075051495456e-01 -2.455717860883514236e-01 -2.276739276697793690e-01 -2.068082708300655048e-01 -1.848592129891201696e-01 -1.630051692380845851e-01 -1.419310901942752723e-01 -1.219900201579348503e-01 -1.033173900486757668e-01 -8.590875985646848068e-02 -6.967143425636078413e-02 -5.445814872635620918e-02 -4.008870712791594987e-02 -2.636364542691674306e-02 -1.307270237051596715e-02
-6.319767438279889904e-02 -1.186318488032847979e-01 -1.612248166137424110e-01 -1.891538944282584178e-01 -2.033121762589245873e-01 -2.061643316409489668e-01 -2.006509068369552173e-01 -1.894887087970065498e-01 -1.748717964647466816e-01 -1.584267344215165574e-01 -1.412840695083066866e-01 -1.241833548149421790e-01 -1.075735812624461357e-01 -9.169575596416676411e-02 -7.664586690059370377e-02 -6.242083600144061883e-02 -4.895113919509700567e-02 -3.612352225437436698e-02 -2.379662700214732821e-02 -1.181169441558824716e-02
-4.611933400071546729e-02 -8.750493070264375728e-02 -1.207223899263073635e-01 -1.441505263223537558e-01 -1.578452824890693440e-01 -1.630072245867634495e-01 -1.613749736882899299e-01 -1.547574036204123482e-01 -1.447633381845186418e-01 -1.326918369518529928e-01 -1.195210120355026245e-01 -1.059446737506018893e-01 -9.242518973579201547e-02 -7.924618116097419118e-02 -6.655811065199751519e-02 -5.441489967810548417e-02 -4.280204570928014540e-02 -3.165761220112837948e-02 -2.088764328256794908e-02 -1.037744621455046617e-02
-3.375925815718707618e-02 -6.452916315737752817e-02 -8.999515020517989683e-02 -1.088716191944526929e-01 -1.209069361421490213e-01 -1.266427612910776268e-01 -1.270839318107063465e-01 -1.234024992272649002e-01 -1.167322950840609663e-01 -1.080562531763330780e-01 -9.816346181613117006e-02 -8.764913221351434969e-02 -7.693631842904688489e-02 -6.630566288695861898e-02 -5.592549058073981866e-02 -4.587860201879287447e-02 -3.618452809579510154e-02 -2.681723509735224262e-02 -1.771888492724036160e-02 -8.810445882985113927e-03
-2.438723241475094020e-02 -4.685588364019090124e-02 -6.585623658222541921e-02 -8.043311138731265575e-02 -9.026772051417879250e-02 -9.557282036468719988e-02 -9.691545488493849558e-02 -9.503635391584039360e-02 -9.070708255698628486e-02 -8.463741091855496446e-02 -7.742744278447416528e-02 -6.955206954507475725e-02 -6.136528226104237538e-02 -5.311465750870608682e-02 -4.495958117663806375e-02 -3.698948668351639824e-02 -2.924022667693628938e-02 -2.170791315476677460e-02 -1.436021401829101936e-02 -7.145451020114728172e-03
-1.693370563459720840e-02 -3.265081155910590227e-02 -4.614072433422529429e-02 -5.673681954575719721e-02 -6.415798841724248969e-02 -6.846533470578249070e-02 -6.996870776558544724e-02 -6.912037546673112376e-02 -6.642226385859673066e-02 -6.235885983342863426e-02 -5.735682323131509330e-02 -5.176641458472714535e-02 -4.585807999635376636e-02 -3.982809751856992986e-02 -3.380868597064433378e-02 -2.787953344613592482e-02 -2.207897667221490196e-02 -1.641397532337435239e-02 -1.086860592365649324e-02 -5.411143462118143434e-03
-1.069677569966041505e-02 -2.067292829751231700e-02 -2.931902586305846353e-02 -3.621544898087070141e-02 -4.116207446180579488e-02 -4.416181941427740204e-02 -4.537366235754149851e-02 -4.505417375933938595e-02 -4.350273431119693057e-02 -4.101893838372034501e-02 -3.787457248815041810e-02 -3.429868309309861557e-02 -3.047252221617995430e-02 -2.653096287728000380e-02 -2.256752861703602633e-02 -1.864098176935778325e-02 -1.478216950976819592e-02 -1.100040542712967841e-02 -7.289089279670753034e-03 -3.630517489822807520e-03
-5.180468658364547480e-03 -1.002509934438863305e-02 -1.424699966003835187e-02 -1.764387217556622270e-02 -2.011303788320234487e-02 -2.164620137006378203e-02 -2.230994675852015705e-02 -2.221992012333268152e-02 -2.151556035149577648e-02 -2.033958573047050036e-02 -1.882384502341274621e-02 -1.708122229534014477e-02 -1.520236149586203477e-02 -1.325570173907032225e-02 -1.128948114847275717e-02 -9.334694317558145729e-03 -7.408312723175468524e-03 -5.516386515763017223e-03 -3.656828292285397262e-03 -1.821836376649364547e-03
