-1.523202592787979270e-03 -3.040882924674061672e-03 -4.545940216262350092e-03 -6.028107781518627153e-03 -7.472556515233086220e-03 -8.858707952653522427e-03 -1.015934590129777965e-02 -1.134029794672687663e-02 -1.236075247652481009e-02 -1.317449923768718167e-02 -1.373218536893915619e-02 -1.398460195592468071e-02 -1.388694092340675944e-02 -1.340362000235754969e-02 -1.251325942420366232e-02 -1.121305404475684935e-02 -9.521950670729023916e-03 -7.481931888083145042e-03 -5.157155312407168783e-03 -2.630807358790404268e-03
-3.051915717211106140e-03 -6.094403312037002980e-03 -9.114770352054983593e-03 -1.209391892236290171e-02 -1.500340267696757823e-02 -1.780290446723724329e-02 -2.043837424071494324e-02 -2.284108743613840614e-02 -2.492820435501505102e-02 -2.660506054335694953e-02 -2.776962978896654194e-02 -2.831928074885125754e-02 -2.815952743841310807e-02 -2.721427147439195102e-02 -2.543634115518407859e-02 -2.281699454645064531e-02 -1.939279699778085481e-02 -1.524861046477253915e-02 -1.051587205020029954e-02 -5.366068830410928268e-03
-4.590079509612994546e-03 -9.170054969810026088e-03 -1.372482147472339070e-02 -1.822936778749549916e-02 -2.264418348251725707e-02 -2.691111980218358068e-02 -3.095012992195550483e-02 -3.465746493763433023e-02 -3.790591148661261178e-02 -4.054788330195055468e-02 -4.242198017926300524e-02 -4.336333958863772264e-02 -4.321759764714321050e-02 -4.185757128840982694e-02 -3.920081652720051879e-02 -3.522575803176922898e-02 -2.998361036301331120e-02 -2.360382453661127519e-02 -1.629164023002490497e-02 -8.317590802254982638e-03
-6.138361481714228567e-03 -1.227093180759104320e-02 -1.838506919712776938e-02 -2.445451190213424747e-02 -3.043281286885392289e-02 -3.624721874234734104e-02 -4.179353985685310691e-02 -4.693270736222389383e-02 -5.149005671067832801e-02 -5.525854083626861868e-02 -5.800702920192471468e-02 -5.949445343992355861e-02 -5.948992825745833685e-02 -5.779756450105150850e-02 -5.428356755131136940e-02 -4.890158364194174129e-02 -4.171204078468000731e-02 -3.289141966706687903e-02 -2.272926532172299049e-02 -1.161264743895787203e-02
-7.692441883918967049e-03 -1.539023964420485613e-02 -2.308998856518003004e-02 -3.077076385689439531e-02 -3.838528973637667790e-02 -4.585135968642954640e-02 -5.304407223686916778e-02 -5.978973173003046537e-02 -6.586301169957518853e-02 -7.098913512034335516e-02 -7.485306815153139337e-02 -7.711747499623913815e-02 -7.745004132674310204e-02 -7.555916319198055509e-02 -7.123426555327960763e-02 -6.438494630996981216e-02 -5.507152440639154212e-02 -4.352054137267399175e-02 -3.012134054695389182e-02 -1.540373306801473725e-02
-9.241180020965059430e-03 -1.850758001434595762e-02 -2.781386081707639887e-02 -3.715321927300072741e-02 -4.648615303232341706e-02 -5.572882322894992524e-02 -6.474162508537723015e-02 -7.331908718329865904e-02 -8.118306028153951526e-02 -8.798183120427197079e-02 -9.329856324513961796e-02 -9.667226100210779549e-02 -9.763355853575832188e-02 -9.575472998919412615e-02 -9.070934929952324810e-02 -8.233237457972107654e-02 -7.066854288048850241e-02 -5.599786101394284288e-02 -3.883181195153712767e-02 -1.988093861667373716e-02
-1.076468028741089066e-02 -2.158503788008411459e-02 -3.250460582114236829e-02 -4.354204137723563517e-02 -5.467723581412416850e-02 -6.583612063829571981e-02 -7.687447300331515243e-02 -8.756187870425136133e-02 -9.756822497897944813e-02 -1.064564878024153310e-01 -1.136870107148905268e-01 -1.186393884654272368e-01 -1.206571496435832752e-01 -1.191167945502223241e-01 -1.135159747977405459e-01 -1.035666042710102069e-01 -8.927236898019449973e-02 -7.097051771841868251e-02 -4.932708772118539475e-02 -2.528820061060154875e-02
-1.223250346092940970e-02 -2.456325263552144172e-02 -3.707744688450452519e-02 -4.983305694516580731e-02 -6.284457810316235182e-02 -7.606390354418070265e-02 -8.935821360493724497e-02 -1.024856520333779220e-01 -1.150714054064131131e-01 -1.265888051316527707e-01 -1.363535296937099517e-01 -1.435410834621494436e-01 -1.472387946233464640e-01 -1.465392608390270190e-01 -1.406710795244585366e-01 -1.291456305595525544e-01 -1.118837592674344072e-01 -8.928471478344404688e-02 -6.221779697274264914e-02 -3.194476322409035146e-02
-1.360206546551384968e-02 -2.735800525630124533e-02 -4.140883089754329033e-02 -5.586811288271990861e-02 -7.080406147539282380e-02 -8.621665311404221044e-02 -1.020087465678375382e-01 -1.179510599614908700e-01 -1.336428460225343173e-01 -1.484737155681894738e-01 -1.615971540645004256e-01 -1.719325599668816429e-01 -1.782176110187823626e-01 -1.791302927948477119e-01 -1.734833466940755020e-01 -1.604609875611463510e-01 -1.398322442868803750e-01 -1.120667322306522218e-01 -7.831458953032705006e-02 -4.027303882885183844e-02
-1.481773660112686852e-02 -2.985784690251497286e-02 -4.533171561116967202e-02 -6.142646191554057555e-02 -7.828685579724299626e-02 -9.598983404025834831e-02 -1.145089973162241315e-01 -1.336668988729901864e-01 -1.530750973942100468e-01 -1.720659732076088300e-01 -1.896287327779748733e-01 -2.043742775557920721e-01 -2.145686083278585954e-01 -2.182806132407957012e-01 -2.136705727778814012e-01 -1.993822063896148467e-01 -1.749170665096841382e-01 -1.408350767725252140e-01 -9.870064061878934536e-02 -5.083273754857637466e-02
-1.581102511887016657e-02 -3.192389647357340293e-02 -4.863369057874616236e-02 -6.621912628446187388e-02 -8.492700467406356923e-02 -1.049467728849739212e-01 -1.263704146328160638e-01 -1.491323412993376951e-01 -1.729245635095698341e-01 -1.970862434266965613e-01 -2.204772628589927452e-01 -2.413665330202811599e-01 -2.574001914426884419e-01 -2.657495824917693317e-01 -2.635309088639598563e-01 -2.484741572518600616e-01 -2.196133843813038722e-01 -1.776522687630974484e-01 -1.248183171617097409e-01 -6.435655062069230159e-02
-1.650244616691786889e-02 -3.339299789373388616e-02 -5.105998573835673904e-02 -6.988929589007245036e-02 -9.025521565932526080e-02 -1.124997674264809067e-01 -1.368934589392968304e-01 -1.635673963928285513e-01 -1.924044193161322802e-01 -2.228767142751002517e-01 -2.538257135489536687e-01 -2.832081510024003213e-01 -3.078994335353832379e-01 -3.237528930731054522e-01 -3.261773365990537354e-01 -3.113093514216320745e-01 -2.773561457749261216e-01 -2.253060529356650521e-01 -1.585453226390462211e-01 -8.176799528127585981e-02
-1.680574830725868260e-02 -3.408563116418596856e-02 -5.232391654612932042e-02 -7.202282101525692148e-02 -9.370472932776575947e-02 -1.179035611277009510e-01 -1.451361757782016482e-01 -1.758392258691701959e-01 -2.102484533213131723e-01 -2.481875609175137609e-01 -2.887273001289535901e-01 -3.296936522292059357e-01 -3.671095976057678900e-01 -3.949269705393935737e-01 -4.057176895135035655e-01 -3.927635759040514762e-01 -3.527823368734022691e-01 -2.873925058677641586e-01 -2.021472395878476658e-01 -1.041153614010287831e-01
-1.663490252459026014e-02 -3.381983908021999469e-02 -5.212719932731977451e-02 -7.217328035484985027e-02 -9.463726865694087331e-02 -1.202735007879423973e-01 -1.499083540175053519e-01 -1.844044871020724952e-01 -2.245598568224839442e-01 -2.708811188298158590e-01 -3.231246861167996198e-01 -3.794548219619314766e-01 -4.351805384019755141e-01 -4.816257450384646144e-01 -5.066848426835321995e-01 -4.985330014882856098e-01 -4.512119784853777515e-01 -3.677174237524856171e-01 -2.577116808761235611e-01 -1.322278396103691578e-01
-1.591402105128380054e-02 -3.243160912313017979e-02 -5.019172484075750534e-02 -6.990579061238916259e-02 -9.239749995587827336e-02 -1.186447506151610126e-01 -1.498190609223657710e-01 -1.873090068184044277e-01 -2.326934328268107088e-01 -2.875791761785334022e-01 -3.530935399588657764e-01 -4.286090681446972916e-01 -5.092786840322768294e-01 -5.830871395743826291e-01 -6.306404931298463801e-01 -6.315120111255309032e-01 -5.752084794089863395e-01 -4.674227750100227174e-01 -3.251201411955733644e-01 -1.656803892109409426e-01
-1.458957299154518480e-02 -2.980084682629558640e-02 -4.630227722716155625e-02 -6.486060647915439792e-02 -8.640213329795380648e-02 -1.120888463884389397e-01 -1.434136269497675031e-01 -1.823141102285708026e-01 -2.312859776799575939e-01 -2.934040111371618020e-01 -3.719182610284018642e-01 -4.685598525426278860e-01 -5.793622841378064381e-01 -6.886611684807487643e-01 -7.671041926254715815e-01 -7.816847996361087070e-01 -7.152288992507127574e-01 -5.778067960623196608e-01 -3.975170277215193670e-01 -2.006802671998466625e-01
-1.264343211368425431e-02 -2.587992689451409228e-02 -4.035591070035698252e-02 -5.683218067680164548e-02 -7.626152260878936440e-02 -9.989474080864127470e-02 -1.294312950499605097e-01 -1.672354309441142217e-01 -2.166317836024768684e-01 -2.822128861533085842e-01 -3.697192616641228891e-01 -4.840880448203210840e-01 -6.233885297655823443e-01 -7.689781452600915612e-01 -8.808278871716535008e-01 -9.115744730417345565e-01 -8.363579852036117090e-01 -6.706480715803824211e-01 -4.556739941614190714e-01 -2.276299571500061680e-01
-1.010423448082840674e-02 -2.071951630120054746e-02 -3.240923727153774414e-02 -4.585064126821800784e-02 -6.191698166884151977e-02 -8.179710327539853332e-02 -1.071791417168345834e-01 -1.405407485105318321e-01 -1.855997119891117653e-01 -2.479059985965914037e-01 -3.350939093427651172e-01 -4.549714710518078520e-01 -6.081804025288336524e-01 -7.752404074100168740e-01 -9.092889346424042341e-01 -9.527891214795289887e-01 -8.753614674959051545e-01 -6.967033079454558742e-01 -4.677583523722702585e-01 -2.313174263658632490e-01
-7.053991335574062368e-03 -1.448466417922572406e-02 -2.271085837925521794e-02 -3.224413226631780982e-02 -4.375861503598350161e-02 -5.819729913383107911e-02 -7.694418102707697993e-02 -1.021141184163095322e-01 -1.370391195431542031e-01 -1.869839111137655274e-01 -2.596765661945115711e-01 -3.638167372487066675e-01 -5.020205765865686232e-01 -6.575400596053097013e-01 -7.860308464527200334e-01 -8.314930446170843981e-01 -7.642218691191026148e-01 -6.040491193451220653e-01 -4.012132672029961600e-01 -1.966091504845756677e-01
-3.627068482237051725e-03 -7.454279988556398485e-03 -1.170538427629977743e-02 -1.665638569886108977e-02 -2.267601400967991440e-02 -3.028903345622871446e-02 -4.028261020898440958e-02 -5.389425250927375177e-02 -7.314834980318146718e-02 -1.014003006476921070e-01 -1.438675966620450164e-01 -2.069090522476511040e-01 -2.934341144787399602e-01 -3.935854515558518951e-01 -4.783634419700230622e-01 -5.100438668507846218e-01 -4.684937366087317256e-01 -3.675038656109448354e-01 -2.413629913322711262e-01 -1.171768083341135358e-01
