-1.634572167092938899e-02 -3.129748946077479110e-02 -4.371704517072370899e-02 -5.289765956101866867e-02 -5.862276192974414518e-02 -6.110635729378227632e-02 -6.085417612639755502e-02 -5.850414302684199541e-02 -5.469467019838823718e-02 -4.998209584607151562e-02 -4.480480587859288905e-02 -3.948010592018687259e-02 -3.421892142928432273e-02 -2.914714481695750495e-02 -2.432706564405891572e-02 -1.977573783715937464e-02 -1.547937631803564251e-02 -1.140395476747886085e-02 -7.502659645896198569e-03 -3.720954225538931123e-03
-3.408524254995506236e-02 -6.512697429913294478e-02 -9.067275924810902499e-02 -1.092506037775193839e-01 -1.204868716320408317e-01 -1.249484153461029590e-01 -1.238061725978254340e-01 -1.184677089786015519e-01 -1.102924231389382781e-01 -1.004288819430663310e-01 -8.975699828121132262e-02 -7.889668961174578499e-02 -6.824843227790947098e-02 -5.804259219345258430e-02 -4.838536850602115358e-02 -3.929648767468867793e-02 -3.073779058552181254e-02 -2.263377680057953797e-02 -1.488573422590422704e-02 -7.381166135135800756e-03
-5.486616449379626975e-02 -1.044492005486902936e-01 -1.445927543903443857e-01 -1.729419384156134221e-01 -1.891236078683905530e-01 -1.943932167639460251e-01 -1.909539945680939488e-01 -1.812679791098869009e-01 -1.675783698789442833e-01 -1.516839689638561084e-01 -1.348975761083634206e-01 -1.181012021919428528e-01 -1.018355318030950418e-01 -8.638942184840046890e-02 -7.187530907607594943e-02 -5.828701374981876820e-02 -4.554148656620277819e-02 -3.350761348515937654e-02 -2.202534608464233601e-02 -1.091799302281503195e-02
-8.090758826428831596e-02 -1.531768000778006567e-01 -2.102680958732387473e-01 -2.487669570013810172e-01 -2.686501645161494256e-01 -2.725357738938671837e-01 -2.643444098088765792e-01 -2.480706312373792133e-01 -2.270687999812963376e-01 -2.038309444969710060e-01 -1.800480644645469641e-01 -1.567749855683930049e-01 -1.346030566541526752e-01 -1.138042468377886696e-01 -9.443940178806022046e-02 -7.643471693317212268e-02 -5.963347759233933454e-02 -4.382983040895396115e-02 -2.879005834323231441e-02 -1.426548129388550794e-02
-1.154047600293193893e-01 -2.168069039632778139e-01 -2.942210087216158287e-01 -3.429347886142849466e-01 -3.639950555190286097e-01 -3.626660399940326851e-01 -3.457835408305869884e-01 -3.195916758960432591e-01 -2.887931151528265739e-01 -2.565225388646965032e-01 -2.246886426670232639e-01 -1.943475690435786385e-01 -1.659974513893501813e-01 -1.397850937779727132e-01 -1.156432963668499320e-01 -9.337891649868186594e-02 -7.272782510828645908e-02 -5.338815223286901002e-02 -3.503959356820971621e-02 -1.735389855291040104e-02
-1.627867915963497059e-01 -3.027394957057776836e-01 -4.049474328218855002e-01 -4.630864343170768560e-01 -4.806324100403515653e-01 -4.678036307567355334e-01 -4.363258359373066164e-01 -3.956604134122420624e-01 -3.519765862512825305e-01 -3.087752717021462479e-01 -2.678360455040211807e-01 -2.299291180250907229e-01 -1.952540414926504098e-01 -1.636953539024504634e-01 -1.349697273450378709e-01 -1.087097621326736374e-01 -8.451069271992271703e-02 -6.195533980965680504e-02 -4.062627752675732756e-02 -2.011053962183519117e-02
-2.278173151271813968e-01 -4.185970830150491651e-01 -5.508038353096526007e-01 -6.160851490891289250e-01 -6.225563179955436732e-01 -5.890565794055129256e-01 -5.350993788187733413e-01 -4.744738774470788623e-01 -4.146181329476562039e-01 -3.587560897060779186e-01 -3.079498461082735283e-01 -2.622786273752315545e-01 -2.213941945106507325e-01 -1.847725154653387103e-01 -1.518304471939292133e-01 -1.219796485776927508e-01 -9.464979113767327257e-02 -6.929620496691657472e-02 -4.539964423628480711e-02 -2.246199617619655878e-02
-3.116485309409200433e-01 -5.655269891711161012e-01 -7.321490768019395246e-01 -8.006529707901501869e-01 -7.865570427674432041e-01 -7.218567125193270373e-01 -6.371778311609975765e-01 -5.515551803348199833e-01 -4.730571659580705690e-01 -4.036466974455602541e-01 -3.429242424771171693e-01 -2.898408722471322863e-01 -2.432714915211632023e-01 -2.021700213470616625e-01 -1.655998419576574787e-01 -1.327285327446969809e-01 -1.028125548188052324e-01 -7.518001335053794976e-02 -4.921408788416024166e-02 -2.433780428426504661e-02
-4.046319118137784443e-01 -7.263986351822969700e-01 -9.278052265460534631e-01 -9.951983679937139726e-01 -9.534581635011950551e-01 -8.508814009518198551e-01 -7.312336837646816745e-01 -6.189462012650942535e-01 -5.218520829358811453e-01 -4.397577197294790241e-01 -3.702480559208907174e-01 -3.108879595330484302e-01 -2.596807433749471206e-01 -2.150361771096533925e-01 -1.756703133863143362e-01 -1.405220268030541175e-01 -1.086918306100819048e-01 -7.939716055744046319e-02 -5.193887326936243859e-02 -2.567512835590174750e-02
-4.822288193373452381e-01 -8.594693822979521114e-01 -1.088109243435058771e+00 -1.152115316422128721e+00 -1.084791209748225294e+00 -9.489728119891014391e-01 -7.998092455523422295e-01 -6.659589953423117326e-01 -5.545225436466124647e-01 -4.630990425222432094e-01 -3.873991479513565483e-01 -3.237799167158654789e-01 -2.695271031360805258e-01 -2.226235653169545692e-01 -1.815231521765622580e-01 -1.449973738560599856e-01 -1.120355236110193997e-01 -8.177788521135100075e-02 -5.346908853631226338e-02 -2.642382268075912227e-02
-5.142988813613780241e-01 -9.141677839089304980e-01 -1.153590067058590352e+00 -1.215533012223211307e+00 -1.136932995021913584e+00 -9.868700709355370249e-01 -8.253128147570673034e-01 -6.826151350840385934e-01 -5.654571261402503435e-01 -4.704334004345208653e-01 -3.924341842518763723e-01 -3.273020282779353085e-01 -2.720238801668168893e-01 -2.244077479970912337e-01 -1.828012944078554469e-01 -1.459087373636671070e-01 -1.126749593829305951e-01 -8.220972419403461962e-02 -5.373574376167055550e-02 -2.655106087093365985e-02
-4.860086888134828587e-01 -8.657334889435427394e-01 -1.095247972616705256e+00 -1.158403681999143897e+00 -1.089033401388444622e+00 -9.508619301076821628e-01 -7.997211955799442551e-01 -6.645077445902785040e-01 -5.522566291005731598e-01 -4.604142106332360096e-01 -3.845610616314465435e-01 -3.209661905169597929e-01 -2.668582765665084011e-01 -2.201821627264067827e-01 -1.793654756854831667e-01 -1.431612674886607872e-01 -1.105458022716948319e-01 -8.065027634240110044e-02 -5.271307602907696760e-02 -2.604466067334915147e-02
-4.101334228406441351e-01 -7.354789365004953394e-01 -9.380263329738388611e-01 -1.003961163502298470e+00 -9.589586774233685995e-01 -8.526451049937169291e-01 -7.298250883193597716e-01 -6.153181694839240379e-01 -5.168861124890992143e-01 -4.341160850497778889e-01 -3.643934907173309035e-01 -3.051399035956918748e-01 -2.542605494737225080e-01 -2.100970568136672767e-01 -1.713171066725693581e-01 -1.368249920459976010e-01 -1.056966737133218232e-01 -7.713246613284144293e-02 -5.042159938583481299e-02 -2.491449577218626116e-02
-3.163670351941103021e-01 -5.731850891331199405e-01 -7.404198273022556398e-01 -8.070809058836021510e-01 -7.894463115277994270e-01 -7.207673911310369386e-01 -6.326793207269000296e-01 -5.446352278272148517e-01 -4.646781861398070479e-01 -3.945772143089704143e-01 -3.337327532942319652e-01 -2.809370471137472292e-01 -2.349467186606693514e-01 -1.946283179373779482e-01 -1.589808293483576107e-01 -1.271248742313621505e-01 -9.828338878007050750e-02 -7.176129362991295890e-02 -4.692634068417591425e-02 -2.319170622956794395e-02
-2.302087484139967444e-01 -4.221489970667554603e-01 -5.538516306645032694e-01 -6.169105054081986950e-01 -6.200138367735651412e-01 -5.829213102304783289e-01 -5.259103499881494503e-01 -4.631242068343366936e-01 -4.020195662077967746e-01 -3.456840107727880418e-01 -2.950110169900231338e-01 -2.499275923709411706e-01 -2.099608042649839246e-01 -1.744885856092144305e-01 -1.428529525028917058e-01 -1.144102286221068826e-01 -8.855069023912513770e-02 -6.470294706051718525e-02 -4.233073852755238342e-02 -2.092597803036528800e-02
-1.624015050768221058e-01 -3.013155011873948075e-01 -4.015936119257127457e-01 -4.569442982719967850e-01 -4.712341771833017390e-01 -4.552622932390394950e-01 -4.212432326874810395e-01 -3.788805617332591247e-01 -3.343638068181729595e-01 -2.910907146321792260e-01 -2.506949796028590804e-01 -2.138010163782692041e-01 -1.804802231344819763e-01 -1.505121985368164661e-01 -1.235321106955005466e-01 -9.911236409432876149e-02 -7.680616250350830176e-02 -5.616904029310738206e-02 -3.676766815883331097e-02 -1.818144247525566373e-02
-1.122920735486328675e-01 -2.103871776037370689e-01 -2.842827694222745394e-01 -3.293906351029582402e-01 -3.470353948275879397e-01 -3.428216610954968879e-01 -3.238518905613507193e-01 -2.964854126012696489e-01 -2.653980445019925027e-01 -2.336091063166228221e-01 -2.028757728434527896e-01 -1.741010793885982844e-01 -1.476468045960450115e-01 -1.235478160562085981e-01 -1.016508809304684097e-01 -8.170091912486798780e-02 -6.339253836762674676e-02 -4.639935521198439855e-02 -3.038941556781385445e-02 -1.503210766021925195e-02
-7.510383296010865462e-02 -1.417345239983253402e-01 -1.935604659310020126e-01 -2.273944014936929436e-01 -2.434432793549916318e-01 -2.445137145779715526e-01 -2.346219203866351799e-01 -2.177437899616611050e-01 -1.971191999165347042e-01 -1.750694687827855922e-01 -1.530975758576949564e-01 -1.320806589610827864e-01 -1.124580456358468677e-01 -9.438133016584746016e-02 -7.782264762418739101e-02 -6.264787823144798984e-02 -4.866369788449725897e-02 -3.564640244438123384e-02 -2.335850660513871455e-02 -1.155754474333458431e-02
-4.617562164259452623e-02 -8.756526151072212272e-02 -1.204628001971876639e-01 -1.428648871552408994e-01 -1.546204798131940172e-01 -1.570638454236440718e-01 -1.523389454591611569e-01 -1.427373494699473722e-01 -1.302630221268796795e-01 -1.164515587756617121e-01 -1.023643177486598665e-01 -8.866588267705216575e-02 -7.572333688657836848e-02 -6.369677239326858309e-02 -5.261047853606606178e-02 -4.240423150115212730e-02 -3.296797049966262300e-02 -2.416402797212089879e-02 -1.584063402223236799e-02 -7.839548207295984200e-03
-2.200640576392737247e-02 -4.184740827702045085e-02 -5.781405936120091044e-02 -6.894155814193146659e-02 -7.508340901848489790e-02 -7.676905053946780910e-02 -7.492767140496205125e-02 -7.060220485962724613e-02 -6.474365719509483919e-02 -5.810936222642362065e-02 -5.124222080979124599e-02 -4.449518376787919144e-02 -3.807261433761683495e-02 -3.207191273509790719e-02 -2.651824927267829729e-02 -2.139060061311178623e-02 -1.663991597846441531e-02 -1.220109676896158866e-02 -8.000434464057362693e-03 -3.959997483599919481e-03
