-3.006518844126681439e-02 -5.777881442393909689e-02 -8.104567839175606803e-02 -9.830754661604880484e-02 -1.088189042610001184e-01 -1.127669897330997040e-01 -1.111288287310513850e-01 -1.053214155924261236e-01 -9.681988366361865550e-02 -8.689087235973640133e-02 -7.648021289062920114e-02 -6.621458976262231677e-02 -5.645882017206629855e-02 -4.738652393573864613e-02 -3.904292949547760738e-02 -3.139282735038285976e-02 -2.435387869782643447e-02 -1.781812055392159588e-02 -1.166493101552879517e-02 -5.768224721240866257e-03
-6.247691920630265433e-02 -1.199937709011095199e-01 -1.680793178655463904e-01 -2.033448932653982300e-01 -2.241819907651883825e-01 -2.311068887646388070e-01 -2.264198445442470731e-01 -2.133341140060971697e-01 -1.950663832011019228e-01 -1.742631953209750617e-01 -1.528153552943062043e-01 -1.319193228890298830e-01 -1.122341668004748633e-01 -9.404434708128078801e-02 -7.739236692186007849e-02 -6.217450289236707561e-02 -4.820456787319854497e-02 -3.525367403235457608e-02 -2.307338006537089370e-02 -1.140796874694057633e-02
-9.980504146055474424e-02 -1.915476145929304597e-01 -2.677846935590499355e-01 -3.226304758046535381e-01 -3.532911420114129841e-01 -3.609426498105955949e-01 -3.500480630145367811e-01 -3.265041261520909566e-01 -2.958408304803188393e-01 -2.622784376523892846e-01 -2.285983916405937844e-01 -1.964131407135800700e-01 -1.665141747956101481e-01 -1.391643317645759048e-01 -1.143076899926377121e-01 -9.170825107258444298e-02 -7.103621788449457353e-02 -5.191862987179952926e-02 -3.396694724537925592e-02 -1.679027160590333689e-02
-1.449075170065457496e-01 -2.779973060443692856e-01 -3.879034803456893332e-01 -4.649121396754651858e-01 -5.043134808373471722e-01 -5.085587317951505426e-01 -4.859200322885183221e-01 -4.466306463433636353e-01 -3.994648133868166084e-01 -3.503999014273792567e-01 -3.028846385143422193e-01 -2.586204114660467512e-01 -2.182450372098803659e-01 -1.817911162980019868e-01 -1.489658125906493102e-01 -1.193145972591327514e-01 -9.231342447291462916e-02 -6.741768281507276583e-02 -4.408550945955244660e-02 -2.178617108133889049e-02
-2.003869466676335420e-01 -3.845819487917348511e-01 -5.360296526277210649e-01 -6.388550803393084898e-01 -6.850112544513894397e-01 -6.792293364194359473e-01 -6.364143893960807485e-01 -5.738192360454880125e-01 -5.047400135257478215e-01 -4.369145337649449345e-01 -3.739098538994628518e-01 -3.169375086158924271e-01 -2.660543169583579615e-01 -2.207892779699516250e-01 -1.804498499450275517e-01 -1.442709040725204395e-01 -1.114852016950520358e-01 -8.135316918740069514e-02 -5.317123708380257913e-02 -2.626890425511277383e-02
-2.665966685913477296e-01 -5.123570752226466185e-01 -7.142406912906489325e-01 -8.469271245849308016e-01 -8.968711456218046996e-01 -8.724164398807018328e-01 -7.990001112750492185e-01 -7.044047596720518500e-01 -6.078218676654336683e-01 -5.183915843867746842e-01 -4.388648258321103945e-01 -3.691604298165908626e-01 -3.082449443101206721e-01 -2.548617958363318392e-01 -2.077734078721820421e-01 -1.658339728779166800e-01 -1.280033108329223512e-01 -9.333855723183283326e-02 -6.097736641391104245e-02 -3.011820957287749886e-02
-3.379480783124034216e-01 -6.507993938689693447e-01 -9.083799093484750120e-01 -1.072970319170531539e+00 -1.123428032329686577e+00 -1.072850537577683117e+00 -9.606702374942431844e-01 -8.281066416215505654e-01 -7.010510609030464746e-01 -5.893421531329892105e-01 -4.938884868719098931e-01 -4.125799988369204252e-01 -3.429017892776868859e-01 -2.826394485961503111e-01 -2.299480131720367804e-01 -1.832882727544813684e-01 -1.413555144534432706e-01 -1.030203841744832260e-01 -6.728146346163747793e-02 -3.322656883475789968e-02
-4.002084026687509621e-01 -7.721712786737642276e-01 -1.079472134736377376e+00 -1.272053479336018755e+00 -1.320970464009100453e+00 -1.244019508852024725e+00 -1.094594437901643902e+00 -9.269762081543043708e-01 -7.730519854947066616e-01 -6.426804749095086366e-01 -5.345296348880556048e-01 -4.443378295014496770e-01 -3.681396082722653840e-01 -3.028459637341424648e-01 -2.460909169579966749e-01 -1.960155957625084600e-01 -1.511100933449758266e-01 -1.101060052106195841e-01 -7.190153662414965063e-02 -3.550660487148148137e-02
-4.342607542003876220e-01 -8.387499961021647188e-01 -1.173674846711941777e+00 -1.381818261660914260e+00 -1.429633229888745305e+00 -1.337614756075500733e+00 -1.167237271138941157e+00 -9.802420523954579190e-01 -8.117880696625867643e-01 -6.715573308600495395e-01 -5.568198430655254549e-01 -4.620501209845069845e-01 -3.824676358775627172e-01 -3.145134920584288785e-01 -2.555540804309874292e-01 -2.035731048609962512e-01 -1.569632613313907687e-01 -1.143920099939078894e-01 -7.471207705533404464e-02 -3.689831677475435834e-02
-4.274192240174561896e-01 -8.253656537419613581e-01 -1.154813326870544277e+00 -1.360276479957213791e+00 -1.409320164511029816e+00 -1.321747359072600325e+00 -1.157015986637386806e+00 -9.750238285855180598e-01 -8.101437983017278910e-01 -6.721360308991530808e-01 -5.586517179826062662e-01 -4.645101418965386642e-01 -3.851607940337261615e-01 -3.171858005764941479e-01 -2.580387873920028663e-01 -2.057594850534980313e-01 -1.587778400296001313e-01 -1.157866997674696086e-01 -7.565644928168685501e-02 -3.737458935865765886e-02
-3.829972875313422120e-01 -7.385959886423524301e-01 -1.032350815583585879e+00 -1.218426618128796601e+00 -1.270554998152986892e+00 -1.204817725749671498e+00 -1.069658834018546001e+00 -9.147923964732530555e-01 -7.700915851794886136e-01 -6.455297490289746420e-01 -5.406753644893668165e-01 -4.521162257232607673e-01 -3.764734045708501009e-01 -3.110296661479974301e-01 -2.536557638825465144e-01 -2.026482104501380055e-01 -1.566019158832706593e-01 -1.143205027120452744e-01 -7.475243635109607432e-02 -3.694359504759042734e-02
-3.177426260402613223e-01 -6.116130995545259186e-01 -8.538652608792757226e-01 -1.011474285855253674e+00 -1.066184861432122544e+00 -1.029115638405432742e+00 -9.341097935195459279e-01 -8.171331253423006480e-01 -7.016027931367325721e-01 -5.973015828456056386e-01 -5.060689394283286457e-01 -4.267616069557816916e-01 -3.575824796340891787e-01 -2.968033672344713159e-01 -2.429063773883477217e-01 -1.945756803044488004e-01 -1.506611111134825154e-01 -1.101409615021390342e-01 -7.208920325648410232e-02 -3.564735861456456989e-02
-2.500613474190739871e-01 -4.806005196301863513e-01 -6.707620941200743703e-01 -7.988857764310327569e-01 -8.535547056865058213e-01 -8.414506324364149359e-01 -7.835085036037383599e-01 -7.031624310399350319e-01 -6.173605050547472661e-01 -5.349609812423429256e-01 -4.593546382638565295e-01 -3.912545845678327971e-01 -3.302891176088720293e-01 -2.756947692422966334e-01 -2.265906957195554794e-01 -1.820870244429458884e-01 -1.413258881344253981e-01 -1.034930317809583528e-01 -6.781606242798861317e-02 -3.355664019321435987e-02
-1.910320173777532438e-01 -3.669642180835732126e-01 -5.128021447008075384e-01 -6.148907584120455461e-01 -6.663475012868319558e-01 -6.707316916710382992e-01 -6.400081931698007320e-01 -5.885033215875653534e-01 -5.278457320651568363e-01 -4.653957354252997725e-01 -4.050585910124179789e-01 -3.486029780066242090e-01 -2.966236399282098368e-01 -2.490958305616832735e-01 -2.056746138604260699e-01 -1.658558376333996442e-01 -1.290623874814605943e-01 -9.468921849083500319e-02 -6.212537920480212805e-02 -3.076314384261459242e-02
-1.436965514968366608e-01 -2.762152222056520334e-01 -3.870313545369817310e-01 -4.674713003719301874e-01 -5.132567010976802901e-01 -5.260677584326763911e-01 -5.124944061660422490e-01 -4.810717604859376939e-01 -4.395374234137477409e-01 -3.935824532247627627e-01 -3.468573747172989941e-01 -3.014719690462971391e-01 -2.585063270539693647e-01 -2.183902841218587354e-01 -1.811560973354723325e-01 -1.465993297072504808e-01 -1.143786081481720923e-01 -8.407607932978650167e-02 -5.523309630393153508e-02 -2.737055890286365506e-02
-1.067299906100950407e-01 -2.054569800111665789e-01 -2.888910059407765463e-01 -3.513677619832640264e-01 -3.900629273704587785e-01 -4.056380610397420927e-01 -4.016910541430401826e-01 -3.832946321320794825e-01 -3.555105824807870962e-01 -3.225071761062350828e-01 -2.873108755222925081e-01 -2.519204575466389429e-01 -2.175393467390820956e-01 -1.848028829306618270e-01 -1.539601678913996019e-01 -1.250067794902402496e-01 -9.777663914729897709e-02 -7.200339766836280631e-02 -4.736037012330920892e-02 -2.348599887188900989e-02
-7.762077442220510770e-02 -1.496834943006981888e-01 -2.112135577565707190e-01 -2.584446963728923574e-01 -2.894351170527590944e-01 -3.043433680907730587e-01 -3.051320688489334021e-01 -2.948228064740168186e-01 -2.766780480883985760e-01 -2.536190170429282742e-01 -2.279574888490807638e-01 -2.013595083458891710e-01 -1.749277112924817190e-01 -1.493217367108454763e-01 -1.248749172235905092e-01 -1.016909851840805679e-01 -7.971777378250687052e-02 -5.880050379286397982e-02 -3.871898964429228152e-02 -1.921306752354285524e-02
-5.404973194715183282e-02 -1.044005995583762170e-01 -1.477675590847684073e-01 -1.816803081070174630e-01 -2.048138534850373893e-01 -2.171153889960275307e-01 -2.196430611362608643e-01 -2.141752434086241774e-01 -2.027563701907922344e-01 -1.873325712393189291e-01 -1.695404199007972401e-01 -1.506323608774500777e-01 -1.314902541098831035e-01 -1.126814392499877054e-01 -9.452678233597429369e-02 -7.716447448596328029e-02 -6.060296841883650032e-02 -4.476185632239880474e-02 -2.950201738105078658e-02 -1.464728224052799614e-02
-3.417549636460904400e-02 -6.609726186741952947e-02 -9.376879158103952616e-02 -1.156866378494711689e-01 -1.310167786300009407e-01 -1.396558084312648773e-01 -1.421466494642932565e-01 -1.394775759543062099e-01 -1.328392693589638407e-01 -1.234143998919016300e-01 -1.122392495927896777e-01 -1.001392614467356001e-01 -8.771950808547940293e-02 -7.538698656997978864e-02 -6.338630242048229335e-02 -5.183716473469150016e-02 -4.076777116641903259e-02 -3.014193720317738523e-02 -1.987994170750910852e-02 -9.874044365534649648e-03
-1.655483123190532729e-02 -3.204381860492448719e-02 -4.552316303406474252e-02 -5.628001023272123648e-02 -6.391020355257459595e-02 -6.834399035011390344e-02 -6.980992638897472180e-02 -6.874905313692998565e-02 -6.570870713054821621e-02 -6.124650624302981072e-02 -5.586292045623867525e-02 -4.996592824794333226e-02 -4.386153352865479471e-02 -3.776069922159840109e-02 -3.179427867516649436e-02 -2.603011436875645943e-02 -2.048901614734609938e-02 -1.515818024872418388e-02 -1.000176884677951399e-02 -4.968953166788239381e-03
