-1.446831652098645726e-02 -2.923318836036193843e-02 -4.457097911514525806e-02 -6.071073492437747271e-02 -7.779283271098862140e-02 -9.580624230333019409e-02 -1.145000227376144070e-01 -1.332743624325831155e-01 -1.510793836618221364e-01 -1.663886102315543791e-01 -1.773481614826823427e-01 -1.821703371242893998e-01 -1.796851758828314771e-01 -1.697691100027044486e-01 -1.533658576096576520e-01 -1.320843961172555314e-01 -1.076448744747163511e-01 -8.146639862615046024e-02 -5.450408731932496198e-02 -2.727855995442236836e-02
-2.864007907021681731e-02 -5.789345962929342421e-02 -8.833999384820392931e-02 -1.204791254178573245e-01 -1.546543207091631567e-01 -1.909318787326030886e-01 -2.289182278066095311e-01 -2.675129481222014993e-01 -3.046389302233981633e-01 -3.370905514241757106e-01 -3.607696432776670847e-01 -3.715624347373399639e-01 -3.667145893542786417e-01 -3.459588714874458071e-01 -3.115712038933197703e-01 -2.673097702384768515e-01 -2.170229906739073178e-01 -1.637151857552585077e-01 -1.092711114122247723e-01 -5.461011266192841718e-02
-4.219854264619824630e-02 -8.536057802566836272e-02 -1.304164120290729201e-01 -1.782114268762048648e-01 -2.294132042073277755e-01 -2.843470139110422235e-01 -3.427189271264381998e-01 -4.031833091712004880e-01 -4.627594690418077028e-01 -5.163014471556459650e-01 -5.566129008189319993e-01 -5.759745697563759537e-01 -5.690233701618313544e-01 -5.352980751187488284e-01 -4.793695165883964382e-01 -4.084366166026020539e-01 -3.293807076345849905e-01 -2.470897407043129990e-01 -1.642530442668064528e-01 -8.189048421385623777e-02
-5.479351526555269886e-02 -1.109338996789976106e-01 -1.697536399582658118e-01 -2.325368224937398587e-01 -3.004387205564657548e-01 -3.743146384154255046e-01 -4.543769362432255043e-01 -5.395386907449463143e-01 -6.262909635160287536e-01 -7.072939133634245090e-01 -7.708523052839636458e-01 -8.032879553156114794e-01 -7.946511640017906997e-01 -7.441880575964823219e-01 -6.606285377591900598e-01 -5.570054959479335821e-01 -4.447457562866481973e-01 -3.309522977011051803e-01 -2.187497475161160609e-01 -1.086971654567668588e-01
-6.604162050129956663e-02 -1.338278647563023727e-01 -2.051273778914874668e-01 -2.817429028278764513e-01 -3.654846484524426620e-01 -4.580566702117210287e-01 -5.607261927419298075e-01 -6.734567513252264215e-01 -7.929746483687936109e-01 -9.096928166257109982e-01 -1.005572873314688254e+00 -1.057456812755720010e+00 -1.047707185559831888e+00 -9.751209624422217948e-01 -8.555184174202934422e-01 -7.113732922569788730e-01 -5.606955297434380592e-01 -4.129833768349798206e-01 -2.710502542742548870e-01 -1.341416967083928213e-01
-7.554510348077421444e-02 -1.532085530132498985e-01 -2.351849508965836999e-01 -3.238208683615226291e-01 -4.216827085679730747e-01 -5.315773275028388145e-01 -6.563532485314718112e-01 -7.979124603045472108e-01 -9.542538424989307488e-01 -1.113855699947116529e+00 -1.250673331303194136e+00 -1.328348521791547387e+00 -1.318116939934688592e+00 -1.218152749204643781e+00 -1.054630401438666043e+00 -8.633093096142907541e-01 -6.706818649719944458e-01 -4.884754708718427318e-01 -3.181801598293099165e-01 -1.567980940647376864e-01
-8.293024168343786362e-02 -1.682762726515921181e-01 -2.585826353995825944e-01 -3.566683754914630189e-01 -4.658058605863903967e-01 -5.899200421841307440e-01 -7.336137587082719458e-01 -9.011803011759859094e-01 -1.092626425640130128e+00 -1.295127177794136442e+00 -1.474417554695903299e+00 -1.579602127292247804e+00 -1.569344343389364793e+00 -1.441128082949604927e+00 -1.232880961235351513e+00 -9.950851480883396993e-01 -7.630684314067793794e-01 -5.502366623811416613e-01 -3.560471109530954914e-01 -1.748195785529067792e-01
-8.789959130391315767e-02 -1.783836230124458688e-01 -2.742002727181216404e-01 -3.784559062502142468e-01 -4.948758393208996798e-01 -6.281447454416781984e-01 -7.841274347251302457e-01 -9.689406169725800488e-01 -1.184281725978387545e+00 -1.416696329151350353e+00 -1.626142336688868539e+00 -1.751077217775212080e+00 -1.740822305688259464e+00 -1.592352830438978684e+00 -1.352349822231172727e+00 -1.082114763580339645e+00 -8.232388779488719610e-01 -5.900522076055948473e-01 -3.803172344022212048e-01 -1.863406368562603721e-01
-9.028450098200818674e-02 -1.831583015094705724e-01 -2.813780056586238643e-01 -3.880678087710686119e-01 -5.069916091189510254e-01 -6.429146931955580513e-01 -8.018558421079281517e-01 -9.901724023568450050e-01 -1.209790033862256697e+00 -1.447142278760817025e+00 -1.661303004503923653e+00 -1.789108958148297734e+00 -1.778459394724549947e+00 -1.626252666974854488e+00 -1.380503943950659229e+00 -1.104164596927252884e+00 -8.397886027193030012e-01 -6.018703798410783845e-01 -3.879554552449815397e-01 -1.900984867594663896e-01
-9.008011147527522633e-02 -1.825870211465638604e-01 -2.800846778059415954e-01 -3.854338977565819890e-01 -5.019983217773560380e-01 -6.338936599043698550e-01 -7.860835724566270777e-01 -9.634127261330254210e-01 -1.166374665948056055e+00 -1.381769442940093962e+00 -1.573074825323703907e+00 -1.685382266509237281e+00 -1.673869869400227861e+00 -1.535832142055493676e+00 -1.312462004632452883e+00 -1.058318879720355321e+00 -8.111760200275365262e-01 -5.849436157864881247e-01 -3.786245344705768678e-01 -1.859651224513869106e-01
-8.744892419215698209e-02 -1.770249504000939722e-01 -2.709390271820462659e-01 -3.715754376642051993e-01 -4.815873197974814834e-01 -6.039668851783916992e-01 -7.419100985569394568e-01 -8.978227091172713559e-01 -1.070049849601812264e+00 -1.246381249949484848e+00 -1.397994490968509140e+00 -1.483902467033618722e+00 -1.471409965935079889e+00 -1.358474216560603187e+00 -1.174939302155764365e+00 -9.612457574338469923e-01 -7.468627871762966164e-01 -5.443541843354217091e-01 -3.549134458384584079e-01 -1.750325133994054261e-01
-8.269063621711827961e-02 -1.671248023403029970e-01 -2.550705889110039259e-01 -3.483359060142468544e-01 -4.487566059431946641e-01 -5.581101252383638966e-01 -6.778119763958297961e-01 -8.080074211948460317e-01 -9.453586994223853734e-01 -1.079303914530587827e+00 -1.189207258623957930e+00 -1.248010165685342177e+00 -1.234888336546250631e+00 -1.148455255173069789e+00 -1.007482155405111213e+00 -8.383518844631111522e-01 -6.618098016066537026e-01 -4.884494962159934284e-01 -3.212106766227043053e-01 -1.591885736456209455e-01
-7.618881967234199248e-02 -1.537130238690061212e-01 -2.338824156753372963e-01 -3.179384481222750081e-01 -4.069694363731449771e-01 -5.017385783336123506e-01 -6.023318360817436767e-01 -7.074418082328846058e-01 -8.130493793613919884e-01 -9.106380204292009450e-01 -9.863494219143074115e-01 -1.023694845675229059e+00 -1.010561394706459115e+00 -9.460567907935323317e-01 -8.408770028303946820e-01 -7.108240925036216629e-01 -5.695467740282204039e-01 -4.254021513748496575e-01 -2.820949547646212641e-01 -1.404825190985922456e-01
-6.835162093441374265e-02 -1.376560555830382004e-01 -2.088075341762922199e-01 -2.825651614149855551e-01 -3.594359751773119616e-01 -4.394855875295318182e-01 -5.220289736528508362e-01 -6.051405036863158893e-01 -6.849617727190387972e-01 -7.550211468713216023e-01 -8.062987162670479657e-01 -8.290720406902943873e-01 -8.165544327450621198e-01 -7.681724121750359568e-01 -6.897398954539308846e-01 -5.903716449877128847e-01 -4.787635445948600910e-01 -3.611656476359219603e-01 -2.412168804366674468e-01 -1.206367022334365602e-01
-5.956161035807913673e-02 -1.197520433699851006e-01 -1.811264896170454719e-01 -2.440784632429019441e-01 -3.087215963294388521e-01 -3.747238599751827604e-01 -4.410780752261949655e-01 -5.058061939188865930e-01 -5.656445970285810532e-01 -6.158809968073455376e-01 -6.506897775446012222e-01 -6.643127646243557338e-01 -6.529153345712171985e-01 -6.161188001892464738e-01 -5.570828200074229297e-01 -4.810757131505887241e-01 -3.936078318728497005e-01 -2.991881777822005817e-01 -2.009525697105894460e-01 -1.008448387287251002e-01
-5.014277769043471583e-02 -1.006640204550928730e-01 -1.518679159270166223e-01 -2.039005624678122686e-01 -2.566476712279731065e-01 -3.096072221710224892e-01 -3.617374652160135207e-01 -4.112976206454899697e-01 -4.557331871292752412e-01 -4.917122260931199862e-01 -5.154625509139905137e-01 -5.234996666561287926e-01 -5.135874147976358106e-01 -4.854694285724402980e-01 -4.409108178355388707e-01 -3.830261352995313895e-01 -3.153321882855549263e-01 -2.410084879128668589e-01 -1.625568896540924013e-01 -8.178957498422582961e-02
-4.034548186149258808e-02 -8.089334531472869294e-02 -1.217805921799455654e-01 -1.630081931497254222e-01 -2.043612431910812877e-01 -2.453194518952665493e-01 -2.849645751508378955e-01 -3.219040400954575887e-01 -3.542488653833340551e-01 -3.797037169937895196e-01 -3.958278933831604895e-01 -4.004747610680891579e-01 -3.923020015455880860e-01 -3.711353717211948178e-01 -3.379919623734681799e-01 -2.947536529418873230e-01 -2.436755414906730810e-01 -1.869539706725962536e-01 -1.264764038919155564e-01 -6.375649569564288688e-02
-3.034580552627223066e-02 -6.078328859943431250e-02 -9.135291452348721919e-02 -1.219903735014877255e-01 -1.524696501725745501e-01 -1.823447179123973416e-01 -2.108970763028183981e-01 -2.371040100512207816e-01 -2.596511694384742164e-01 -2.770180994965402155e-01 -2.876568234063822116e-01 -2.902511539625269310e-01 -2.839918945721254806e-01 -2.687638446105179990e-01 -2.451597135757856982e-01 -2.143173148087788027e-01 -1.776611317594215811e-01 -1.366551406287944415e-01 -9.263820100829094073e-02 -4.675999636290024963e-02
-2.025445338825632852e-02 -4.054109210999102403e-02 -6.085740566378932542e-02 -8.113073653882429959e-02 -1.011822667257617492e-01 -1.206926900689534177e-01 -1.391749831898757284e-01 -1.559636638229343619e-01 -1.702334175728348886e-01 -1.810600197091593588e-01 -1.875289667640336055e-01 -1.888795598938991238e-01 -1.846489814941701946e-01 -1.747671724055810949e-01 -1.595650191559424280e-01 -1.396944466197480306e-01 -1.159964258314485214e-01 -8.936723380824708463e-02 -6.066125988330380719e-02 -3.064528918096260171e-02
-1.013091864371357988e-02 -2.026922255591077915e-02 -3.040488217017040667e-02 -4.049290198843055744e-02 -5.043599063223998952e-02 -6.006879594477688988e-02 -6.914650454022559789e-02 -7.734224211218287959e-02 -8.425880261685382566e-02 -8.945955256499955877e-02 -9.251938959429678588e-02 -9.308903717492922336e-02 -9.095719729087840821e-02 -8.609076760390206584e-02 -7.863869866678420417e-02 -6.889900767068210530e-02 -5.726288536830429626e-02 -4.415610877734300194e-02 -2.999431722054622662e-02 -1.515990144347915784e-02
