-1.275439425963711439e-02 -2.464402024305611949e-02 -3.492307015980682106e-02 -4.305870928699333244e-02 -4.878136481788242218e-02 -5.208296518349551929e-02 -5.316938016606531647e-02 -5.238610611847759752e-02 -5.014019992488268074e-02 -4.683611060698139594e-02 -4.283326863382940636e-02 -3.842488602083931476e-02 -3.383292873197282780e-02 -2.921310329988543314e-02 -2.466480444183754075e-02 -2.024247724934888706e-02 -1.596634442448965907e-02 -1.183166481762497682e-02 -7.816170819268363976e-03 -3.885940985036504675e-03
-2.637354804281890480e-02 -5.089860246531469762e-02 -7.198953522585344045e-02 -8.853038342820979123e-02 -9.998377214383642742e-02 -1.063810985195449421e-01 -1.082084427558850370e-01 -1.062348446247086964e-01 -1.013385913213604717e-01 -9.437098762490431225e-02 -8.607208822659097314e-02 -7.703337528407083745e-02 -6.769375654476002258e-02 -5.835470898883535207e-02 -4.920366532966408135e-02 -4.033875866102035190e-02 -3.179123672193594208e-02 -2.354413375520443899e-02 -1.554706320127416212e-02 -7.727583215119408072e-03
-4.184115067660221232e-02 -8.058721626059113519e-02 -1.136059744363895618e-01 -1.390894111514974218e-01 -1.562421550384731350e-01 -1.652491784230098182e-01 -1.670484265269886193e-01 -1.630062373945664889e-01 -1.546083416066201532e-01 -1.432371836587366110e-01 -1.300507589091730032e-01 -1.159428178883603749e-01 -1.015540652144520106e-01 -8.730835136496206683e-02 -7.345641905269557903e-02 -6.011767462319619892e-02 -4.731570433112158164e-02 -3.500656855525873662e-02 -2.310035587668481105e-02 -1.147732401999596551e-02
-6.040317276031994392e-02 -1.160019802421237284e-01 -1.627562041668079995e-01 -1.979775977510490337e-01 -2.206451085139797264e-01 -2.313243883186493488e-01 -2.317295881003287872e-01 -2.241332734537700710e-01 -2.108513588159849073e-01 -1.939186673946020900e-01 -1.749509831014844641e-01 -1.551331050115888899e-01 -1.352713756773741005e-01 -1.158682503771671923e-01 -9.719602540080535258e-02 -7.935984130895887279e-02 -6.234736012209222272e-02 -4.606608471900766610e-02 -3.037047226794530735e-02 -1.508136366504468813e-02
-8.376177257681209631e-02 -1.602477334480312543e-01 -2.234212756112611276e-01 -2.694016338534052646e-01 -2.970225867702892542e-01 -3.076658090578365812e-01 -3.044088576638623311e-01 -2.909448305146157265e-01 -2.707449151297837142e-01 -2.466351479677143521e-01 -2.207014203010097819e-01 -1.943672825871146093e-01 -1.685301182011408050e-01 -1.436972830442671545e-01 -1.200996300312287685e-01 -9.777833725069182136e-02 -7.664784671416109696e-02 -5.653997314349109432e-02 -3.723411059014300473e-02 -1.847767499893908372e-02
-1.143273979375774713e-01 -2.176858044116742052e-01 -3.011205694241737563e-01 -3.590255933050701120e-01 -3.902565211330962791e-01 -3.978375174174694773e-01 -3.872646915959826464e-01 -3.644822210043994759e-01 -3.345458465188613784e-01 -3.011751529524764881e-01 -2.668522653404907241e-01 -2.331045048518130269e-01 -2.007845799839775847e-01 -1.702911662737768561e-01 -1.417269037045059688e-01 -1.150060695835226354e-01 -8.992576104914039303e-02 -6.621189300952411150e-02 -4.354836484951373626e-02 -2.159524163074478392e-02
-1.554019655236999475e-01 -2.942442597957777295e-01 -4.032863977756820373e-01 -4.742569095220316999e-01 -5.063290428393417697e-01 -5.056953092288487550e-01 -4.821257706196321879e-01 -4.451058564755772107e-01 -4.017641595157919188e-01 -3.566641953336032178e-01 -3.124275869038231623e-01 -2.704139138337312009e-01 -2.312125764039621445e-01 -1.949559539440584577e-01 -1.615107991194348891e-01 -1.305933277090399747e-01 -1.018372777333051010e-01 -7.483351148872670333e-02 -4.915224527286698314e-02 -2.435494217240943837e-02
-2.107042626291806275e-01 -3.965311900603265549e-01 -5.381346065331471529e-01 -6.229793383614837810e-01 -6.509947496458511340e-01 -6.341177167255387381e-01 -5.894009083775308966e-01 -5.317079699351487942e-01 -4.706545806614049199e-01 -4.112735474427027804e-01 -3.557776955969290666e-01 -3.049108109019118551e-01 -2.586959268937333301e-01 -2.168093293439851132e-01 -1.787670801636251916e-01 -1.440192024594495745e-01 -1.119965517670367811e-01 -8.213265263235361435e-02 -5.387218752259513577e-02 -2.667229338958620674e-02
-2.819236494125829107e-01 -5.273966143084615199e-01 -7.090338881724570497e-01 -8.077542314612563557e-01 -8.247503434098165664e-01 -7.812688344263786222e-01 -7.056701040074971898e-01 -6.203512862170917908e-01 -5.375413720686461616e-01 -4.619347150678538294e-01 -3.944898343078835912e-01 -3.347548109539101313e-01 -2.818510059881932928e-01 -2.348184491277752750e-01 -1.927290507786098561e-01 -1.547199110293354940e-01 -1.199971128700617756e-01 -8.782838500652652425e-02 -5.753157305033069352e-02 -2.846204602365650857e-02
-3.634951019291489671e-01 -6.765282262981765493e-01 -9.025347163575930809e-01 -1.013736236478936625e+00 -1.012955195561331401e+00 -9.339991256360016258e-01 -8.200607295408672837e-01 -7.026429442128910852e-01 -5.962598684018809436e-01 -5.042504380960206589e-01 -4.254656771577056684e-01 -3.577647765089232990e-01 -2.991346876680562317e-01 -2.478844659318252541e-01 -2.026108516355104860e-01 -1.621343251549882958e-01 -1.254436582460042304e-01 -9.165222933051364596e-02 -5.996368273367364693e-02 -2.964432502169798284e-02
-4.379033250903741625e-01 -8.120699955922694446e-01 -1.077665476741588746e+00 -1.198080285180724402e+00 -1.177705460737355381e+00 -1.063116284105525500e+00 -9.123210673125207171e-01 -7.654151691383155320e-01 -6.384738189390579688e-01 -5.329358784099434976e-01 -4.452991860332504159e-01 -3.716976068052844084e-01 -3.090380465195106674e-01 -2.549739198840364485e-01 -2.076956378099549805e-01 -1.657629425518502564e-01 -1.279910179745790688e-01 -9.337323207733187747e-02 -6.102663067782740369e-02 -3.015158951487098907e-02
-4.795977790974069732e-01 -8.877756480468930178e-01 -1.175074630657375163e+00 -1.299566039667369388e+00 -1.266567035934213159e+00 -1.130365029272525801e+00 -9.578277457890709279e-01 -7.940214132229345134e-01 -6.557177369907345454e-01 -5.430410815989690221e-01 -4.509996664447987191e-01 -3.746777524425302652e-01 -3.103451650387366034e-01 -2.552775332497935201e-01 -2.074349080532729706e-01 -1.652308514746515522e-01 -1.273843003350295933e-01 -9.282308944061859468e-02 -6.061805424351180555e-02 -2.993541159222609660e-02
-4.703371744869410120e-01 -8.706873568163825405e-01 -1.152476011742822326e+00 -1.274780784348777729e+00 -1.242807205736880194e+00 -1.109513501468711194e+00 -9.402177475927671058e-01 -7.791064060075335584e-01 -6.428093146332575225e-01 -5.316495783901054040e-01 -4.408563788087068169e-01 -3.656550580714407750e-01 -3.023862717784951415e-01 -2.483561323590157133e-01 -2.015356735686450185e-01 -1.603413111890036880e-01 -1.234922981883659204e-01 -8.991682289677541129e-02 -5.868710702253543410e-02 -2.897201900491517407e-02
-4.133631977581115891e-01 -7.666497991571932236e-01 -1.017349179754702071e+00 -1.131351801410189317e+00 -1.112787339993660529e+00 -1.004981745954892203e+00 -8.621150544186982900e-01 -7.220468172362050074e-01 -6.004110687396992940e-01 -4.990629671953377700e-01 -4.150017333648921558e-01 -3.446868175196320938e-01 -2.851877497216390722e-01 -2.342250499035691269e-01 -1.900104057900948440e-01 -1.511064762322979482e-01 -1.163268101898022044e-01 -8.466482219797341613e-02 -5.524157175626080718e-02 -2.726556326318139642e-02
-3.306514855580379719e-01 -6.153632779993042368e-01 -8.205974062429735039e-01 -9.215047591213121336e-01 -9.206636620202645060e-01 -8.482517810415632908e-01 -7.430763888702724973e-01 -6.339193503175256650e-01 -5.345518539958447057e-01 -4.485853976447111147e-01 -3.753136679471825721e-01 -3.128932782204690843e-01 -2.594521410105523063e-01 -2.133459323824484777e-01 -1.731744791588270271e-01 -1.377474297844635265e-01 -1.060436845366097003e-01 -7.717411084333890281e-02 -5.034881112893232341e-02 -2.484866877494415829e-02
-2.464510461360067961e-01 -4.607420244449125235e-01 -6.185627064028665911e-01 -7.034297781850562536e-01 -7.164645052484461818e-01 -6.760582731653038691e-01 -6.069413082037364848e-01 -5.290189489724698158e-01 -4.535377680821368607e-01 -3.850792581543742710e-01 -3.247261656728531176e-01 -2.721152900291652355e-01 -2.263812473589980612e-01 -1.865320840229172106e-01 -1.515942084099071163e-01 -1.206651186521842251e-01 -9.292644422434789830e-02 -6.763915515499324682e-02 -4.413091049460361737e-02 -2.178030785327465454e-02
-1.745399557435493576e-01 -3.278957353011607290e-01 -4.435592630368231926e-01 -5.111111558113959896e-01 -5.306616684869045475e-01 -5.123702284835806031e-01 -4.707807291784842918e-01 -4.187516214248241386e-01 -3.647662481342522356e-01 -3.133278567023233263e-01 -2.663763086848368600e-01 -2.244583123940892544e-01 -1.874253323922721315e-01 -1.548069785864684689e-01 -1.260051873744425233e-01 -1.003924359358194379e-01 -7.735785461945474117e-02 -5.632517371980343135e-02 -3.675539306671238987e-02 -1.814164666014670552e-02
-1.175022099778925133e-01 -2.217226885015572135e-01 -3.020828021621723702e-01 -3.521604781089775482e-01 -3.715708669175548096e-01 -3.655631932215346325e-01 -3.422551677674319226e-01 -3.095113774520449890e-01 -2.732144437129058190e-01 -2.370452247445882232e-01 -2.029865487294292559e-01 -1.719156605458286302e-01 -1.440547655430020890e-01 -1.192653435962794245e-01 -9.722718155582248112e-02 -7.754161326040746871e-02 -5.978741795257849073e-02 -4.354831486662937706e-02 -2.842384840397941051e-02 -1.403089704569201492e-02
-7.222684014995635338e-02 -1.367571778680783112e-01 -1.873775012166098153e-01 -2.203540821348769496e-01 -2.352186074707371677e-01 -2.345115925040792415e-01 -2.224901973216824869e-01 -2.036005924483191842e-01 -1.814787675901171349e-01 -1.586414076335621870e-01 -1.366074814779316970e-01 -1.161628826140273518e-01 -9.761274324235207078e-02 -8.097245846847629658e-02 -6.609660637464363775e-02 -5.275945232669939505e-02 -4.070191212706661399e-02 -2.965683415996914207e-02 -1.936080064303222215e-02 -9.558082891234283285e-03
-3.437067638317855417e-02 -6.521748507517209636e-02 -8.967510867931685614e-02 -1.060167543558241804e-01 -1.139488621851118544e-01 -1.144924290331371525e-01 -1.094702215838716242e-01 -1.008812194231451242e-01 -9.044840529426050046e-02 -7.943222370859341630e-02 -6.863884500944210376e-02 -5.851565144508114741e-02 -4.926088863597458817e-02 -4.091517681620967378e-02 -3.342736553838148578e-02 -2.669769572981652364e-02 -2.060397921909875793e-02 -1.501631143286038389e-02 -9.804435661359068438e-03 -4.840630518251356172e-03
