-6.396767621582563450e-03 -1.313129391746761451e-02 -2.057714720333805522e-02 -2.918572059581724804e-02 -3.954204930941998541e-02 -5.244515060464489259e-02 -6.902847767178062199e-02 -9.093893488184162655e-02 -1.205651987814864573e-01 -1.611357621242835714e-01 -2.159922793385781470e-01 -2.857068010089784393e-01 -3.627078199684315996e-01 -4.276380463991617531e-01 -4.553214191002273314e-01 -4.306848042997563630e-01 -3.603156896339633763e-01 -2.664999512711397345e-01 -1.705466225260846569e-01 -8.215157710820381043e-02
-1.245577735239056238e-02 -2.555125980829602711e-02 -3.999157520403658767e-02 -5.662368144244110668e-02 -7.653725737052159694e-02 -1.012090728056469630e-01 -1.327187185931494040e-01 -1.740687727246306438e-01 -2.295920998897358900e-01 -3.051185246539706020e-01 -4.066364418056579999e-01 -5.350318168584021761e-01 -6.763131234274571968e-01 -7.950244102305408234e-01 -8.451666886638021792e-01 -7.992171723333324485e-01 -6.691770405128066868e-01 -4.957180211125765124e-01 -3.178084998819356577e-01 -1.533036183446736256e-01
-1.787508128881037245e-02 -3.662639457796815212e-02 -5.721421134977579259e-02 -8.078016712716908077e-02 -1.087741046212222368e-01 -1.431333797321451551e-01 -1.865487703183467405e-01 -2.428591786111478079e-01 -3.175579198912108492e-01 -4.180032415199700924e-01 -5.517189823946530014e-01 -7.196486600335806338e-01 -9.035313547774139753e-01 -1.057323044638558640e+00 -1.121294525406193454e+00 -1.059683978517145020e+00 -8.880495676148306705e-01 -6.591757263882787043e-01 -4.236550005513498585e-01 -2.047832622597705043e-01
-2.241815468905310887e-02 -4.586502625805592703e-02 -7.145871011641299897e-02 -1.005086646504176479e-01 -1.346454508680704765e-01 -1.759991645945193361e-01 -2.274570978196410742e-01 -2.930369091193331110e-01 -3.783486986392869955e-01 -4.907227941756897582e-01 -6.373606801293499879e-01 -8.183433485049118605e-01 -1.013729353564774449e+00 -1.174974752703453307e+00 -1.239725032156662188e+00 -1.170730014017757448e+00 -9.840376512044937130e-01 -7.344832983904464596e-01 -4.750330906519849572e-01 -2.307369086190280416e-01
-2.593251224804023897e-02 -5.295684723294689922e-02 -8.224694080968672494e-02 -1.151503235414857718e-01 -1.532997060381288412e-01 -1.987582662416312873e-01 -2.542162168357098295e-01 -3.232530488231066812e-01 -4.106151456248465226e-01 -5.221217966662162757e-01 -6.628378976442338422e-01 -8.310213964502691786e-01 -1.007499839252647522e+00 -1.149144836152827365e+00 -1.201964861338787882e+00 -1.133932221177406552e+00 -9.585312232506685293e-01 -7.226621261087907699e-01 -4.725490349328776429e-01 -2.314249956096048610e-01
-2.835504784728027153e-02 -5.778291228308773952e-02 -8.942188368481925054e-02 -1.245459799348511559e-01 -1.646446558008431427e-01 -2.115160685661093276e-01 -2.673752502811517218e-01 -3.349657780289525544e-01 -4.176027100148176907e-01 -5.188362864197293423e-01 -6.408152184367612580e-01 -7.798425263406312258e-01 -9.192838234773099693e-01 -1.025951267708934855e+00 -1.060107308016674521e+00 -9.984797153039066675e-01 -8.504578551358336069e-01 -6.498073356861719940e-01 -4.310438024681459424e-01 -2.133315884612048408e-01
-2.970476851978721619e-02 -6.039787149237991343e-02 -9.311170450930322806e-02 -1.289670549005310640e-01 -1.692167950587209757e-01 -2.152849808382021612e-01 -2.687904685604991517e-01 -3.315273299200617863e-01 -4.053264883230009996e-01 -4.915853156309472061e-01 -5.899622475709652702e-01 -6.955714385074107664e-01 -7.951351610974377593e-01 -8.657641016472894524e-01 -8.817312364831079163e-01 -8.282510410120056399e-01 -7.108884987404225919e-01 -5.507917724981066243e-01 -3.708241511130780932e-01 -1.855158004504841585e-01
-3.006615561531839412e-02 -6.099210299072944930e-02 -9.366001004349203130e-02 -1.289937400381528931e-01 -1.679704584112605148e-01 -2.116160917213892878e-01 -2.609687573234063529e-01 -3.169798762773148870e-01 -3.802931638650222657e-01 -4.507805997863377212e-01 -5.266241902785611106e-01 -6.027766102959201122e-01 -6.692892784382055149e-01 -7.114171935883494280e-01 -7.138170977297683129e-01 -6.678822656875829100e-01 -5.765473175455082533e-01 -4.519081482580555309e-01 -3.080703407772701907e-01 -1.555259036214828583e-01
-2.956775255671379582e-02 -5.984437689000619148e-02 -9.154249567118794007e-02 -1.253774399315604748e-01 -1.620551989814756622e-01 -2.022400057625463043e-01 -2.464867188851282143e-01 -2.951144712139849302e-01 -3.479851733736911701e-01 -4.041345335440196807e-01 -4.612020263964733413e-01 -5.146976260314030105e-01 -5.574755443427370505e-01 -5.802982224579660286e-01 -5.743025754443944475e-01 -5.346557969747757211e-01 -4.628345632754091721e-01 -3.655520458260492211e-01 -2.513617081522309116e-01 -1.277125859660784846e-01
-2.836047910789853133e-02 -5.727515916220500547e-02 -8.728815925956114052e-02 -1.189183289835534091e-01 -1.526328941121951888e-01 -1.888019766689303658e-01 -2.276231663857473941e-01 -2.690020811945636470e-01 -3.123727786283966856e-01 -3.564460381577044812e-01 -3.988969458417203628e-01 -4.360748486125994861e-01 -4.629647685959621950e-01 -4.737703416234232967e-01 -4.633319037973407384e-01 -4.289262250264869736e-01 -3.713356171157727870e-01 -2.943946585855703457e-01 -2.034300120413792823e-01 -1.037565244440836892e-01
-2.659900652098003832e-02 -5.360762382597296372e-02 -8.141665797410878314e-02 -1.103748268360151968e-01 -1.407560784465783921e-01 -1.727118372440483995e-01 -2.062018033695716956e-01 -2.408971281059330005e-01 -2.760528282329586247e-01 -3.103557599746014084e-01 -3.417765483236949731e-01 -3.674950713553709614e-01 -3.840232501068269189e-01 -3.876655111378706775e-01 -3.753366002059526640e-01 -3.454731629620242939e-01 -2.985563373924368658e-01 -2.369290396968116164e-01 -1.640747376493955079e-01 -8.384345427301596876e-02
-2.442792417083063106e-02 -4.913967348001192087e-02 -7.439602473351403233e-02 -1.004082470130483046e-01 -1.273047607785406377e-01 -1.550874977654063680e-01 -1.835750747579994735e-01 -2.123316912322280037e-01 -2.405849154928138833e-01 -2.671440768402883470e-01 -2.903454175473292875e-01 -3.080695770692777891e-01 -3.178918223917505115e-01 -3.174109963117584532e-01 -3.047298027496515016e-01 -2.789397547364839691e-01 -2.403946823955261380e-01 -1.906415604934023067e-01 -1.320769509439908285e-01 -6.753665932121719062e-02
-2.197301761398143607e-02 -4.412712304509407157e-02 -6.661952304408141901e-02 -8.955737823971716971e-02 -1.129672246435407673e-01 -1.367583230113074422e-01 -1.606793118896065187e-01 -1.842696400143992996e-01 -2.068109890164556985e-01 -2.272898226918568243e-01 -2.443900224158898626e-01 -2.565419762540225856e-01 -2.620550088297194935e-01 -2.593433654633383045e-01 -2.472155680067875116e-01 -2.251464498052697938e-01 -1.934307180893674594e-01 -1.531601173383817238e-01 -1.060526726004270420e-01 -5.422557430713069448e-02
-1.933702458635564239e-02 -3.877627921658618332e-02 -5.839756875233420574e-02 -7.823452148790882577e-02 -9.824844058823668791e-02 -1.182992630064690076e-01 -1.381142165471496153e-01 -1.572565729889087438e-01 -1.750995781783989680e-01 -1.908141756488576646e-01 -2.033827561219100077e-01 -2.116529652060230859e-01 -2.144421609170453213e-01 -2.106907552150007190e-01 -1.996412816042950067e-01 -1.809985007404171231e-01 -1.550207503132260412e-01 -1.225150608290093979e-01 -8.474786460266978128e-02 -4.331291154320025122e-02
-1.659880255820355907e-02 -3.324340299009706512e-02 -4.995995322411758005e-02 -6.673470065873843282e-02 -8.349275734195135690e-02 -1.000760763826591265e-01 -1.162217248734471048e-01 -1.315428650848383674e-01 -1.455165828442313014e-01 -1.574845513998683888e-01 -1.666738625485278402e-01 -1.722449527756204912e-01 -1.733698785117719909e-01 -1.693361479853649210e-01 -1.596602224066285824e-01 -1.441854480713433695e-01 -1.231386721529730138e-01 -9.713148539738931941e-02 -6.711080627772107732e-02 -3.427820433661345201e-02
-1.381478496243516291e-02 -2.763858082680530417e-02 -4.146414419060840545e-02 -5.525157405056017879e-02 -6.891181450653309504e-02 -8.229056469973616839e-02 -9.515374613516790203e-02 -1.071765861360033517e-01 -1.179393436988288579e-01 -1.269335929186304335e-01 -1.335831961119229860e-01 -1.372831117734376327e-01 -1.374562557646350491e-01 -1.336237383120087163e-01 -1.254780132327166509e-01 -1.129443977876580935e-01 -9.621700636088070802e-02 -7.576140523554300565e-02 -5.228567160704448991e-02 -2.668910133994428779e-02
-1.102175803692305098e-02 -2.203199337885480141e-02 -3.300647258948896656e-02 -4.389563986206811846e-02 -5.461236623506223603e-02 -6.502062470666276905e-02 -7.492611414138995729e-02 -8.407039311995880004e-02 -9.213061788315489442e-02 -9.872728494275259670e-02 -1.034422220580506757e-01 -1.058480466017006211e-01 -1.055482980855026176e-01 -1.022245390061624626e-01 -9.568369629700355927e-02 -8.589712567936406973e-02 -7.302355161747872692e-02 -5.741145909779302864e-02 -3.958137471767520649e-02 -2.019252991596676150e-02
-8.240254342197668447e-03 -1.646116434119922201e-02 -2.463411488246426001e-02 -3.271214933281349491e-02 -4.062138871128619100e-02 -4.825345681105332879e-02 -5.545969467886508603e-02 -6.204825825229218911e-02 -6.778545146840625479e-02 -7.240270933157441635e-02 -7.561036291924118358e-02 -7.711855539617316901e-02 -7.666435234898093254e-02 -7.404242370417092600e-02 -6.913510687240771724e-02 -6.193685716238896133e-02 -5.256861492361584315e-02 -4.127950438753660162e-02 -2.843583867699885429e-02 -1.449964320716952589e-02
-5.478096155879399673e-03 -1.093829429733709016e-02 -1.635667469357141718e-02 -2.169745612995002682e-02 -2.690758468495533726e-02 -3.191212245848329410e-02 -3.661095236443515089e-02 -4.087749538780775099e-02 -4.456022348292350277e-02 -4.748774016202607362e-02 -4.947796724831959869e-02 -5.035146307118407161e-02 -4.994813466384626088e-02 -4.814569843507906372e-02 -4.487745298049063830e-02 -4.014658183091859844e-02 -3.403454787193366249e-02 -2.670210647110508873e-02 -1.838283211004437465e-02 -9.370205277041228006e-03
-2.733834277729866539e-03 -5.457240589499604000e-03 -8.156832733099641033e-03 -1.081341571415870596e-02 -1.339937476459435867e-02 -1.587649871666785631e-02 -1.819449996266594982e-02 -2.029055053252408133e-02 -2.209020865880841761e-02 -2.351006327588334860e-02 -2.446230656348555299e-02 -2.486119882726467098e-02 -2.463102932268702513e-02 -2.371478797728962529e-02 -2.208242760486938197e-02 -1.973747435647000420e-02 -1.672089062588711164e-02 -1.311154372441049841e-02 -9.023180191795788022e-03 -4.598346045021373465e-03
