-5.338310551711036855e-03 -1.066951819411473754e-02 -1.597985636940372350e-02 -2.124232150748698797e-02 -2.641036419396983193e-02 -3.141224241483515922e-02 -3.614667590361597682e-02 -4.048076676978740185e-02 -4.425137545253558097e-02 -4.727118171920727946e-02 -4.934028845789135281e-02 -5.026333113080334869e-02 -4.987064518865735874e-02 -4.804045841087976887e-02 -4.471800440518342024e-02 -3.992758229076017601e-02 -3.377521060593857705e-02 -2.644207284409919034e-02 -1.817126071735523582e-02 -9.251371422374319101e-03
-1.068372383215290995e-02 -2.135990413869623405e-02 -3.200758675098974021e-02 -4.257906554783165431e-02 -5.298689467089866961e-02 -6.309193129158857660e-02 -7.269369691326002525e-02 -8.152501701444013482e-02 -8.925355451688053721e-02 -9.549306433039032871e-02 -9.982664168224877899e-02 -1.018423927027090059e-01 -1.011787926800517962e-01 -9.757318520839354525e-02 -9.090397806997703445e-02 -8.121711453819202564e-02 -6.873118876838758828e-02 -5.382182194251934615e-02 -3.699160043326420177e-02 -1.883422644937953264e-02
-1.603667875935016821e-02 -3.207878679334157795e-02 -4.811151950325075199e-02 -6.407946105220295452e-02 -7.986622018668967926e-02 -9.527489612472517244e-02 -1.100111660319993551e-01 -1.236720524964214224e-01 -1.357447622833856116e-01 -1.456208800485167820e-01 -1.526308240726471643e-01 -1.561008077001880268e-01 -1.554289505055042597e-01 -1.501695140945208118e-01 -1.401076084757769125e-01 -1.253057101428764475e-01 -1.061106090452832024e-01 -8.312242821497553558e-02 -5.713909506937384780e-02 -2.909393588149724458e-02
-2.138420493605245123e-02 -4.280704380928898600e-02 -6.428024408137765489e-02 -8.576104110110818746e-02 -1.071236320130166536e-01 -1.281302712607902961e-01 -1.484040227161677050e-01 -1.674072670262519713e-01 -1.844325647840157345e-01 -1.986148718559191395e-01 -2.089749701443286423e-01 -2.145010676931425053e-01 -2.142666916545225564e-01 -2.075683140214867606e-01 -1.940512331287440329e-01 -1.737875089298020759e-01 -1.472831099419580347e-01 -1.154181894039182504e-01 -7.934841826142356724e-02 -4.040242411206276113e-02
-2.669309767800420383e-02 -5.348494043664096809e-02 -8.044137412609940474e-02 -1.075608284065436709e-01 -1.347369994406864835e-01 -1.617185371700782526e-01 -1.880673896564639680e-01 -2.131204322954727837e-01 -2.359633595444570464e-01 -2.554310742534935397e-01 -2.701531161597936492e-01 -2.786617971682674999e-01 -2.795684232247573897e-01 -2.717858019655094437e-01 -2.547414836642485358e-01 -2.285099694346144072e-01 -1.938161249578509437e-01 -1.519187990268353050e-01 -1.044339650595379060e-01 -5.316734333683695302e-02
-3.190324680118911127e-02 -6.399824881145622923e-02 -9.643948584869566076e-02 -1.293039024331993914e-01 -1.625450025011041522e-01 -1.959394923367443753e-01 -2.290265712224252015e-01 -2.610437155548916421e-01 -2.908693647570025353e-01 -3.169929277360836184e-01 -3.375445535179660839e-01 -3.504244209297599499e-01 -3.535591308557102241e-01 -3.452646382479980791e-01 -3.246185932143236808e-01 -2.916945141765607263e-01 -2.475524850542288879e-01 -1.940068608549168627e-01 -1.333012833004924014e-01 -6.783298064321278964e-02
-3.692164357763072502e-02 -7.416532735212372218e-02 -1.120144217864545294e-01 -1.506702951526726342e-01 -1.901996180313059726e-01 -2.304678615774160833e-01 -2.710556893650384325e-01 -3.111584824498185853e-01 -3.494773704990914998e-01 -3.841263741478649907e-01 -4.126067319888711560e-01 -4.319299495574461245e-01 -4.389752609479540824e-01 -4.310902252578004967e-01 -4.067691113912115242e-01 -3.660936330942476946e-01 -3.106905725461971968e-01 -2.432540940924052264e-01 -1.669310780274268768e-01 -8.486323738657491900e-02
-4.161800384243246470e-02 -8.372699884974051099e-02 -1.267825832697825617e-01 -1.711632395147911767e-01 -2.171153164323324503e-01 -2.646766465584376449e-01 -3.135698227288642448e-01 -3.630569776644950175e-01 -4.117543312456030669e-01 -4.574248658629056496e-01 -4.968155364436054877e-01 -5.256901367669840619e-01 -5.392827804264148650e-01 -5.333024040465624838e-01 -5.052263436685819897e-01 -4.551855544335208226e-01 -3.858428350997618606e-01 -3.013797946852966314e-01 -2.063031339066810910e-01 -1.046882732631903151e-01
-4.582337558456264087e-02 -9.234208547556202462e-02 -1.402256755916156117e-01 -1.900847666756021737e-01 -2.424217615406743243e-01 -2.975535669552510365e-01 -3.554897692687751798e-01 -4.157438415892939498e-01 -4.770508016299644383e-01 -5.369750774051306186e-01 -5.914583274719014128e-01 -6.345508323414970064e-01 -6.588592697184295632e-01 -6.572240564078661862e-01 -6.252764248230398003e-01 -5.633079654516756074e-01 -4.759652279936020247e-01 -3.700561225375103569e-01 -2.521933611297006439e-01 -1.275818960094732557e-01
-4.933341584520402334e-02 -9.959229544120215549e-02 -1.516932703262053317e-01 -2.065283905992074120e-01 -2.649333872403912271e-01 -3.276259505504291458e-01 -3.950905806238458329e-01 -4.673692961589162032e-01 -5.436866765708715521e-01 -6.217998000077126219e-01 -6.970062906889131771e-01 -7.611222377906173842e-01 -8.025808348392242664e-01 -8.091735336502202669e-01 -7.731475198004834626e-01 -6.951989729078718039e-01 -5.837655459698453120e-01 -4.503134617560348163e-01 -3.047138098557689023e-01 -1.534173930791995488e-01
-5.191799452101036882e-02 -1.050004116263519305e-01 -1.604267230231573860e-01 -2.194021366188784461e-01 -2.831573952992667009e-01 -3.529256267477624553e-01 -4.298716005208354507e-01 -5.149178421311411125e-01 -6.083327037038001039e-01 -7.087844640081654157e-01 -8.114674182119845369e-01 -9.055379374983895113e-01 -9.731032932064884733e-01 -9.934973654553769240e-01 -9.530769471399342940e-01 -8.533748087721352293e-01 -7.096006409327565434e-01 -5.410473807241089617e-01 -3.623997274607606567e-01 -1.812458119108398824e-01
-5.333815154635814654e-02 -1.080646360609942430e-01 -1.656110757877122530e-01 -2.274960294326119348e-01 -2.953682469129211285e-01 -3.710453667489348462e-01 -4.565329357282558176e-01 -5.539677483733295160e-01 -6.652820212090810870e-01 -7.909997910099666463e-01 -9.271397101085203651e-01 -1.060098432440891747e+00 -1.163382777020594894e+00 -1.203813446933634124e+00 -1.158758080415312808e+00 -1.031148528488115668e+00 -8.466729730622563066e-01 -6.361957304542835701e-01 -4.207859415787390533e-01 -2.087308467663717693e-01
-5.336997662023455768e-02 -1.083089070720886088e-01 -1.664569163066406121e-01 -2.296026313258057172e-01 -2.997737157571554456e-01 -3.793489966446030870e-01 -4.711969844792954221e-01 -5.788031614923168089e-01 -7.061276760532082530e-01 -8.562528587691937698e-01 -1.026922127872071711e+00 -1.202177082325698532e+00 -1.345876846473388788e+00 -1.409888125322162011e+00 -1.360595678201571124e+00 -1.202725041217383772e+00 -9.748533165422509361e-01 -7.216409068987593711e-01 -4.711639773870480163e-01 -2.317700310721211021e-01
-5.183284879653895366e-02 -1.053440995544669551e-01 -1.623050525862229643e-01 -2.246838060387958691e-01 -2.947740459491057230e-01 -3.753688550198202578e-01 -4.700050901859522123e-01 -5.832658128473108272e-01 -7.208517514214616284e-01 -8.881871410395798527e-01 -1.084867641553171058e+00 -1.293467849869159414e+00 -1.470081210550144402e+00 -1.554003374476938593e+00 -1.502252201661443243e+00 -1.321122291051994857e+00 -1.060217094675435678e+00 -7.757628861451357771e-01 -5.013694526533843954e-01 -2.449944914070707469e-01
-4.861731831299352657e-02 -9.892959137668906611e-02 -1.527353858544766574e-01 -2.120534086390507555e-01 -2.792684055367897766e-01 -3.573309020661815660e-01 -4.500439614867093319e-01 -5.624342533350373818e-01 -7.009091561221389988e-01 -8.718610305721395948e-01 -1.075736190636609857e+00 -1.294821456842636387e+00 -1.482674779880173821e+00 -1.574282748818736311e+00 -1.523408454252802358e+00 -1.336903753464631750e+00 -1.068210589420396817e+00 -7.774947393550959429e-01 -5.000976710319786633e-01 -2.435945876381119257e-01
-4.370683303659763513e-02 -8.902156167421963751e-02 -1.376534884314708773e-01 -1.915259377612889835e-01 -2.529136914775832468e-01 -3.246239926325402148e-01 -4.102431317001786204e-01 -5.144304526532457178e-01 -6.429703580604639868e-01 -8.013805651699956734e-01 -9.894845132004576049e-01 -1.190555932396091032e+00 -1.362199173324212254e+00 -1.445763659638833909e+00 -1.399723609752963283e+00 -1.230152605257259557e+00 -9.849520032673464431e-01 -7.183961062950927623e-01 -4.628253680879950704e-01 -2.256451443695810244e-01
-3.718845231235434756e-02 -7.579633352210747577e-02 -1.173310661274370031e-01 -1.634830775558876459e-01 -2.162350904249954742e-01 -2.779925941689815883e-01 -3.517358823955418767e-01 -4.411486520260613498e-01 -5.504651906174155007e-01 -6.831417908904507952e-01 -8.375888017472928881e-01 -9.992781064382799672e-01 -1.134688804157641950e+00 -1.199011314690150876e+00 -1.160929014164977513e+00 -1.024843015687423087e+00 -8.266682608779160057e-01 -6.078867227440535315e-01 -3.943090728577759441e-01 -1.930626201020741173e-01
-2.925064249129482805e-02 -5.964425540063710007e-02 -9.239136312580260857e-02 -1.288401624661147660e-01 -1.705501341033409113e-01 -2.193653167467366216e-01 -2.774699901463132390e-01 -3.473662000741257749e-01 -4.315710493965821959e-01 -5.314811501561629292e-01 -6.444749706889302265e-01 -7.591760042681343634e-01 -8.524204625911239175e-01 -8.948110204313356464e-01 -8.662173815696626589e-01 -7.692727371787466684e-01 -6.268269279546059281e-01 -4.660993698332288049e-01 -3.051712212675457003e-01 -1.502980830577928251e-01
-2.016986326256243328e-02 -4.113868364561241997e-02 -6.374996938999220875e-02 -8.893605000590670828e-02 -1.177595443308298295e-01 -1.514436139144551829e-01 -1.913689678967704921e-01 -2.389832745078353526e-01 -2.954907231172812510e-01 -3.610400094776465285e-01 -4.330420227621658014e-01 -5.038101961186342015e-01 -5.594756724480139942e-01 -5.834376243483284652e-01 -5.645998188529234296e-01 -5.042722667150785210e-01 -4.148731275346353442e-01 -3.117641269066316889e-01 -2.059249269657071613e-01 -1.019815128616211736e-01
-1.029012770759411659e-02 -2.099064815080060181e-02 -3.253378289904615417e-02 -4.539451469143356011e-02 -6.010822508356485766e-02 -7.727879717148115890e-02 -9.756283710695244638e-02 -1.215990437083864922e-01 -1.498196744147707871e-01 -1.820347180599074244e-01 -2.166859650340454413e-01 -2.499372693889662933e-01 -2.754291154355583138e-01 -2.858961673423847105e-01 -2.765791600956100105e-01 -2.479839092387396970e-01 -2.053640337181098785e-01 -1.554340513410509272e-01 -1.032805037474608528e-01 -5.134093827580442360e-02
