-8.494761125455777256e-04 -1.658149898717867308e-03 -2.389220121209738919e-03 -3.013185249324964142e-03 -3.509931420686314332e-03 -3.869409493372033201e-03 -4.091011268728256961e-03 -4.181983045635560663e-03 -4.155302171823405805e-03 -4.027433198527731982e-03 -3.816274968595464393e-03 -3.539493007672748180e-03 -3.213316737421437631e-03 -2.851788259193717336e-03 -2.466405271231165638e-03 -2.066066585059544731e-03 -1.657236422672795717e-03 -1.244247610074285335e-03 -8.296847022359351122e-04 -4.148098742334114988e-04
-1.739754526557003118e-03 -3.393903237152776347e-03 -4.885544780645407169e-03 -6.153588395191497348e-03 -7.157129829112053240e-03 -7.876692904518924412e-03 -8.312650439368133443e-03 -8.481615443389005707e-03 -8.411789343675627265e-03 -8.138153160735317818e-03 -7.698171113715101752e-03 -7.128378712083430734e-03 -6.461983350594552658e-03 -5.727428881497367841e-03 -4.947763596891345365e-03 -4.140622713585957737e-03 -3.318630998432525389e-03 -2.490069013901643862e-03 -1.659683121732610442e-03 -8.295558155173951998e-04
-2.715638783020529311e-03 -5.292163535225083773e-03 -7.605466826282535411e-03 -9.558492765356602777e-03 -1.108830449634313348e-02 -1.216758019402174387e-02 -1.280127822932655875e-02 -1.302003558574183102e-02 -1.287208232917328929e-02 -1.241521513053237859e-02 -1.170987505342127241e-02 -1.081386470791206866e-02 -9.778806746535428224e-03 -8.648176962888085711e-03 -7.456594479767883824e-03 -6.230027252072087122e-03 -4.986594838703152510e-03 -3.737715972971851052e-03 -2.489423207080271924e-03 -1.243731996199561735e-03
-3.830636760639549287e-03 -7.453644866307068337e-03 -1.068566481492786054e-02 -1.338660972617054801e-02 -1.547001352619795794e-02 -1.690404282273356290e-02 -1.770484489054213739e-02 -1.792516311591195455e-02 -1.764128624027551731e-02 -1.694074677199748288e-02 -1.591224718862083165e-02 -1.463839584385866373e-02 -1.319120005138656876e-02 -1.162987453084363305e-02 -1.000040619255619656e-02 -8.336293770834717065e-03 -6.660002842378053532e-03 -4.984775534013999136e-03 -3.316562676823073610e-03 -1.655948190225553810e-03
-5.153262852576212354e-03 -1.000611337977729172e-02 -1.429693574191742006e-02 -1.783226549272595024e-02 -2.050109483081949402e-02 -2.227373114197716414e-02 -2.318889337121711469e-02 -2.333448365834024305e-02 -2.282714963856358886e-02 -2.179423596235203694e-02 -2.035996771215812379e-02 -1.863627036298163772e-02 -1.671771993108663382e-02 -1.467971352617584990e-02 -1.257885964296518756e-02 -1.045473613834595021e-02 -8.332344856491506399e-03 -6.224817723590919498e-03 -4.136101983534300544e-03 -2.063496847221076014e-03
-6.776300613748120760e-03 -1.312060804969820450e-02 -1.866369603157216547e-02 -2.314441777478440029e-02 -2.642836500987288950e-02 -2.850089008514503086e-02 -2.944251030949785256e-02 -2.939672472235049794e-02 -2.853858818026921984e-02 -2.704907423378580603e-02 -2.509711292511705369e-02 -2.282899186463972427e-02 -2.036369194551755635e-02 -1.779239491686491342e-02 -1.518057925500648775e-02 -1.257144368955243584e-02 -9.989819928628927703e-03 -7.446044757758308111e-03 -4.939527477188519582e-03 -2.461934736281908096e-03
-8.831330552344879986e-03 -1.703632078089944990e-02 -2.409281823789658980e-02 -2.965334029967658935e-02 -3.356705124469764462e-02 -3.585894897426605832e-02 -3.668352764270090688e-02 -3.627131098779742824e-02 -3.488139753444432362e-02 -3.276635318699915034e-02 -3.015041019401405037e-02 -2.721888645014430147e-02 -2.411565386827281207e-02 -2.094559050631375485e-02 -1.777961378663744235e-02 -1.466063606340359954e-02 -1.160944412513255190e-02 -8.630009584678181855e-03 -5.714025239135442531e-03 -2.844711565294982900e-03
-1.151270056484602657e-02 -2.210052465846432806e-02 -3.101791299344682298e-02 -3.780906897817166296e-02 -4.232754535489090947e-02 -4.468432045414363202e-02 -4.516133382832370619e-02 -4.412358587843738522e-02 -4.194932946576092336e-02 -3.898452201422546171e-02 -3.551927915702946664e-02 -3.178048129085658813e-02 -2.793443771065763637e-02 -2.409469183607087367e-02 -2.033164517886994552e-02 -1.668203776198503782e-02 -1.315731002626501292e-02 -9.750521388567542566e-03 -6.441849736158021186e-03 -3.202884599475344825e-03
-1.511894412250365180e-02 -2.883516145633942263e-02 -4.006923568337066727e-02 -4.823747370343897667e-02 -5.324973498200284011e-02 -5.538944974069937022e-02 -5.515389415247847621e-02 -5.311236383791704402e-02 -4.980780444454827038e-02 -4.570312098103825743e-02 -4.116169693427201848e-02 -3.644931564232019999e-02 -3.174691649900807100e-02 -2.716708546036839672e-02 -2.277023067023685801e-02 -1.857855596310582780e-02 -1.458723366229201443e-02 -1.077291466996621767e-02 -7.099966167303663200e-03 -3.524975477435839631e-03
-2.012785195029527865e-02 -3.805188518577880263e-02 -5.218635409395693675e-02 -6.182183256742820182e-02 -6.704445937577410697e-02 -6.846984226103994264e-02 -6.695242301966225495e-02 -6.336416303697271768e-02 -5.846639657280065794e-02 -5.285845309485787819e-02 -4.697506694661327670e-02 -4.110816339978065614e-02 -3.543682163321707629e-02 -3.005649518602683534e-02 -2.500363072824044602e-02 -2.027471510053294526e-02 -1.584015250909011699e-02 -1.165393490754873008e-02 -7.660122968454831198e-03 -3.797050352068265331e-03
-2.733954424899454408e-02 -5.105724599877793646e-02 -6.880183116252447384e-02 -7.981871622392665289e-02 -8.463629705483366461e-02 -8.449299617158592679e-02 -8.082177795308521928e-02 -7.492546218377842127e-02 -6.783515629398409463e-02 -6.028922354030213926e-02 -5.277194789042517070e-02 -4.557144455258536897e-02 -3.883570641120340228e-02 -3.261843451069699334e-02 -2.691307444248237923e-02 -2.167651545781675362e-02 -1.684472152247225990e-02 -1.234254688822882320e-02 -8.089538485449673799e-03 -4.003101229962860615e-03
-3.816002642837506426e-02 -7.002403490111197559e-02 -9.213707154624915796e-02 -1.040108175839899729e-01 -1.071874181550435678e-01 -1.040435918061860532e-01 -9.691611667279383113e-02 -8.768072545610300361e-02 -7.765953047325650782e-02 -6.769132750464711135e-02 -5.825205189086973823e-02 -4.956995304150652037e-02 -4.171612049262324318e-02 -3.466845410344877865e-02 -2.835371051980861701e-02 -2.267354395143710011e-02 -1.751966703756122415e-02 -1.278198862100332102e-02 -8.352379346957686593e-03 -4.125814342160253473e-03
-5.515155899342769757e-02 -9.862990558101948635e-02 -1.256356560873075623e-01 -1.368609888359154370e-01 -1.360437207570271978e-01 -1.275733273358399256e-01 -1.151173552334207317e-01 -1.012216132737410595e-01 -8.743087930820067633e-02 -7.456449132555993675e-02 -6.297496873936857253e-02 -5.274018742161227374e-02 -4.379036064499865211e-02 -3.598554316512857926e-02 -2.915976314066894004e-02 -2.314427753281107086e-02 -1.777841008401578882e-02 -1.291335784230956268e-02 -8.412172715643852217e-03 -4.147774499007062139e-03
-8.290922613820170262e-02 -1.428962208902968267e-01 -1.743634350435609437e-01 -1.814701529094075727e-01 -1.724425338499888660e-01 -1.550559354082829688e-01 -1.347510291246039327e-01 -1.146562433281942683e-01 -9.627771404185882231e-02 -8.016076537348383602e-02 -6.634313690304899369e-02 -5.462545843669417561e-02 -4.471958638041938217e-02 -3.632358717772047468e-02 -2.915551638403370352e-02 -2.296538898850127366e-02 -1.753633557439946561e-02 -1.268085679620248665e-02 -8.235176655767981885e-03 -4.053108469731501670e-03
-1.285980550423238000e-01 -2.112135751804540551e-01 -2.444186974862612993e-01 -2.406531687822416332e-01 -2.165917065970646427e-01 -1.852769131857998908e-01 -1.541342492253069130e-01 -1.263677605811385496e-01 -1.028620797205221510e-01 -8.345762476273022035e-02 -6.761134170184211756e-02 -5.469891618388088989e-02 -4.413893176018048731e-02 -3.543369697964184051e-02 -2.817332172199381660e-02 -2.202542352577436038e-02 -1.672068479862840254e-02 -1.203855550839173956e-02 -7.794565529936227539e-03 -3.829481170608883822e-03
-1.994513819520118969e-01 -3.103019493406243834e-01 -3.387937506389998021e-01 -3.136232508085922133e-01 -2.654556455489900935e-01 -2.145752309551518244e-01 -1.699730863034763784e-01 -1.337898889813634307e-01 -1.053415365583363628e-01 -8.319594884397983614e-02 -6.594565901758926707e-02 -5.241992623797982892e-02 -4.170352317264464093e-02 -3.309894095473691483e-02 -2.607864574041354050e-02 -2.024229529977455630e-02 -1.528242307610852384e-02 -1.095811218820848948e-02 -7.075047269501620779e-03 -3.470248274339826893e-03
-2.930817645208145250e-01 -4.328139452637024820e-01 -4.468308393835440095e-01 -3.890103013978409296e-01 -3.090058110557339366e-01 -2.352222102869063469e-01 -1.768611234761259532e-01 -1.333868109449958816e-01 -1.015065858030203133e-01 -7.803783327737010000e-02 -6.055533122492726128e-02 -4.733159751817948152e-02 -3.715628769715368512e-02 -2.917989238271031724e-02 -2.280001925745831631e-02 -1.758268445690468890e-02 -1.320859760056552340e-02 -9.436420511587981230e-03 -6.077260252734863546e-03 -2.976463246526664472e-03
-3.822924704937470941e-01 -5.397828996652901390e-01 -5.308309798827371973e-01 -4.372539448835679465e-01 -3.270966358362387694e-01 -2.347588117404803831e-01 -1.675876344049169464e-01 -1.211730696369628657e-01 -8.923226726404444309e-02 -6.689073945569906643e-02 -5.090603017222639776e-02 -3.919483021758576879e-02 -3.041013373971237360e-02 -2.366431602767906164e-02 -1.835884992634751606e-02 -1.407982176490340208e-02 -1.053285986649379370e-02 -7.501709578567877269e-03 -4.821108423943534955e-03 -2.358342759940677477e-03
-4.096506141558549641e-01 -5.565386956848973332e-01 -5.252598688078945477e-01 -4.124538454381192487e-01 -2.924131978631739348e-01 -1.987943581788455261e-01 -1.352414079691864890e-01 -9.409207108794014063e-02 -6.730799179733636117e-02 -4.938187458595347940e-02 -3.698285021435166603e-02 -2.813153603337968656e-02 -2.162509670787051905e-02 -1.670838480355846950e-02 -1.289123849959417090e-02 -9.844889811178215641e-03 -7.341308840837439120e-03 -5.216447835258345052e-03 -3.347120173953472156e-03 -1.635798571473317826e-03
-3.049575465877112368e-01 -3.979658621198767787e-01 -3.612926556117401766e-01 -2.714478534612172478e-01 -1.831642093394819371e-01 -1.185302847892144434e-01 -7.730154052210851112e-02 -5.210385291592640328e-02 -3.645595477000702911e-02 -2.633909975997207956e-02 -1.951145375103349386e-02 -1.472333756298760919e-02 -1.125033048613713164e-02 -8.652885982930843406e-03 -6.652828535971285102e-03 -5.067188990464238652e-03 -3.771037601171014098e-03 -2.675652796645837557e-03 -1.715125943513271054e-03 -8.377311417547110301e-04
