-2.946410237061682785e-03 -5.879828057103721195e-03 -8.784084235057771153e-03 -1.163678978457924167e-02 -1.440658948003242096e-02 -1.705093385809637943e-02 -1.951466857576915348e-02 -2.172977893150467021e-02 -2.361668356742144606e-02 -2.508738142963291493e-02 -2.605061311137690100e-02 -2.641889809160870642e-02 -2.611692183125278316e-02 -2.509034967882008832e-02 -2.331386025539560272e-02 -2.079715101969954391e-02 -1.758794699158912692e-02 -1.377156358412093447e-02 -9.467173026212557033e-03 -4.821389684613720458e-03
-5.905811894127976046e-03 -1.178881614907519547e-02 -1.761971823622517780e-02 -2.335648588605402504e-02 -2.893863357228798269e-02 -3.428248032467164086e-02 -3.927796332053434120e-02 -4.378776645061436407e-02 -4.764957659817489755e-02 -5.068223083721169753e-02 -5.269617455195580585e-02 -5.350805893063165231e-02 -5.295844057035219848e-02 -5.093061833170640235e-02 -4.736794257313486911e-02 -4.228679936761195468e-02 -3.578307614428521272e-02 -2.803113707475212921e-02 -1.927574034263477426e-02 -9.818387306487905836e-03
-8.888019933381041335e-03 -1.774990436486557563e-02 -2.654948525193641037e-02 -3.523080077992360448e-02 -4.370898100534641173e-02 -5.186239278794791546e-02 -5.952694298935911482e-02 -6.649375058722128973e-02 -7.251162896015467263e-02 -7.729579359757902945e-02 -8.054379724803803486e-02 -8.195872390545747010e-02 -8.127816526244464879e-02 -7.830574251866188884e-02 -7.294049496037549596e-02 -6.519903136293991874e-02 -5.522642457380818465e-02 -4.329417099332347196e-02 -2.978626638631886453e-02 -1.517641987765818053e-02
-1.189636441215048170e-02 -2.377329593473622577e-02 -3.559751853353713275e-02 -4.730825250579833580e-02 -5.880409906435855871e-02 -6.993117061018087888e-02 -8.047366812729390972e-02 -9.014866724341567827e-02 -9.860739859303634114e-02 -1.054455201214384158e-01 -1.102244995310652648e-01 -1.125048773231541177e-01 -1.118897558167580714e-01 -1.080736939767024118e-01 -1.008892656810894545e-01 -9.034240863656556320e-02 -7.662942190157510935e-02 -6.013285829313309155e-02 -4.139873468642793486e-02 -2.110102658440677140e-02
-1.492414278580347746e-02 -2.984939875143964930e-02 -4.475904288001065351e-02 -5.960059516599955365e-02 -7.426799493872161817e-02 -8.858452549502465745e-02 -1.022878939576721408e-01 -1.150198547882225059e-01 -1.263237808825395381e-01 -1.356543916238074354e-01 -1.424038077733688346e-01 -1.459465329119153110e-01 -1.457022901757666078e-01 -1.412100142406500503e-01 -1.322004668307234510e-01 -1.186519171097934616e-01 -1.008159965509283079e-01 -7.920910542192936832e-02 -5.457478723426508610e-02 -2.782895116338878275e-02
-1.795080946958755100e-02 -3.594111737257080913e-02 -5.398866352403839525e-02 -7.206709414180000051e-02 -9.008276450667383750e-02 -1.078510451778506296e-01 -1.250735311284446871e-01 -1.413190803860906175e-01 -1.560134814470599263e-01 -1.684444631646217494e-01 -1.777898120821447547e-01 -1.831751628023746137e-01 -1.837628628102075112e-01 -1.788636105163887990e-01 -1.680506732167907913e-01 -1.512487995047891998e-01 -1.287735428794033743e-01 -1.013127801700804131e-01 -6.986235752997853321e-02 -3.563999033648132531e-02
-2.093798038669963252e-02 -4.197560116962512772e-02 -6.318740469969365281e-02 -8.459635693035352788e-02 -1.061449280820519342e-01 -1.276633634096966119e-01 -1.488361090385322549e-01 -1.691694579063658388e-01 -1.879666072327037252e-01 -2.043201734730826780e-01 -2.171358222086744172e-01 -2.252014490964551752e-01 -2.273103914382839097e-01 -2.224308924841049417e-01 -2.098898154692372398e-01 -1.895190636934331319e-01 -1.617165960468768260e-01 -1.274061157495930685e-01 -8.792187230872516857e-02 -4.486865326819290678e-02
-2.382551144839054752e-02 -4.783590434305476369e-02 -7.218899814961679540e-02 -9.698600474373147984e-02 -1.222372310757073449e-01 -1.478213772510118262e-01 -1.734380892025118581e-01 -1.985560421486449456e-01 -2.223633216503287935e-01 -2.437338056789636886e-01 -2.612318468900712287e-01 -2.731843913015700176e-01 -2.778462987588048438e-01 -2.736596576556414306e-01 -2.595585256169553046e-01 -2.352209570849180253e-01 -2.011676070521112858e-01 -1.586731904846763741e-01 -1.095503557543970607e-01 -5.591274823180880649e-02
-2.652816154511861840e-02 -5.335350728305527507e-02 -8.074668088228563467e-02 -1.089214349953004091e-01 -1.379966197179003373e-01 -1.679468303371179916e-01 -1.985388362031311749e-01 -2.292533043028383011e-01 -2.591968247900905964e-01 -2.870198221820591811e-01 -3.108731575264204183e-01 -3.284574249343799601e-01 -3.372296969741165329e-01 -3.348013691698483729e-01 -3.194619655972698036e-01 -2.906372014831292705e-01 -2.490587794716216663e-01 -1.965682492287471328e-01 -1.356934542804350829e-01 -6.923194169849329616e-02
-2.893362849617435797e-02 -5.830328205397614788e-02 -8.852278477280389746e-02 -1.199564373419025470e-01 -1.528809860017294187e-01 -1.874304950996375230e-01 -2.235171248939740174e-01 -2.607214927757836032e-01 -2.981506874570434840e-01 -3.342747557326747332e-01 -3.667810249040535098e-01 -3.925360751236720014e-01 -4.078014190299222852e-01 -4.088362575925313380e-01 -3.928309837542160454e-01 -3.587905331673094111e-01 -3.078515371789020683e-01 -2.428425093724698725e-01 -1.674214239116937064e-01 -8.532105380258282745e-02
-3.090307075435511086e-02 -6.240321029692880855e-02 -9.508474087994780999e-02 -1.295005472575419259e-01 -1.661403977037294588e-01 -2.053770432743968477e-01 -2.473776502476326966e-01 -2.919646060576646662e-01 -3.384081923906659961e-01 -3.851409096924232611e-01 -4.294180804032068921e-01 -4.670485249140680084e-01 -4.924961197516498634e-01 -4.997544915604348326e-01 -4.840619237268812824e-01 -4.436972630455173205e-01 -3.806221499873190250e-01 -2.994844525082681064e-01 -2.058124851716821302e-01 -1.046263702011994978e-01
-3.227544712462457333e-02 -6.532175110991902955e-02 -9.991242594742098804e-02 -1.368206176834068644e-01 -1.768030177954677540e-01 -2.205596143345194549e-01 -2.686516118929848651e-01 -3.213493953011755666e-01 -3.783666726642839206e-01 -4.384189093267885085e-01 -4.985555811130669701e-01 -5.533726903674092146e-01 -5.946662535170228470e-01 -6.125830227687605323e-01 -5.988148729482407617e-01 -5.503509429635397021e-01 -4.708434577080197747e-01 -3.683660956563919453e-01 -2.516101954296255938e-01 -1.273422042481954231e-01
-3.287696961031749687e-02 -6.669592464637318086e-02 -1.024225991134564001e-01 -1.410664823944239588e-01 -1.836914386924378695e-01 -2.314066799434725819e-01 -2.853186817511235152e-01 -3.464061451925607438e-01 -4.152403865428386798e-01 -4.913925441872195599e-01 -5.722765552692491431e-01 -6.513528604333963523e-01 -7.166214484323455425e-01 -7.518600550623358858e-01 -7.424765008611003969e-01 -6.831999351377189278e-01 -5.809556786004606010e-01 -4.500440275492070819e-01 -3.043790758038280031e-01 -1.529826123460829024e-01
-3.253650894299587454e-02 -6.616238427278418877e-02 -1.020155666154617113e-01 -1.413312765921145575e-01 -1.854895466943602411e-01 -2.360565710046895194e-01 -2.948060491617708889e-01 -3.636834994501862983e-01 -4.446061765074529881e-01 -5.387954048131187168e-01 -6.449974596688398121e-01 -7.560171565093102286e-01 -8.549062572161029161e-01 -9.157853873703580838e-01 -9.139567529467925722e-01 -8.405234194361852484e-01 -7.079908551093233582e-01 -5.408213464571006712e-01 -3.608161649264488013e-01 -1.796383835998520417e-01
-3.110668477849138497e-02 -6.340153865377270992e-02 -9.814600896616534897e-02 -1.367535066718806869e-01 -1.808788126303695620e-01 -2.325228006742461884e-01 -2.941531744681288862e-01 -3.688213007950255640e-01 -4.601560011775740477e-01 -5.717596841637800908e-01 -7.047820113604144066e-01 -8.522141295004185269e-01 -9.915863392386919939e-01 -1.084663944826167903e+00 -1.093213489492812718e+00 -1.003472945845125475e+00 -8.357038682142546859e-01 -6.280860153888885300e-01 -4.124598037195140177e-01 -2.031043266461828589e-01
-2.848869290384576508e-02 -5.819107905264368080e-02 -9.041342527563460407e-02 -1.266579178245736959e-01 -1.687492012962041321e-01 -2.189999952262489114e-01 -2.804356424570831341e-01 -3.570857693122979626e-01 -4.542325712228195700e-01 -5.779882951242676370e-01 -7.323613575779477358e-01 -9.113224132593904514e-01 -1.087729544483792665e+00 -1.211478361445059715e+00 -1.230855219410056378e+00 -1.127243099756985334e+00 -9.288306703825405242e-01 -6.875251403944828699e-01 -4.447557133157933884e-01 -2.167015369108871714e-01
-2.465700948158518896e-02 -5.046066118934445371e-02 -7.865869501102699946e-02 -1.107155214335047155e-01 -1.484597510547061017e-01 -1.942879294151260983e-01 -2.514589246097493347e-01 -3.245100116413567326e-01 -4.196992402264562716e-01 -5.447649801323928287e-01 -7.057844523346673560e-01 -8.979672440550129364e-01 -1.092254822551860460e+00 -1.232323426606701355e+00 -1.259024371047748447e+00 -1.151064882572343739e+00 -9.411719257543934569e-01 -6.888877651476824626e-01 -4.406080826137265261e-01 -2.129352551539610561e-01
-1.967868506830548758e-02 -4.033586325028721414e-02 -6.304517320803414149e-02 -8.908569886891047618e-02 -1.200859399973696617e-01 -1.582274950216315812e-01 -2.065458003848536228e-01 -2.693633937296395220e-01 -3.527690661423216190e-01 -4.644603496919236796e-01 -6.108016092242850581e-01 -7.880193584402122031e-01 -9.692763377116985213e-01 -1.101601347916905116e+00 -1.129057656371172280e+00 -1.031524980140489989e+00 -8.401252919982875600e-01 -6.112519698131364532e-01 -3.884857886952640671e-01 -1.868604479566164100e-01
-1.372187006531721577e-02 -2.815893518680345417e-02 -4.410043690429749780e-02 -6.249613974945746747e-02 -8.457041977554446976e-02 -1.119850071449072088e-01 -1.470796175720529564e-01 -1.932155335853317502e-01 -2.551468729833116234e-01 -3.388811549315408067e-01 -4.493831201848297319e-01 -5.838154092515265292e-01 -7.217214197070910275e-01 -8.227888960837287380e-01 -8.445187663581902315e-01 -7.716449029109644364e-01 -6.278148098229822116e-01 -4.559050073544934634e-01 -2.890919412164196789e-01 -1.387920182306542904e-01
-7.049860621464449154e-03 -1.447757370315653526e-02 -2.270149938504704631e-02 -3.222798846367468106e-02 -4.371430573480428877e-02 -5.805865740935333558e-02 -7.653320971358412717e-02 -1.009732092381278173e-01 -1.339800205026855096e-01 -1.788443846474998544e-01 -2.382972111684291128e-01 -3.108403731535289150e-01 -3.854226881333821519e-01 -4.402266980932763030e-01 -4.522421339980136068e-01 -4.132059906195830190e-01 -3.359304506467592488e-01 -2.436355678377047085e-01 -1.542719963449720177e-01 -7.398365742270017476e-02
