-1.329536732429936925e-02 -2.494795800765571211e-02 -3.384133437335103134e-02 -3.956123586541223508e-02 -4.228720639205453546e-02 -4.255304591730050406e-02 -4.101450337275854702e-02 -3.829166993820556919e-02 -3.489190404902121900e-02 -3.119032004466027949e-02 -2.744159066258207089e-02 -2.380397718252528702e-02 -2.036462317183322657e-02 -1.716129344470147464e-02 -1.419912137229785952e-02 -1.146261560662661244e-02 -8.923870170397595752e-03 -6.547868170433056648e-03 -4.295799794909633228e-03 -2.127007074067841039e-03
-2.823152833431013392e-02 -5.265333498097109211e-02 -7.085492290881788280e-02 -8.211576215842285309e-02 -8.703428050449495135e-02 -8.691038347391392971e-02 -8.321324802121901620e-02 -7.726024402967548999e-02 -7.008563095224476514e-02 -6.242778072383591698e-02 -5.477206111129566402e-02 -4.740966816974098719e-02 -4.049318133835021899e-02 -3.408141293199716537e-02 -2.817256492385805319e-02 -2.272747913216842039e-02 -1.768499444397523754e-02 -1.297178798195589011e-02 -8.508338233239568990e-03 -4.212240809986063372e-03
-4.695437730900607620e-02 -8.655824893765941275e-02 -1.147951455026852002e-01 -1.310053089353503397e-01 -1.368208837745881756e-01 -1.348400594493733839e-01 -1.276676208846215521e-01 -1.174503773178019322e-01 -1.057625509522916590e-01 -9.366310696216126330e-02 -8.180916706119631399e-02 -7.056941584261362810e-02 -6.011700970552273648e-02 -5.049856874494077635e-02 -4.168223762848338038e-02 -3.358972989856266050e-02 -2.611682414467882477e-02 -1.914595855141181316e-02 -1.255350358894574865e-02 -6.213620071026215719e-03
-7.282521209454813349e-02 -1.316480864286072860e-01 -1.706380631892281396e-01 -1.902253735512976773e-01 -1.943787657722626794e-01 -1.879538721448262562e-01 -1.751650784821905948e-01 -1.591107884601002942e-01 -1.418510447478814329e-01 -1.246528974232143511e-01 -1.082320547978036507e-01 -9.294176345766343161e-02 -7.890682366573156803e-02 -6.611357666580290615e-02 -5.446805445137033880e-02 -4.383234576854289077e-02 -3.404660372852136990e-02 -2.494171324458713257e-02 -1.634609150055716525e-02 -8.088725247735550558e-03
-1.113479967544139387e-01 -1.953569551568352380e-01 -2.450565099961768134e-01 -2.644521165144747554e-01 -2.623476171916809818e-01 -2.473818868051923525e-01 -2.259167887221683602e-01 -2.019746953799296529e-01 -1.778776526710000860e-01 -1.548653372105039672e-01 -1.335243509583481092e-01 -1.140587024440410241e-01 -9.645488613532099409e-02 -8.058083170060950651e-02 -6.624402876687379704e-02 -5.322496977280267300e-02 -4.129547810179651918e-02 -3.022816131657213301e-02 -1.980041132906686097e-02 -9.795186196791346236e-03
-1.703839725126332638e-01 -2.872395092480984902e-01 -3.455979868597998661e-01 -3.580193668852492128e-01 -3.423320782686247732e-01 -3.130582433354394123e-01 -2.790889683766136220e-01 -2.449838734425162923e-01 -2.128182334356507888e-01 -1.834062712401418882e-01 -1.569412375062931853e-01 -1.333137356025868858e-01 -1.122731447853924924e-01 -9.351077747995788225e-02 -7.670224260162800123e-02 -6.152797624940712501e-02 -4.768212597772384514e-02 -3.487500867920489273e-02 -2.283217528756120024e-02 -1.129162454559740417e-02
-2.567933238967864962e-01 -4.141084421842346486e-01 -4.760562496475656546e-01 -4.714201809583060121e-01 -4.326628149718284022e-01 -3.824682256225935828e-01 -3.321804741637267022e-01 -2.860166182606548313e-01 -2.450003041190313702e-01 -2.089997262602717176e-01 -1.775204695278491396e-01 -1.499817856524894299e-01 -1.258131173784168833e-01 -1.044868559444913497e-01 -8.552612200494956463e-02 -6.850251726174715061e-02 -5.302999223105465260e-02 -3.875752969590399305e-02 -2.536164962662241368e-02 -1.253912553587512198e-02
-3.667091499280379918e-01 -5.680540844472707906e-01 -6.265647849062444541e-01 -5.949058967042585300e-01 -5.250190494789561679e-01 -4.491776973232076697e-01 -3.805194294849018055e-01 -3.217945220428712338e-01 -2.721527085868507556e-01 -2.300704221817533035e-01 -1.941589441915208547e-01 -1.632797137533379406e-01 -1.365106227486124202e-01 -1.130973655864820487e-01 -9.241283773995620510e-02 -7.392591922780883396e-02 -5.717773536196470857e-02 -4.176342882081901520e-02 -2.731775850351502929e-02 -1.350323042522769135e-02
-4.747086677101050034e-01 -7.144663185883400880e-01 -7.647815123832480966e-01 -7.036943119620071574e-01 -6.026062651288155436e-01 -5.025528339305833647e-01 -4.175408863500461032e-01 -3.482531892420748787e-01 -2.917149841929121412e-01 -2.449672526018528418e-01 -2.057648449885905173e-01 -1.724673852323385381e-01 -1.438522010118825356e-01 -1.189790844522088664e-01 -9.710190493452769411e-02 -7.761052502161330802e-02 -5.999152452516704620e-02 -4.380066156922407528e-02 -2.864271684378110611e-02 -1.415606158124255859e-02
-5.384461609226934842e-01 -7.993378113112806771e-01 -8.433792447713718277e-01 -7.641444477184071715e-01 -6.445686656174338669e-01 -5.306192792128178182e-01 -4.365278567680759281e-01 -3.615682681269106746e-01 -3.014357986075670848e-01 -2.523136790547031438e-01 -2.114653543004825220e-01 -1.769726613163281892e-01 -1.474516381660033459e-01 -1.218648111393230982e-01 -9.940511053380861328e-02 -7.942268768371003873e-02 -6.137712074589617151e-02 -4.480491606548347994e-02 -2.929639127753263378e-02 -1.447829301213338776e-02
-5.264550357815122039e-01 -7.834951017832830766e-01 -8.288629929079600611e-01 -7.531617117575477582e-01 -6.371383413071461943e-01 -5.258368592053955792e-01 -4.334598974371867697e-01 -3.595576007436520616e-01 -3.000817416977506480e-01 -2.513799306034653624e-01 -2.108096404521047906e-01 -1.765061332555140639e-01 -1.471167856669993446e-01 -1.216233442889854549e-01 -9.923097548357530384e-02 -7.929792764324827825e-02 -6.128928454411995685e-02 -4.474545562544852972e-02 -2.925961333231437075e-02 -1.446072941976125209e-02
-4.450293535708001458e-01 -6.747344175687048917e-01 -7.278664376444452522e-01 -6.752937595201042864e-01 -5.830078804584017949e-01 -4.896697749527308963e-01 -4.091136086948316541e-01 -3.426422210912664079e-01 -2.878917722150329261e-01 -2.423085393626000783e-01 -2.038866105646356119e-01 -1.711253023825214659e-01 -1.428859451522428992e-01 -1.182807380688034871e-01 -9.659747957982191269e-02 -7.724868707978463367e-02 -5.973655813421437782e-02 -4.362795467985201847e-02 -2.853586665783898121e-02 -1.410502050523839389e-02
-3.325580155560777795e-01 -5.210860837274572388e-01 -5.816699835819678643e-01 -5.591909853042231759e-01 -4.994081895867547582e-01 -4.316612488173805495e-01 -3.686440215989477132e-01 -3.136581279002856326e-01 -2.664895475049718909e-01 -2.260713470811088199e-01 -1.913025333295174102e-01 -1.612223990558323272e-01 -1.350208511921599519e-01 -1.120161392468636552e-01 -9.162945732511794394e-02 -7.336272607008523239e-02 -5.678024186927362743e-02 -4.149388098092311739e-02 -2.715087299646571500e-02 -1.342348234745299046e-02
-2.283273382649974870e-01 -3.733215829874577674e-01 -4.353638263537292219e-01 -4.374301571089463381e-01 -4.069504203073230908e-01 -3.639297166585724885e-01 -3.190195268924702066e-01 -2.766650093086175932e-01 -2.383121176552303877e-01 -2.041822611325371517e-01 -1.740295035513042265e-01 -1.474408073211315451e-01 -1.239588541369245067e-01 -1.031334362562350560e-01 -8.454144686234492390e-02 -6.779245211505616209e-02 -5.252774665074884386e-02 -3.841642230324796708e-02 -2.515023933922386212e-02 -1.243803769747596315e-02
-1.506961911850837332e-01 -2.575115656982998047e-01 -3.142835787157117755e-01 -3.302656992218737098e-01 -3.200051939656979871e-01 -2.960014289595940817e-01 -2.663698627798767316e-01 -2.355901295804668505e-01 -2.059012313267297167e-01 -1.783149844339115275e-01 -1.531922526560777209e-01 -1.305523777352426695e-01 -1.102402488963559746e-01 -9.201727095743576779e-02 -7.561038895199435894e-02 -6.073783959649727698e-02 -4.712181265195308083e-02 -3.449377749577774155e-02 -2.259561523807002842e-02 -1.117843441551674352e-02
-9.897735311553687576e-02 -1.755930903247320818e-01 -2.229872692086366237e-01 -2.436588696848819846e-01 -2.445771872710444939e-01 -2.330401692731983998e-01 -2.147196364279262415e-01 -1.933989631786987851e-01 -1.713843628967939847e-01 -1.499838087046813928e-01 -1.298720640164958973e-01 -1.113361163097115192e-01 -9.443242416474979806e-02 -7.908495442591519098e-02 -6.514495916296116074e-02 -5.242665644446604239e-02 -4.072784026982863986e-02 -2.984121237409522245e-02 -1.956000746955211672e-02 -9.680080131648314407e-03
-6.530608948146289505e-02 -1.190183027626340456e-01 -1.557711484543460589e-01 -1.754404319743501917e-01 -1.810700616854687417e-01 -1.767037450548896715e-01 -1.660337902251847741e-01 -1.518955852886416380e-01 -1.362526081636269981e-01 -1.203637146058224028e-01 -1.049760206190531869e-01 -9.048753226662921423e-02 -7.706831271816992623e-02 -6.474510589173508579e-02 -5.345779502387627835e-02 -4.309594703570234636e-02 -3.352163771797740666e-02 -2.458320395667769331e-02 -1.612308723388855558e-02 -7.981876434768268858e-03
-4.244354005468558427e-02 -7.869710491818295017e-02 -1.051576854767925645e-01 -1.210132489214421347e-01 -1.274615921752216274e-01 -1.266420237712069519e-01 -1.208096243918149737e-01 -1.118958128969279320e-01 -1.013665921714060197e-01 -9.024235378778233674e-02 -7.918072209290534513e-02 -6.856960617798529833e-02 -5.860814087014146884e-02 -4.936931292970567209e-02 -4.084513341320822333e-02 -3.297767178155752016e-02 -2.567952591146121025e-02 -1.884684725688202597e-02 -1.236725082885259397e-02 -6.124320532196486470e-03
-2.566263803047568598e-02 -4.807149722597280073e-02 -6.508285885014278294e-02 -7.595899794310953523e-02 -8.110758686361532743e-02 -8.158911690325540422e-02 -7.866591954919542606e-02 -7.351126148682492201e-02 -6.707556243082196668e-02 -6.005837647653559930e-02 -5.293488257252763202e-02 -4.600198407419704011e-02 -3.942526963662976169e-02 -3.327882893540157899e-02 -2.757573408428428893e-02 -2.229006480469923612e-02 -1.737192891963183772e-02 -1.275738983442066890e-02 -8.374726436425807691e-03 -4.148153837796981006e-03
-1.212419096961320567e-02 -2.283320947405462209e-02 -3.113633083845111435e-02 -3.662871020010582956e-02 -3.941923039862228056e-02 -3.994048324926776500e-02 -3.875353007776546205e-02 -3.640769515475466428e-02 -3.336598685452429880e-02 -2.998070029263883232e-02 -2.649843169547406313e-02 -2.307813185104165554e-02 -1.981209477006265485e-02 -1.674495877638832939e-02 -1.388890749257069672e-02 -1.123492618367283313e-02 -8.760725851638275982e-03 -6.436051085904634893e-03 -4.226085816698827574e-03 -2.093561118394015371e-03
