-1.234636054563593294e-02 -2.530319318185497365e-02 -3.952942459834905137e-02 -5.578277890442279868e-02 -7.497115746576651918e-02 -9.819551609978811879e-02 -1.267486077898546670e-01 -1.619602610615567262e-01 -2.046221829355273081e-01 -2.536037870659526572e-01 -3.037565168259604431e-01 -3.448284646919874130e-01 -3.642935833674866286e-01 -3.542094293156959339e-01 -3.166424418285866405e-01 -2.620259741131308329e-01 -2.022135370464182291e-01 -1.449158539230616938e-01 -9.277052685854639269e-02 -4.514776290827406113e-02
-2.408224004651495637e-02 -4.933698373299112705e-02 -7.703170940203075967e-02 -1.086303351114161764e-01 -1.459041584175211070e-01 -1.910434232026085588e-01 -2.467147625120205412e-01 -3.158541374077731834e-01 -4.006019906379343909e-01 -4.993988949628049290e-01 -6.022151138405692494e-01 -6.876519215477816527e-01 -7.287439281147845005e-01 -7.081659253511908281e-01 -6.304943776327078808e-01 -5.184897451945210678e-01 -3.974901698888440027e-01 -2.833014246165168615e-01 -1.806930117451134021e-01 -8.776225572191689861e-02
-3.464562313973428703e-02 -7.093076281082978662e-02 -1.106300470534536534e-01 -1.558021584264430992e-01 -2.089658251682816048e-01 -2.733083922842922120e-01 -3.528792339833340397e-01 -4.524803243526340779e-01 -5.762779594998334032e-01 -7.233004641119105127e-01 -8.793327339302918766e-01 -1.011235902673611964e+00 -1.075713250533601339e+00 -1.044526301871763652e+00 -9.252523593917135747e-01 -7.549777743116810047e-01 -5.740475872268919755e-01 -4.063960773504158297e-01 -2.580613923197639381e-01 -1.250513290591122872e-01
-4.356948391229237966e-02 -8.911038756782023451e-02 -1.387554699663429703e-01 -1.949813380655424921e-01 -2.608365967133811081e-01 -3.402412735665329979e-01 -4.383323766969426938e-01 -5.615230004968396749e-01 -7.159608814968025925e-01 -9.017047548543505320e-01 -1.101537653330942002e+00 -1.272448043313854749e+00 -1.356772045732796972e+00 -1.316506139567067857e+00 -1.161947847205218265e+00 -9.429822102679158435e-01 -7.130171895890242695e-01 -5.025992927009439448e-01 -3.183159937288199126e-01 -1.540613124473416973e-01
-5.052193516948427776e-02 -1.031857998292750878e-01 -1.602999721789916676e-01 -2.245294573113612580e-01 -2.991393304484697979e-01 -3.883270339338059096e-01 -4.976320679923225687e-01 -6.340772548958926169e-01 -8.045798366612750829e-01 -1.009557811098314328e+00 -1.230352606992341835e+00 -1.419392490548613939e+00 -1.512393417871102930e+00 -1.466843992104765348e+00 -1.294282043541731042e+00 -1.050471710732944652e+00 -7.948227280571348308e-01 -5.609466541974386100e-01 -3.557733744107330898e-01 -1.723821844995565566e-01
-5.533245829280863254e-02 -1.128108976583631490e-01 -1.747290170399058984e-01 -2.436952315527906032e-01 -3.228424303985858446e-01 -4.161069794481042083e-01 -5.285553088383435627e-01 -6.664260849173284651e-01 -8.355466164705921406e-01 -1.035361942794883694e+00 -1.247445756460181521e+00 -1.426767176312437657e+00 -1.513274496395573321e+00 -1.467435262741262347e+00 -1.299893232181085656e+00 -1.062450404885292299e+00 -8.107294155402894331e-01 -5.768417736892774705e-01 -3.682009758056404292e-01 -1.791125417952323662e-01
-5.799701539054724631e-02 -1.179962969562109304e-01 -1.821098189977271853e-01 -2.526782562002065635e-01 -3.324087667821663539e-01 -4.245355178331792212e-01 -5.329567807490943609e-01 -6.620582145373279381e-01 -8.152094280961300621e-01 -9.900028991089722119e-01 -1.169719413053456059e+00 -1.317448764250058524e+00 -1.385703246751851303e+00 -1.343630562244519044e+00 -1.199365802093753430e+00 -9.932503618353412111e-01 -7.695652360662589286e-01 -5.552637761375790459e-01 -3.581883022843644349e-01 -1.753498808512917451e-01
-5.865931878958757784e-02 -1.190674580221090795e-01 -1.830356041383520982e-01 -2.524980019344003623e-01 -3.295657535769634938e-01 -4.165565302284021665e-01 -5.159370373530439702e-01 -6.299554602759700472e-01 -7.593379616534051690e-01 -9.000217174806924847e-01 -1.037981207883234003e+00 -1.146382910356411822e+00 -1.192662679329043574e+00 -1.156130386267144372e+00 -1.042026315095543110e+00 -8.772754362207653145e-01 -6.925685827668639494e-01 -5.082184373604609062e-01 -3.319919023498944521e-01 -1.637501070768746791e-01
-5.757280095832985334e-02 -1.165786007300517457e-01 -1.784670736293125504e-01 -2.447117328663788172e-01 -3.167929982653377441e-01 -3.961300225146834331e-01 -4.839007040258805348e-01 -5.806056014654240593e-01 -6.850667046675382732e-01 -7.924794387317521949e-01 -8.918572482371620591e-01 -9.652776204565665097e-01 -9.926062196558367301e-01 -9.614372567526805469e-01 -8.746997161296676815e-01 -7.483778767603451731e-01 -6.017004908327752144e-01 -4.488383187474430658e-01 -2.968160489355629594e-01 -1.474805146872462946e-01
-5.505329728765893937e-02 -1.112070496049512441e-01 -1.695423110867534944e-01 -2.310885576566044375e-01 -2.967618199824063052e-01 -3.672474214012689808e-01 -4.427834284706222423e-01 -5.227701040413349487e-01 -6.050941834419065746e-01 -6.851146021694499710e-01 -7.546693509295365754e-01 -8.023127133445270287e-01 -8.162528646590214709e-01 -7.894794695602495027e-01 -7.234711505335754689e-01 -6.271004852034628430e-01 -5.117823109096515388e-01 -3.869870872132393225e-01 -2.585681510998131261e-01 -1.292868802008171059e-01
-5.143333979508547815e-02 -1.036539780729094640e-01 -1.574065395617282592e-01 -2.133382337316586386e-01 -2.719174932940765510e-01 -3.333077692679646820e-01 -3.971723403228512028e-01 -4.623829569443682064e-01 -5.266179058186231110e-01 -5.859082079958020106e-01 -6.343948650174277004e-01 -6.648436987503475448e-01 -6.703964314350159270e-01 -6.471158510609493764e-01 -5.957086986785059546e-01 -5.210311039215117512e-01 -4.298040606868279156e-01 -3.282805786956655703e-01 -2.210694444236487310e-01 -1.110785884706088494e-01
-4.702607660575481435e-02 -9.456893371984823049e-02 -1.430916017714370381e-01 -1.929402839681632620e-01 -2.442619191838912296e-01 -2.968922898492377671e-01 -3.502055390284796732e-01 -4.029237179303450933e-01 -4.529064691223484429e-01 -4.969918600859656865e-01 -5.310456613839430462e-01 -5.504439191616168348e-01 -5.510992195238593183e-01 -5.307328830630120287e-01 -4.896816483631576400e-01 -4.306787885865698828e-01 -3.577800710374328674e-01 -2.751550789318933377e-01 -1.863252687073052583e-01 -9.395349503059961804e-02
-4.210201416694692861e-02 -8.450404510289251381e-02 -1.274506340216675082e-01 -1.710693359062316066e-01 -2.152975482722659650e-01 -2.597936238430652578e-01 -3.038321124187941535e-01 -3.461917751563786672e-01 -3.850619894269883825e-01 -4.180203602974482124e-01 -4.421642419858491380e-01 -4.544787853979943004e-01 -4.524398727321491953e-01 -4.346726561287818091e-01 -4.013471595175979734e-01 -3.540818051379845954e-01 -2.954245895801030364e-01 -2.282163606261674860e-01 -1.551187832254117549e-01 -7.840934922044333344e-02
-3.687790394141946676e-02 -7.389454676164312896e-02 -1.111375067341484751e-01 -1.485888518205825681e-01 -1.860652785687540167e-01 -2.231524628836263902e-01 -2.591372333596127508e-01 -2.929481699791018912e-01 -3.231253825131020774e-01 -3.478522038669924488e-01 -3.650880886442039452e-01 -3.728276185286575339e-01 -3.694596834360838189e-01 -3.541243200667320568e-01 -3.269193229438044357e-01 -2.888586604882162345e-01 -2.416126844132719109e-01 -1.871646645810178533e-01 -1.275236025386853878e-01 -6.456502451808514287e-02
-3.151501319918403876e-02 -6.305867837266231068e-02 -9.461595498790292824e-02 -1.260832552397727901e-01 -1.572222359609728726e-01 -1.876136697679730569e-01 -2.166160887652089639e-01 -2.433381058861761870e-01 -2.666387148869691637e-01 -2.851738320000972160e-01 -2.975058977646509728e-01 -3.022800250391121102e-01 -2.984420970162378062e-01 -2.854410589234997464e-01 -2.633438832657532536e-01 -2.328190328734903725e-01 -1.950020609731114019e-01 -1.513057582485111963e-01 -1.032458539955190130e-01 -5.232712697098401006e-02
-2.612343545682761434e-02 -5.220916198531046215e-02 -7.818434246323592574e-02 -1.039059592279221594e-01 -1.291267078440129501e-01 -1.534638438266701654e-01 -1.763752724624550738e-01 -1.971493702408800841e-01 -2.149174464144729402e-01 -2.286983778305840820e-01 -2.374814223854286310e-01 -2.403441432683171841e-01 -2.365872063165140593e-01 -2.258535446342780639e-01 -2.081958332292514757e-01 -1.840713632022611401e-01 -1.542706963277040710e-01 -1.198104207203361804e-01 -8.182689624947268869e-02 -4.149761837489358840e-02
-2.076953561137157359e-02 -4.147015809886585996e-02 -6.200626099309987371e-02 -8.222951644696549489e-02 -1.019147578324576253e-01 -1.207396753691950264e-01 -1.382717304019561999e-01 -1.539665724209877684e-01 -1.671832625239263181e-01 -1.772207481387509664e-01 -1.833772048747499550e-01 -1.850278325953495229e-01 -1.817089613669113091e-01 -1.731899924147337344e-01 -1.595144941426008822e-01 -1.409998631189997853e-01 -1.181989025734660470e-01 -9.183830437798340407e-02 -6.275366589002401296e-02 -3.183642749639015862e-02
-1.548453478048320876e-02 -3.089566314651511977e-02 -4.614101032568960342e-02 -6.109108394436819217e-02 -7.556310140583197277e-02 -8.930832561355157850e-02 -1.020053358105951213e-01 -1.132618818464589117e-01 -1.226282435539784582e-01 -1.296241177642107334e-01 -1.337787775344393970e-01 -1.346809659717526642e-01 -1.320307407124416410e-01 -1.256829370153031700e-01 -1.156722577368858862e-01 -1.022146856710132307e-01 -8.568672567520103922e-02 -6.659020047482903937e-02 -4.551298631453603444e-02 -2.309440999012932899e-02
-1.027294046304422573e-02 -2.048694329022449079e-02 -3.057101950883275854e-02 -4.043070096140884140e-02 -4.993820090449131027e-02 -5.892514098426501756e-02 -6.717936095921825390e-02 -7.444733321050472918e-02 -8.044370218461226185e-02 -8.486868303995526164e-02 -8.743278555238115368e-02 -8.788645220397674207e-02 -8.605004246508692056e-02 -8.183869694102353931e-02 -7.527688357169315392e-02 -6.649989338379211357e-02 -5.574310307003541021e-02 -4.332276852797155298e-02 -2.961364920436837869e-02 -1.502819449429615255e-02
-5.120275215073907121e-03 -1.020815840310849293e-02 -1.522541682553776345e-02 -2.012249153165862961e-02 -2.483384103439632146e-02 -2.927465006454663121e-02 -3.333960043457357553e-02 -3.690437167440960287e-02 -3.983054551631933643e-02 -4.197411099156281994e-02 -4.319722238328627117e-02 -4.338198447975471356e-02 -4.244424221316122486e-02 -4.034490799946160305e-02 -3.709667421939397830e-02 -3.276489595241520447e-02 -2.746302689662607696e-02 -2.134410358500843721e-02 -1.459061533630901485e-02 -7.404703824684126003e-03
