-1.200796704743782757e-02 -2.446765508976777789e-02 -3.784799522474038141e-02 -5.264890927103766521e-02 -6.940597196425982163e-02 -8.867473874650480536e-02 -1.109731988879345127e-01 -1.366425758413730707e-01 -1.655622927975874958e-01 -1.966537577900883127e-01 -2.272367969377510899e-01 -2.526840276188957457e-01 -2.671982186499688994e-01 -2.660588418056675786e-01 -2.481012479712572105e-01 -2.163077898300001800e-01 -1.759372837061856376e-01 -1.319065350495607636e-01 -8.730615137737976483e-02 -4.334941304486241570e-02
-2.356420927707241625e-02 -4.801465499915353458e-02 -7.427541023533587583e-02 -1.033416685628518461e-01 -1.363001330194002214e-01 -1.743186392023572395e-01 -2.185668026325455759e-01 -2.699860016447244160e-01 -3.287452009456867663e-01 -3.931466070246460442e-01 -4.579738995967542192e-01 -5.132717082008909637e-01 -5.457963969466411713e-01 -5.444084500893419110e-01 -5.063853466571474060e-01 -4.389583367532257641e-01 -3.544988726400970513e-01 -2.640186186656462430e-01 -1.738716463304214865e-01 -8.607193154228685861e-02
-3.423421012050444773e-02 -6.975133730724626668e-02 -1.078973162779756217e-01 -1.501421946964472121e-01 -1.981338002423431444e-01 -2.537282385103241111e-01 -3.189547517589433334e-01 -3.957949736562530463e-01 -4.854588989057000981e-01 -5.865477760673736274e-01 -6.917266491962952291e-01 -7.845671340449372755e-01 -8.413660884185346633e-01 -8.413613478386716693e-01 -7.795242713457727346e-01 -6.697426123912225693e-01 -5.349553837852023541e-01 -3.943473044257240212e-01 -2.577035391197485814e-01 -1.269886349697073868e-01
-4.362129146537083169e-02 -8.885917095955352119e-02 -1.374203166325602410e-01 -1.911958942287503016e-01 -2.523632072316644992e-01 -3.234916589203293280e-01 -4.076243528028841712e-01 -5.081930910672634027e-01 -6.282507841808369076e-01 -7.678105498269810480e-01 -9.181516887707483754e-01 -1.055477120560418758e+00 -1.142591917798798207e+00 -1.145705946465290781e+00 -1.056682085696680540e+00 -8.986659777733922994e-01 -7.087761492758761772e-01 -5.163335963316335597e-01 -3.344401209027716426e-01 -1.639434929833877841e-01
-5.139179474455610186e-02 -1.046437541467746257e-01 -1.617288818236324310e-01 -2.248576223245185024e-01 -2.966281773203621186e-01 -3.802184937942744147e-01 -4.796183727074323500e-01 -5.997583972648712347e-01 -7.458261294461453472e-01 -9.198719844961604775e-01 -1.112583637393839586e+00 -1.293229184482728167e+00 -1.410759721894079499e+00 -1.417592899349562785e+00 -1.302301646418506875e+00 -1.097975153691387096e+00 -8.566408284920228322e-01 -6.177509114890195052e-01 -3.971102671269971518e-01 -1.938060540782006180e-01
-5.730214844797739543e-02 -1.165952015446189982e-01 -1.799938347491923940e-01 -2.498771144287853518e-01 -3.290676565309731960e-01 -4.210796237882828419e-01 -5.304566282076572659e-01 -6.630645229686927822e-01 -8.255092624980392424e-01 -1.021310710958904355e+00 -1.240995651272297939e+00 -1.449459631636934587e+00 -1.586538852684135525e+00 -1.595442708384158914e+00 -1.462545467401541899e+00 -1.227616373738986910e+00 -9.526010307602611471e-01 -6.835353293632109306e-01 -4.378124792839109269e-01 -2.132350597369707113e-01
-6.122162199775248170e-02 -1.244411045942733773e-01 -1.917741532807001603e-01 -2.655887988703091729e-01 -3.486781751357855286e-01 -4.445018774622119251e-01 -5.575173973322333776e-01 -6.934675582510329006e-01 -8.587972615881821481e-01 -1.056838045552343619e+00 -1.277934370435887423e+00 -1.486857065731601812e+00 -1.623406313740891616e+00 -1.630810351634788491e+00 -1.495445868970067815e+00 -1.257050000012659874e+00 -9.775645648135296018e-01 -7.031149742445413908e-01 -4.512781889925070455e-01 -2.200915193871273434e-01
-6.314324991223010941e-02 -1.281734789876333991e-01 -1.970728785877373379e-01 -2.720252211002104348e-01 -3.555468703173208511e-01 -4.506587224895106103e-01 -5.610986143086276190e-01 -6.914342143910368055e-01 -8.463756348096190818e-01 -1.027410510301727031e+00 -1.224666578707167108e+00 -1.406992002854738244e+00 -1.523148875060669649e+00 -1.525532830378195426e+00 -1.402703975276917703e+00 -1.187708495693247102e+00 -9.326441816165548238e-01 -6.772898412320776940e-01 -4.380213182315075837e-01 -2.146264128778115066e-01
-6.317790864449188137e-02 -1.280366980426720092e-01 -1.963186736684998934e-01 -2.698919382230985375e-01 -3.508197206509988120e-01 -4.414319346220993978e-01 -5.443723464012395485e-01 -6.624849268875586672e-01 -7.980371991623187444e-01 -9.500972442583266453e-01 -1.108957752786577489e+00 -1.249982028295930192e+00 -1.335436173570869522e+00 -1.331284026879726134e+00 -1.229313293221851122e+00 -1.052735958467061472e+00 -8.390062526519604935e-01 -6.181543268041337358e-01 -4.043017019602710982e-01 -1.994659669574861405e-01
-6.153168393067498521e-02 -1.244767329224993613e-01 -1.902731846924957115e-01 -2.604039360679643034e-01 -3.364049334130981839e-01 -4.198451396997954777e-01 -5.122380424044467029e-01 -6.147725675314296145e-01 -7.275634219491450283e-01 -8.478435925766248937e-01 -9.667605504586558318e-01 -1.066440891316236206e+00 -1.122050310719395316e+00 -1.112152192374692428e+00 -1.031526842207416195e+00 -8.943625642556332078e-01 -7.244151382739585365e-01 -5.421519332671101976e-01 -3.589361766720570168e-01 -1.784047815537338211e-01
-5.847208090968459421e-02 -1.180653604471247897e-01 -1.798934028475799030e-01 -2.450456148590884620e-01 -3.145495814413208913e-01 -3.892918709589599513e-01 -4.698597231429141319e-01 -5.562292058184790111e-01 -6.471564916982246451e-01 -7.390755643263089425e-01 -8.245511459814894861e-01 -8.913165761672470211e-01 -9.241095916205054328e-01 -9.104619813048908661e-01 -8.472855745547919204e-01 -7.424759106641842799e-01 -6.099475044856255135e-01 -4.628169221665126565e-01 -3.097445642901291429e-01 -1.549863941683268798e-01
-5.429127980867375775e-02 -1.094192275125796948e-01 -1.661894733255667167e-01 -2.253355541944982998e-01 -2.874554979751557937e-01 -3.529085530009973826e-01 -4.216461010727518555e-01 -4.929389046132796048e-01 -5.649532968290562618e-01 -6.341578210255774950e-01 -6.947152684278856682e-01 -7.384274968018602614e-01 -7.561291102253550056e-01 -7.407591313363278696e-01 -6.905241600399791846e-01 -6.096513402439064366e-01 -5.060684032658750997e-01 -3.880130393916858544e-01 -2.618629108829267360e-01 -1.317203180100295079e-01
-4.927381307049201464e-02 -9.913081660268219242e-02 -1.501097453714371754e-01 -2.026516710274535726e-01 -2.570282539062938576e-01 -3.132396648069888934e-01 -3.708688633920923516e-01 -4.288798522471461427e-01 -4.853592598480680476e-01 -5.372400742924028361e-01 -5.801433953990406955e-01 -6.086201053515156723e-01 -6.171076345467493285e-01 -6.015438949249862777e-01 -5.608686868453214291e-01 -4.973766781492703903e-01 -4.156601593678557194e-01 -3.209519145473704871e-01 -2.178799303183179548e-01 -1.100130190215957704e-01
-4.367317427300509980e-02 -8.772051474008743521e-02 -1.324670627566398862e-01 -1.781331974108985305e-01 -2.247662151228917160e-01 -2.721528375704316827e-01 -3.197082986487001510e-01 -3.663435170641928806e-01 -4.103258955957089227e-01 -4.491774816111582247e-01 -4.796990778376879483e-01 -4.982479084221068666e-01 -5.013594994280186068e-01 -4.866121217886935080e-01 -4.533619108426132360e-01 -4.029179400244725651e-01 -3.380541956366840961e-01 -2.621879885896991058e-01 -1.786741371014696211e-01 -9.044825969117062381e-02
-3.769838922944448306e-02 -7.561104204524002337e-02 -1.139048372856011349e-01 -1.526478814600671641e-01 -1.917506244193125930e-01 -2.308971938637298105e-01 -2.694677977366364274e-01 -3.064588063249484851e-01 -3.404179423807573435e-01 -3.694274010697420341e-01 -3.911847012638498544e-01 -4.032335787813768890e-01 -4.033588223958760044e-01 -3.900644874177367494e-01 -3.629531127344221009e-01 -3.228204164786023234e-01 -2.714235596288017693e-01 -2.110621986357875401e-01 -1.441778568875169142e-01 -7.310538404784472366e-02
-3.150935849232036623e-02 -6.312045474955799151e-02 -9.489338520877761696e-02 -1.268028962983349106e-01 -1.586912343398247938e-01 -1.902175696865489318e-01 -2.208069229249313148e-01 -2.496058950296359547e-01 -2.754591379801078488e-01 -2.969276441973046077e-01 -3.123741496326392086e-01 -3.201343158204676409e-01 -3.187656481038986800e-01 -3.073210329771693394e-01 -2.855552490031497692e-01 -2.539807200388755626e-01 -2.137545107800767064e-01 -1.664583977724587716e-01 -1.138694671742656594e-01 -5.779538988405391597e-02
-2.521860095442800959e-02 -5.046805410355765381e-02 -7.574536433212188113e-02 -1.009790930894125804e-01 -1.259938570431828608e-01 -1.504749666049518542e-01 -1.739364860430412663e-01 -1.956987584923289281e-01 -2.148850835283262484e-01 -2.304497758952702702e-01 -2.412496067328433469e-01 -2.461632241552937639e-01 -2.442474736709710770e-01 -2.348977250873942879e-01 -2.179653040131064867e-01 -1.937922139765208551e-01 -1.631551475482905522e-01 -1.271473748788801428e-01 -8.704622998388296395e-02 -4.420672797706287627e-02
-1.889700527047402309e-02 -3.778780997761405080e-02 -5.664092865671595950e-02 -7.537426223096309330e-02 -9.383014154917071470e-02 -1.117519872888007165e-01 -1.287653440586844222e-01 -1.443676330613282432e-01 -1.579326935045123059e-01 -1.687368045908983205e-01 -1.760112795519468143e-01 -1.790215117217629492e-01 -1.771632775027886242e-01 -1.700570820058641963e-01 -1.576160032279792511e-01 -1.400676798244436805e-01 -1.179264950998376860e-01 -9.192973717175026427e-02 -6.296136980011209083e-02 -3.198530294125549733e-02
-1.258162955915264822e-02 -2.514527172733040800e-02 -3.765628529821692105e-02 -5.004689563280138864e-02 -6.220047633507630458e-02 -7.393753121602261724e-02 -8.500531482541114070e-02 -9.507377546762749154e-02 -1.037412832958971298e-01 -1.105534792962807322e-01 -1.150372112639471561e-01 -1.167482937860127024e-01 -1.153270859389410596e-01 -1.105513640969519040e-01 -1.023739866358292921e-01 -9.093602439209685917e-02 -7.655342897664706159e-02 -5.968371335025854374e-02 -4.088421724985823180e-02 -2.077311711161070398e-02
-6.284254211497319192e-03 -1.255539222769997201e-02 -1.879205794322907908e-02 -2.495657421453963826e-02 -3.098735369590686559e-02 -3.679237707631837634e-02 -4.224464336792482788e-02 -4.718090072677282032e-02 -5.140520085709407438e-02 -5.469862063568549371e-02 -5.683580534809880291e-02 -5.760738283801879883e-02 -5.684544926700583339e-02 -5.444734246988900545e-02 -5.039258323121930533e-02 -4.474901989785440987e-02 -3.766747778595729707e-02 -2.936746449368395073e-02 -2.011865711854781552e-02 -1.022294494059839721e-02
