-1.457662737949003097e-03 -2.845400604344457823e-03 -4.100105202651626105e-03 -5.171134232787774274e-03 -6.023886504654071133e-03 -6.641010533790120754e-03 -7.021372019080685499e-03 -7.177347255696578214e-03 -7.131220539949437338e-03 -6.911283329986504104e-03 -6.548344594725377665e-03 -6.072796668741244769e-03 -5.512575451320879567e-03 -4.891831611860323822e-03 -4.230321757830603387e-03 -3.543326194423808070e-03 -2.841925368806011258e-03 -2.133544341198033174e-03 -1.422597245267478473e-03 -7.112155209725778623e-04
-2.985246720476944591e-03 -5.823824572470935254e-03 -8.383884939888387039e-03 -1.056054313400775317e-02 -1.228340574776770437e-02 -1.351879649223054064e-02 -1.426713307178208677e-02 -1.455681836039459352e-02 -1.443625305825607143e-02 -1.396559728282495937e-02 -1.320930861343110573e-02 -1.223028733873591893e-02 -1.108567956234107581e-02 -9.824416282848769458e-03 -8.486113428769630901e-03 -7.101038284369028813e-03 -5.690838445701261634e-03 -4.269681840821010904e-03 -2.845660389666889757e-03 -1.422286957377639875e-03
-4.659495266276587194e-03 -9.080761885930738186e-03 -1.305106929512986867e-02 -1.640375773437375423e-02 -1.903041615450611415e-02 -2.088365688720742602e-02 -2.197157495257520687e-02 -2.234655563507814344e-02 -2.209141379205340622e-02 -2.130556121369266490e-02 -2.009304696943601393e-02 -1.855338965206209181e-02 -1.677545981530089922e-02 -1.483404666389164309e-02 -1.278865654430986175e-02 -1.068386083403750041e-02 -8.550708284248680763e-03 -6.408714081625635321e-03 -4.268132712880614785e-03 -2.132307343988004700e-03
-6.571974548069355916e-03 -1.278866165737358764e-02 -1.833589112074022337e-02 -2.297302862725594461e-02 -2.655088204048939790e-02 -2.901387348846008046e-02 -3.038898878367779499e-02 -3.076644728390847544e-02 -3.027731580866746888e-02 -2.907222941525239648e-02 -2.730397037677805352e-02 -2.511481894052252153e-02 -2.262876277208508702e-02 -1.994768492432100193e-02 -1.715061450461593737e-02 -1.429504323578338100e-02 -1.141942694139530881e-02 -8.546362002675599381e-03 -5.685892019583258308e-03 -2.838844624249903161e-03
-8.839748957203907853e-03 -1.716602842096549841e-02 -2.453084000414881838e-02 -3.060161903668966177e-02 -3.518626008997836896e-02 -3.823201187288247094e-02 -3.980409295575760426e-02 -4.005297156728492014e-02 -3.917919860063003024e-02 -3.740211755921359071e-02 -3.493583175203401198e-02 -3.197321573403404810e-02 -2.867715501059568683e-02 -2.517736594732020508e-02 -2.157112364803071697e-02 -1.792629094006608151e-02 -1.428562168508048721e-02 -1.067142936873173749e-02 -7.090245546287832039e-03 -3.537188962933107955e-03
-1.162099656770305793e-02 -2.250488196066442390e-02 -3.201984294951861626e-02 -3.971639340556842868e-02 -4.536056252818776446e-02 -4.892386828890010753e-02 -5.054244110741513279e-02 -5.046219172233983724e-02 -4.898443700064543382e-02 -4.642125641171764711e-02 -4.306406932946414690e-02 -3.916511541353131370e-02 -3.492933969235770264e-02 -3.051358915385136289e-02 -2.603028763905123819e-02 -2.155343569558837089e-02 -1.712536663328631525e-02 -1.276349548482724576e-02 -8.466467948370333743e-03 -4.219656505955566086e-03
-1.513935978366210723e-02 -2.921267404493397071e-02 -4.132728661822861194e-02 -5.088357529549522584e-02 -5.761577549912816343e-02 -6.156048655687328119e-02 -6.297966499371349114e-02 -6.226896436841117266e-02 -5.987517065455031512e-02 -5.623446231257835798e-02 -5.173412782595242232e-02 -4.669388035370162365e-02 -4.136155363131208823e-02 -3.591742674321296569e-02 -3.048309342646187553e-02 -2.513186088538544444e-02 -1.989895877408982133e-02 -1.479072582028691414e-02 -9.792459747995772845e-03 -4.874958636681367766e-03
-1.972377636894759312e-02 -3.787918159221845271e-02 -5.319308031568517614e-02 -6.487488578178872423e-02 -7.265851324320689308e-02 -7.672269889672632404e-02 -7.754681425053745747e-02 -7.575892788665748723e-02 -7.201288410349702962e-02 -6.690739733747338991e-02 -6.094415245332898690e-02 -5.451477871422420046e-02 -4.790560198043854884e-02 -4.131151666703788278e-02 -3.485286634260489902e-02 -2.859203020776033069e-02 -2.254793361015938746e-02 -1.670801025332840917e-02 -1.103767651566293917e-02 -5.487706323823571437e-03
-2.587654448312860442e-02 -4.938719654163840206e-02 -6.869096828251904097e-02 -8.276440758507173923e-02 -9.142072521126508311e-02 -9.512503902740918060e-02 -9.472603534363678579e-02 -9.120713853063874832e-02 -8.551015679690790461e-02 -7.843817920239999630e-02 -7.062039716218376784e-02 -6.251552686919667479e-02 -5.443460661356586128e-02 -4.657020836961005966e-02 -3.902488134310368173e-02 -3.183552595916740863e-02 -2.499279652393117043e-02 -1.845574139947087078e-02 -1.216254548039199038e-02 -6.038186843645927497e-03
-3.439471216705271978e-02 -6.510155353588892302e-02 -8.941873598213979923e-02 -1.060707924830544685e-01 -1.151348395659354679e-01 -1.176307054598193097e-01 -1.150252002426591508e-01 -1.088335218714542169e-01 -1.003825220261228418e-01 -9.071488321184481562e-02 -8.058382352408893778e-02 -7.049240342336005050e-02 -6.074714275679701098e-02 -5.150988156438661425e-02 -4.284096969762803825e-02 -3.473245414286722094e-02 -2.713203587554726889e-02 -1.995966848407339234e-02 -1.311860300220346782e-02 -6.502516641769827237e-03
-4.659408884968196940e-02 -8.719801099354879126e-02 -1.178051486478634557e-01 -1.369609796598865170e-01 -1.454150846249209483e-01 -1.452370275095728192e-01 -1.389103699057894492e-01 -1.287192484407539417e-01 -1.164715884266569329e-01 -1.034550949200337688e-01 -9.050772097646161973e-02 -7.812321118036098799e-02 -6.655177769796340181e-02 -5.588126763378881146e-02 -4.609672727773617140e-02 -3.712133857494018252e-02 -2.884327875075976336e-02 -2.113233948267163528e-02 -1.384972634550102159e-02 -6.853294941361103010e-03
-6.471730336990354215e-02 -1.192160044004517694e-01 -1.575781006989498412e-01 -1.785107097563960743e-01 -1.843066304787578935e-01 -1.789842009174367754e-01 -1.666578304123645382e-01 -1.506610968111165294e-01 -1.333294626236481706e-01 -1.161262319670817444e-01 -9.986884361827672030e-02 -8.494105271438896765e-02 -7.145558513760209840e-02 -5.936678419190963285e-02 -4.854338023173795230e-02 -3.881294546527375849e-02 -2.998743938895155961e-02 -2.187673056514049044e-02 -1.429470544036295053e-02 -7.060965658637741345e-03
-9.255957509401803451e-02 -1.668036367594835090e-01 -2.142927374585689160e-01 -2.348790041730961786e-01 -2.341592851977993828e-01 -2.196764189542265711e-01 -1.980589894926448602e-01 -1.739342798458912709e-01 -1.500584121788580139e-01 -1.278514909325493276e-01 -1.079004380355893938e-01 -9.031666581493955070e-02 -7.496284244309206479e-02 -6.158699168012844033e-02 -4.989713118488192656e-02 -3.959965669463996057e-02 -3.041682783976935520e-02 -2.209247015274166254e-02 -1.439143834451658312e-02 -7.095883743959480704e-03
-1.358656930364147697e-01 -2.379096250658787326e-01 -2.951255160446426551e-01 -3.107371130906155243e-01 -2.968772086961327661e-01 -2.671667627098125442e-01 -2.318719107277307789e-01 -1.969381189650974695e-01 -1.651151075148189484e-01 -1.373205239221317597e-01 -1.135647665454714711e-01 -9.346241191883107591e-02 -7.649220567278436356e-02 -6.212130199093589961e-02 -4.985854608424134665e-02 -3.927175809592456379e-02 -2.998776927500573092e-02 -2.168490888935809685e-02 -1.408272120949201692e-02 -6.931152620066034428e-03
-2.006534124179593093e-01 -3.398377519069412656e-01 -4.055122292932152872e-01 -4.082074288568705023e-01 -3.715600366275343958e-01 -3.187853044004590464e-01 -2.649101581087607848e-01 -2.167421572079583358e-01 -1.761289246264397812e-01 -1.427489845984296069e-01 -1.155755880792026652e-01 -9.347606985632485321e-02 -7.542233817629591386e-02 -6.054752708504064496e-02 -4.814404290713572565e-02 -3.764108868206729464e-02 -2.857760934047410065e-02 -2.057669964921323563e-02 -1.332341734953946047e-02 -6.546021094707922885e-03
-2.864304299670146770e-01 -4.693316852105320902e-01 -5.393490840466197422e-01 -5.192391831247404888e-01 -4.496239496258955803e-01 -3.667272083206168931e-01 -2.908841756868482675e-01 -2.286992243346931408e-01 -1.798618062852504196e-01 -1.419650706070872959e-01 -1.125120213138694342e-01 -8.944396844018907833e-02 -7.117360470015277052e-02 -5.650249302355527664e-02 -4.452905689625186875e-02 -3.457099009372681386e-02 -2.610491515441405036e-02 -1.872089756623179085e-02 -1.208825182825174274e-02 -5.929533830526838127e-03
-3.750778150617187778e-01 -5.974628940601476312e-01 -6.650183121061735703e-01 -6.156676476146434318e-01 -5.092738836639671973e-01 -3.957364972617761212e-01 -2.998253267332038896e-01 -2.265819995714981050e-01 -1.725354140395852776e-01 -1.327228507269222479e-01 -1.030621333226584418e-01 -8.061412947110122018e-02 -6.332566206448669854e-02 -4.975982647909030915e-02 -3.889875713641586380e-02 -3.000894123419491771e-02 -2.255020969059325781e-02 -1.611375277585332458e-02 -1.037918355285166738e-02 -5.083870869455575994e-03
-4.266764380897167253e-01 -6.650694069291408494e-01 -7.223079868426947048e-01 -6.482947436858341739e-01 -5.163214922561947251e-01 -3.847278704233523805e-01 -2.797371109438786529e-01 -2.038980178161879930e-01 -1.507513609590476755e-01 -1.133011643101023286e-01 -8.639697570175941532e-02 -6.662462409106642558e-02 -5.175511842253061739e-02 -4.031244058167868238e-02 -3.129724627764785688e-02 -2.401585797302730266e-02 -1.797326663199218244e-02 -1.280475003553545668e-02 -8.230873354723071758e-03 -4.026771461370918202e-03
-3.954334869957976117e-01 -6.061065884122089908e-01 -6.460915566743414828e-01 -5.662050307897298351e-01 -4.376174657708711280e-01 -3.151204903896251408e-01 -2.214071364185283275e-01 -1.565639498231227722e-01 -1.129512728965195306e-01 -8.329395038506641480e-02 -6.259630553657971608e-02 -4.773203983593933553e-02 -3.675776306028626789e-02 -2.843759649196615433e-02 -2.196196580897045308e-02 -1.678400437252919666e-02 -1.252227409038243061e-02 -8.901118245261687226e-03 -5.712786939357812101e-03 -2.792338474476206700e-03
-2.552713815142901299e-01 -3.845090591029418081e-01 -4.029638581549411791e-01 -3.457748142926662105e-01 -2.603488607835796609e-01 -1.820719189056467791e-01 -1.243606989213537212e-01 -8.587886971104904954e-02 -6.084966177959378469e-02 -4.428426038534215292e-02 -3.295826460089142096e-02 -2.494920733971931620e-02 -1.910630152595524031e-02 -1.471823109254635081e-02 -1.132903230910081022e-02 -8.635937975612253958e-03 -6.430718430257892880e-03 -4.564663203004736339e-03 -2.926812020487942929e-03 -1.429788710361254607e-03
