-1.109891589832548986e-01 -1.949073987352666903e-01 -2.412272923754352483e-01 -2.492987809178584535e-01 -2.290270650152464726e-01 -1.948497628004181026e-01 -1.585204050210334836e-01 -1.262142005208667928e-01 -9.973656887023400752e-02 -7.876469122845160264e-02 -6.232615458674888032e-02 -4.942374454610215517e-02 -3.921800094891380456e-02 -3.104827389524210390e-02 -2.440735258149847459e-02 -1.890786584106882509e-02 -1.425188871267284337e-02 -1.020632876771722895e-02 -6.583759964095897525e-03 -3.227545828835652955e-03
-2.280479750567606934e-01 -3.980749603928509517e-01 -4.896346576798154548e-01 -5.020005963331787280e-01 -4.567830067060639765e-01 -3.848506983928492997e-01 -3.105695833446423526e-01 -2.459509060870546104e-01 -1.938369900656523870e-01 -1.529761809705998399e-01 -1.211138906065780535e-01 -9.615062338075640314e-02 -7.639997211036436697e-02 -6.056774168599969588e-02 -4.767327076872916736e-02 -3.697222312830372726e-02 -2.789336181039635959e-02 -1.998966692615897559e-02 -1.290116472067102948e-02 -6.326422635933466425e-03
-3.470165757167697484e-01 -6.013239957004209435e-01 -7.342273651503649079e-01 -7.456507504333523828e-01 -6.707045017506551021e-01 -5.584954687969569953e-01 -4.464155555785095375e-01 -3.514490562303363430e-01 -2.763359185458815759e-01 -2.181360875689562773e-01 -1.729964786708846347e-01 -1.376643527153608715e-01 -1.096634880419641855e-01 -8.714944803689818331e-02 -6.874576660573523956e-02 -5.341439671915604315e-02 -4.035967083224479418e-02 -2.895781372369084922e-02 -1.870480842514722630e-02 -9.176978494765413233e-03
-4.450492507444593349e-01 -7.672180327481519235e-01 -9.321785926191828997e-01 -9.407106637274526006e-01 -8.397623500106069505e-01 -6.941269220015655605e-01 -5.519007368804018654e-01 -4.335822976494432823e-01 -3.412159325956179434e-01 -2.701282956764540222e-01 -2.150591776949775658e-01 -1.718457390487427017e-01 -1.374401083587574457e-01 -1.096207941605460978e-01 -8.674595202771075153e-02 -6.757993013968256746e-02 -5.117311529256975133e-02 -3.677711063295154015e-02 -2.378327554489998233e-02 -1.167668151618160392e-02
-4.914812570970996108e-01 -8.465749373156222779e-01 -1.028438687980943067e+00 -1.038044871209466313e+00 -9.274172609505882958e-01 -7.681849070743210772e-01 -6.131392572507279315e-01 -4.843721253287583406e-01 -3.837338887669619614e-01 -3.059369740830008011e-01 -2.452471487617978174e-01 -1.972176556760098509e-01 -1.586303056323535299e-01 -1.271476642196549822e-01 -1.010373198902118075e-01 -7.898626153483730150e-02 -5.997575446131941240e-02 -4.319424038842115815e-02 -2.797450112256642460e-02 -1.374646976958625311e-02
-4.712320642566814044e-01 -8.154802723842357048e-01 -9.965454532201583060e-01 -1.014457364466758049e+00 -9.169278046284812245e-01 -7.703621224683254720e-01 -6.244279393161749070e-01 -5.007583860776606555e-01 -4.021496967741955419e-01 -3.244465154213772573e-01 -2.627526188245798977e-01 -2.131454960764790352e-01 -1.727156691217760776e-01 -1.393022352108103656e-01 -1.112694042581632292e-01 -8.735204741617395852e-02 -6.654940636298718737e-02 -4.804959918162506755e-02 -3.117401781112336123e-02 -1.533469536511644464e-02
-3.988093735414190433e-01 -6.972907349841113156e-01 -8.627680817345095843e-01 -8.935519708877900369e-01 -8.260051204482338205e-01 -7.121847728470895866e-01 -5.925679824361012038e-01 -4.865479553892870235e-01 -3.985476342700764452e-01 -3.267773386889539777e-01 -2.681517583522421977e-01 -2.198943362778509880e-01 -1.797845327543344807e-01 -1.460762011950404171e-01 -1.173860177723594356e-01 -9.260312311619733894e-02 -7.082022988321226564e-02 -5.128073530470553948e-02 -3.333727647006257122e-02 -1.641829223741881130e-02
-3.068964525903036811e-01 -5.447224221150256396e-01 -6.864304008501138643e-01 -7.286864669745564127e-01 -6.947684209315029280e-01 -6.198618184485480409e-01 -5.331442957201231181e-01 -4.506155296911875663e-01 -3.779716136092444168e-01 -3.158501333850817216e-01 -2.631696633380289918e-01 -2.184944221119747010e-01 -1.804518535120809564e-01 -1.478320202603352340e-01 -1.195953452427624825e-01 -9.485420223473958745e-02 -7.284765981440365079e-02 -5.291584014481425652e-02 -3.447606080401656448e-02 -1.700119707299165006e-02
-2.233093609015297520e-01 -4.034134877122845797e-01 -5.196816984655701077e-01 -5.678574058444737505e-01 -5.606227215866329550e-01 -5.191002324414649705e-01 -4.624509775841168513e-01 -4.029212937932106775e-01 -3.464960045773147757e-01 -2.954244732199411416e-01 -2.501757148192066960e-01 -2.104612616476486397e-01 -1.756964089807662721e-01 -1.452046837752410668e-01 -1.183091432836127221e-01 -9.437068528273810653e-02 -7.280037174092574004e-02 -5.305890838728878622e-02 -3.464993127656840199e-02 -1.711043510985399418e-02
-1.595827121994743414e-01 -2.933284389514508872e-01 -3.864902543969565563e-01 -4.347154948515308814e-01 -4.438945502940897514e-01 -4.256833073145068758e-01 -3.919168414753596563e-01 -3.514013319632332544e-01 -3.095216980229643644e-01 -2.691539676512978430e-01 -2.316449184259080085e-01 -1.974782884415290096e-01 -1.666678301764897563e-01 -1.389811675303228578e-01 -1.140658619369642329e-01 -9.151902860998854805e-02 -7.092423777164282017e-02 -5.186949528057903380e-02 -3.395432285355617225e-02 -1.679061272250690143e-02
-1.148921134791822951e-01 -2.143265815911732652e-01 -2.881743832923347459e-01 -3.325432783173203344e-01 -3.496419360710638080e-01 -3.455544818508314298e-01 -3.273389857624287580e-01 -3.010353565405262111e-01 -2.709932673839460238e-01 -2.400183535027624881e-01 -2.097709706976395860e-01 -1.811390877618140605e-01 -1.545154611296708225e-01 -1.299862995404622856e-01 -1.074541133522394082e-01 -8.671533439549340694e-02 -6.750806145921796342e-02 -4.954051671459348827e-02 -3.250725432618601501e-02 -1.609769415712349397e-02
-8.415725075597682570e-02 -1.588132645218466032e-01 -2.171155599366383082e-01 -2.558576984562285217e-01 -2.754900705036225639e-01 -2.790530347240924858e-01 -2.706741968756067873e-01 -2.543614398592443093e-01 -2.333883421481427745e-01 -2.101537967457410006e-01 -1.862813679868045580e-01 -1.627916274850874090e-01 -1.402686345723500039e-01 -1.189944625899002073e-01 -9.904896308489671841e-02 -8.038014120188705092e-02 -6.285216129102914884e-02 -4.627726115405608048e-02 -3.043648593544810363e-02 -1.509290977594022858e-02
-6.267219746832164429e-02 -1.193024294621762571e-01 -1.652449426029962976e-01 -1.979833019718465481e-01 -2.172259201712550269e-01 -2.244095805673179123e-01 -2.219140270945683113e-01 -2.123401006277890191e-01 -1.980433131063780161e-01 -1.809268923571346055e-01 -1.624090591121346849e-01 -1.434774252912197900e-01 -1.247729935351304248e-01 -1.066739594662840518e-01 -8.936714156315259117e-02 -7.290411046395722794e-02 -5.724318854544117180e-02 -4.227988474090944165e-02 -2.786851929505058945e-02 -1.383745971144489592e-02
-4.719720499167949501e-02 -9.043474381114445515e-02 -1.265312804385388401e-01 -1.535667596397008727e-01 -1.709976730524965238e-01 -1.794347108318782025e-01 -1.802285161673878588e-01 -1.750406446394315862e-01 -1.655177265577668921e-01 -1.531013783241735593e-01 -1.389505544418040972e-01 -1.239360270072930731e-01 -1.086719605737224148e-01 -9.356124486678719931e-02 -7.884153740251734210e-02 -6.462597784903546805e-02 -5.093660228720876121e-02 -3.773057312258837337e-02 -2.492024691443875742e-02 -1.238840854709791391e-02
-3.567881135575678292e-02 -6.870377530396798438e-02 -9.687413900653595034e-02 -1.187511414695060219e-01 -1.337610884158101088e-01 -1.421020554659076507e-01 -1.445243308282054551e-01 -1.420761470019304140e-01 -1.358855587507607765e-01 -1.270103426456586637e-01 -1.163557599846114232e-01 -1.046441725325436140e-01 -9.241758046942069593e-02 -8.005752566854056063e-02 -6.781179092207517689e-02 -5.582166681547956477e-02 -4.414667534278819000e-02 -3.278556022072169618e-02 -2.169348579268341737e-02 -1.079592718065258868e-02
-2.681404198847491330e-02 -5.182709644537601690e-02 -7.351002968431087636e-02 -9.080231658389056881e-02 -1.031933250768523602e-01 -1.106880215590331229e-01 -1.136905828830414439e-01 -1.128540527292254819e-01 -1.089380227694858316e-01 -1.026986801666339433e-01 -9.481797627792867833e-02 -8.586732787915474230e-02 -7.629666638197525608e-02 -6.643949165566513659e-02 -5.652643862652573931e-02 -4.670222971342082724e-02 -3.704287590714774869e-02 -2.757150838103478857e-02 -1.827220926501888637e-02 -9.101812820355451028e-03
-1.975024820238703224e-02 -3.828052184585446771e-02 -5.453655086605599389e-02 -6.775475853380749647e-02 -7.752186928883943173e-02 -8.376612312847450670e-02 -8.669592891392684242e-02 -8.671146283612694849e-02 -8.431380440775446128e-02 -8.002838532084759204e-02 -7.435014429811336034e-02 -6.771050045671538065e-02 -6.046227206190030179e-02 -5.287734042366733916e-02 -4.515224773168824424e-02 -3.741794290861043260e-02 -2.975109439061482050e-02 -2.218539110106810056e-02 -1.472203084399795192e-02 -7.339113719635212939e-03
-1.390642778031786313e-02 -2.700819073098358752e-02 -3.860089381944928344e-02 -4.815829949375859814e-02 -5.537327400758792345e-02 -6.015867651714212894e-02 -6.261554983568073940e-02 -6.298206850026118186e-02 -6.157735033393357121e-02 -5.875091854388204970e-02 -5.484371999275256676e-02 -5.016226485328158929e-02 -4.496458559297369928e-02 -3.945535491689664692e-02 -3.378727241615810117e-02 -2.806620369209650995e-02 -2.235817124886742280e-02 -1.669693356974679202e-02 -1.109141035532576654e-02 -5.532611985505096579e-03
-8.867271296496257588e-03 -1.724491925722384730e-02 -2.470053568784969303e-02 -3.090427471223695932e-02 -3.565425541260627135e-02 -3.887976208576129217e-02 -4.062552846960859609e-02 -4.102391252998996429e-02 -4.026261234403967493e-02 -3.855422253198138860e-02 -3.611155710266047286e-02 -3.313025841637950997e-02 -2.977845475267837730e-02 -2.619222307991603271e-02 -2.247528511133997306e-02 -1.870143033452743159e-02 -1.491845536382996502e-02 -1.115276303095757982e-02 -7.414067634527854618e-03 -3.699925446323579399e-03
-4.317737447872160676e-03 -8.403678173255869216e-03 -1.205205602340372363e-02 -1.510401077262722713e-02 -1.745971376102027975e-02 -1.908059127782065281e-02 -1.998289009837746558e-02 -2.022544190075213633e-02 -1.989496455951974760e-02 -1.909180409016576763e-02 -1.791803011470814375e-02 -1.646876003994170168e-02 -1.482675315473584721e-02 -1.305979775211977591e-02 -1.122021499107938788e-02 -9.345776051462625911e-03 -7.461457246575410596e-03 -5.581597837252227391e-03 -3.712172163641611674e-03 -1.853024396146614418e-03
