-2.606685857603291412e-02 -5.191494343156290853e-02 -7.719010755297564530e-02 -1.012821920301044121e-01 -1.232495468618133444e-01 -1.418425704857823877e-01 -1.556854087879930570e-01 -1.636204406665248967e-01 -1.650993790930930794e-01 -1.604109764960520157e-01 -1.505987268089291342e-01 -1.371223699582143352e-01 -1.214644403416946378e-01 -1.048553892552000072e-01 -8.816486755877929460e-02 -7.191414864740142132e-02 -5.634471585812360350e-02 -4.149740972608618322e-02 -2.728052036793927534e-02 -1.352091619365927179e-02
-5.235247175444277673e-02 -1.044026721256613444e-01 -1.555626268865535622e-01 -2.046866236276781437e-01 -2.498663883875660019e-01 -2.884202672130591338e-01 -3.172541901008452681e-01 -3.336669260611659360e-01 -3.363380879209065810e-01 -3.259260038765318113e-01 -3.048509574915628240e-01 -2.764220080205384011e-01 -2.438786780999107062e-01 -2.097919431644183486e-01 -1.758898799918804656e-01 -1.431470069929827171e-01 -1.119673057678972905e-01 -8.236440523226076782e-02 -5.410375549696479214e-02 -2.680314606969918037e-02
-7.894018219511358958e-02 -1.577795156881844907e-01 -2.359655412788898288e-01 -3.120145616247348985e-01 -3.830506049148245107e-01 -4.445926930629776064e-01 -4.910410035510635041e-01 -5.172051479658892337e-01 -5.204271337443572287e-01 -5.019394024296385259e-01 -4.663689212134498607e-01 -4.198002226914916424e-01 -3.678253023156710100e-01 -3.145412565086443402e-01 -2.624552508448026455e-01 -2.128166361756155534e-01 -1.660130910138164217e-01 -1.218891504208033660e-01 -7.996695060752910533e-02 -3.958791210413842993e-02
-1.056276409488126206e-01 -2.118025281387114489e-01 -3.184703895772008075e-01 -4.242248545429782580e-01 -5.253600037629205799e-01 -6.150696857710709065e-01 -6.838316424233230606e-01 -7.221109851372469191e-01 -7.247580530755128869e-01 -6.939982561097916003e-01 -6.383294281092813938e-01 -5.683590110104490556e-01 -4.930115916492686656e-01 -4.180763240511033985e-01 -3.465703661134232894e-01 -2.796508143020855486e-01 -2.173792342732471516e-01 -1.592121546461878201e-01 -1.042869841657113050e-01 -5.158155286672227308e-02
-1.317625910490732855e-01 -2.652984616420177022e-01 -4.017210758160093542e-01 -5.404304274557976129e-01 -6.773331072894019922e-01 -8.027240447830112924e-01 -9.009882322240606589e-01 -9.551269230844935398e-01 -9.554834036661024044e-01 -9.060105984545018254e-01 -8.219368580691532866e-01 -7.212167845659666066e-01 -6.174538842590481247e-01 -5.181046479003603711e-01 -4.260853782479288587e-01 -3.418351865917581556e-01 -2.646406894931412901e-01 -1.932932367330754131e-01 -1.263872776075362359e-01 -6.245131546363763553e-02
-1.561052052491644637e-01 -3.157841412608327625e-01 -4.820782164167972117e-01 -6.561827484328072169e-01 -8.344377855829245849e-01 -1.003850917046490210e+00 -1.140119013576152973e+00 -1.214683756504777667e+00 -1.210642725345359105e+00 -1.134677536983554225e+00 -1.012576823847767260e+00 -8.732133798041034067e-01 -7.362807410505056716e-01 -6.105225746257257891e-01 -4.977817086603555929e-01 -3.969572170222418483e-01 -3.060544266079143205e-01 -2.229327759208011572e-01 -1.455175728221431708e-01 -7.183643210010540181e-02
-1.768217738471659084e-01 -3.593156125059284722e-01 -5.529590610561975206e-01 -7.615805122444518904e-01 -9.828692210852345568e-01 -1.200638558976365955e+00 -1.380142321449620013e+00 -1.478062197258825483e+00 -1.468009768546309379e+00 -1.360212839279566710e+00 -1.194087257824815618e+00 -1.012061695904329373e+00 -8.406339552824071415e-01 -6.891533403325382778e-01 -5.574254867610408670e-01 -4.421392891643403655e-01 -3.396851721686424130e-01 -2.468657285936554091e-01 -1.609137996069346932e-01 -7.937684160696470426e-02
-1.917574050780241346e-01 -3.909918625002253290e-01 -6.053952368920515470e-01 -8.414001977490702666e-01 -1.098370473280636084e+00 -1.357685890872794454e+00 -1.575200351334743898e+00 -1.693784842670156277e+00 -1.678039304714344482e+00 -1.541550348060654940e+00 -1.336574571578801107e+00 -1.118008797667659371e+00 -9.181743654158580625e-01 -7.464292398450567134e-01 -6.003442140123855797e-01 -4.744512877534566297e-01 -3.636773858647333602e-01 -2.639308746104354619e-01 -1.718950408300418120e-01 -8.475713555564295953e-02
-1.990442363012516203e-01 -4.063860732972034984e-01 -6.307610850316697215e-01 -8.798874695268643631e-01 -1.154026636975954645e+00 -1.433478244603173968e+00 -1.669554369246314396e+00 -1.798330900830706680e+00 -1.779942329593403816e+00 -1.629637039244635321e+00 -1.406009524866669302e+00 -1.170040477113160282e+00 -9.567947092353459304e-01 -7.755176755260252408e-01 -6.226237780146939294e-01 -4.915843185486488687e-01 -3.766361210371673707e-01 -2.732848776261495582e-01 -1.779783280732233075e-01 -8.775665967723317307e-02
-1.978280841351720276e-01 -4.034159963036588747e-01 -6.248358349712730408e-01 -8.690062269633426206e-01 -1.135609793302821524e+00 -1.405491239772785450e+00 -1.632478273326614548e+00 -1.756456164754184535e+00 -1.740070938812445567e+00 -1.597634100386214007e+00 -1.384175872272632057e+00 -1.157274450266915444e+00 -9.504944951760303518e-01 -7.732006598308751588e-01 -6.225142865078526766e-01 -4.925544053265484279e-01 -3.779906195234764010e-01 -2.745936284966890573e-01 -1.789767018643621810e-01 -8.829117365782480908e-02
-1.886659234121186857e-01 -3.834073362699411680e-01 -5.902317561008242341e-01 -8.136132883175533070e-01 -1.051583472529844743e+00 -1.287002474763076609e+00 -1.482002344307002506e+00 -1.588808317504651679e+00 -1.578149577246986457e+00 -1.461324302297053457e+00 -1.281862608426829420e+00 -1.086246400022849556e+00 -9.029673082303730780e-01 -7.415364466802409904e-01 -6.011936719993756784e-01 -4.780634179477276091e-01 -3.681717212411929618e-01 -2.681218086735670525e-01 -1.750436481525876331e-01 -8.643133129463137498e-02
-1.733003370796775966e-01 -3.504864888407518420e-01 -5.349968221049371531e-01 -7.284599517129792812e-01 -9.272757909186379877e-01 -1.117266695313836600e+00 -1.271010066771790292e+00 -1.355743750928811275e+00 -1.351906224686832525e+00 -1.267170218174446861e+00 -1.131162714865168839e+00 -9.766721076050851602e-01 -8.255239041385091792e-01 -6.869014813574664258e-01 -5.623275154700001499e-01 -4.502892237641790696e-01 -3.485065045560113983e-01 -2.546778911234998666e-01 -1.666447308408912920e-01 -8.239050310475368177e-02
-1.539822940789788430e-01 -3.098095334662681055e-01 -4.686870426132266898e-01 -6.300507980687191090e-01 -7.894811622331474599e-01 -9.360286663649141081e-01 -1.051562872507632251e+00 -1.115985685274870853e+00 -1.117752229741356684e+00 -1.061528065835080969e+00 -9.653258240814097668e-01 -8.501028258145394423e-01 -7.313520337403277560e-01 -6.172373640640671510e-01 -5.107522142650695596e-01 -4.122362024133197078e-01 -3.208848239454537565e-01 -2.354383422750295496e-01 -1.544668732490583618e-01 -7.648595015325532209e-02
-1.327929907186563008e-01 -2.659117543575675313e-01 -3.990530749465845961e-01 -5.304543023139699498e-01 -6.557589998398837272e-01 -7.669487599260018662e-01 -8.526382651975281668e-01 -9.012662711767021051e-01 -9.065204744514256952e-01 -8.710818330203070614e-01 -8.052339663392040769e-01 -7.216702829569741073e-01 -6.308845094824182542e-01 -5.395564787397324480e-01 -4.511392778680739513e-01 -3.670093686342248418e-01 -2.873573170416136580e-01 -2.117237142792355309e-01 -1.392984676197027705e-01 -6.908642592518431103e-02
-1.112700390368719372e-01 -2.219403653985263791e-01 -3.309083791532135832e-01 -4.360201960095782536e-01 -5.335145283814093364e-01 -6.177251146560542860e-01 -6.816188906292171001e-01 -7.186604287531039859e-01 -7.254843809489929241e-01 -7.036266845974890050e-01 -6.588840534431840146e-01 -5.988461083683539465e-01 -5.304624920436986635e-01 -4.588488500339205078e-01 -3.872185498031544548e-01 -3.173019314289476367e-01 -2.498110866421553444e-01 -1.848007122156779258e-01 -1.219168582652281757e-01 -6.056128816186988340e-02
-9.034501267646825873e-02 -1.796597059636694804e-01 -2.665629669810271052e-01 -3.489916102055019564e-01 -4.239553890934286140e-01 -4.875376069165867077e-01 -5.353741123343643826e-01 -5.637171211788858383e-01 -5.707480267314899436e-01 -5.573732268874380669e-01 -5.269277487630980028e-01 -4.840014400035512754e-01 -4.331577865290880958e-01 -3.781315805163953936e-01 -3.215794897955868703e-01 -2.651681003841719897e-01 -2.097843242809485365e-01 -1.557511876507783333e-01 -1.030069675501319726e-01 -5.124186887147674785e-02
-7.044999899539521049e-02 -1.397884879682535220e-01 -2.066823840697781245e-01 -2.693914323559495894e-01 -3.256748817135223795e-01 -3.728755289702043174e-01 -4.082654655946801325e-01 -4.296464306013340062e-01 -4.360076769388966933e-01 -4.279009204299121238e-01 -4.072971812429624361e-01 -3.770111387477360076e-01 -3.400162523387763036e-01 -2.989356771968323390e-01 -2.557989335771786998e-01 -2.120065517974563385e-01 -1.684069153189766688e-01 -1.254127491034488784e-01 -8.311795622581659437e-02 -4.139922114108609413e-02
-5.166645646073539377e-02 -1.023616041555918538e-01 -1.509853751051653259e-01 -1.962121018946484663e-01 -2.364637589219797942e-01 -2.699954435785101303e-01 -2.951191983962597742e-01 -3.105381601370811318e-01 -3.156819143360847235e-01 -3.108878515992595237e-01 -2.973286988323181057e-01 -2.767214760113637650e-01 -2.509578844626462746e-01 -2.217953581980407762e-01 -1.906739150910923553e-01 -1.586522482319062677e-01 -1.264240371141106822e-01 -9.437493896542024918e-02 -6.265288841328470193e-02 -3.123705958804514141e-02
-3.385422011473727261e-02 -6.700607367016865601e-02 -9.868528622152293595e-02 -1.280073732389825358e-01 -1.539712848958012525e-01 -1.755204520318563999e-01 -1.916731230890015014e-01 -2.016994379418420580e-01 -2.052886934763666349e-01 -2.026361451814429060e-01 -1.944062932123044873e-01 -1.815873735970407188e-01 -1.652982064957992103e-01 -1.466139017057499216e-01 -1.264491139704026212e-01 -1.055044916068096222e-01 -8.426204918265409183e-02 -6.301008227216342572e-02 -4.188160006758832182e-02 -2.089612927940949841e-02
-1.674435102115272647e-02 -3.312318464246635785e-02 -4.874231409848069074e-02 -6.316078639020530905e-02 -7.589345540833027093e-02 -8.644174506176301176e-02 -9.435305993507107913e-02 -9.929735111678188175e-02 -1.011368827167602319e-01 -9.996146254940875553e-02 -9.607280581662110130e-02 -8.992345799322674915e-02 -8.203364770141104156e-02 -7.291292446509127501e-02 -6.300414876721750768e-02 -5.265455662325855407e-02 -4.210958681465473002e-02 -3.152174213334466707e-02 -2.096729974147262116e-02 -1.046585746340337846e-02
