-4.966739742484928971e-03 -9.869497565842920775e-03 -1.464018176317163564e-02 -1.920311052297333371e-02 -2.347283855899491914e-02 -2.735385562019530120e-02 -3.074261860567478050e-02 -3.353214154394994900e-02 -3.561894332470662283e-02 -3.691156696091690836e-02 -3.733955629206777566e-02 -3.686117546200053108e-02 -3.546851169624162109e-02 -3.318887651155404822e-02 -3.008236638607799870e-02 -2.623636858608115532e-02 -2.175830520865889087e-02 -1.676826137382713203e-02 -1.139275392390358931e-02 -5.760452258275652708e-03
-9.997458435069257396e-03 -1.987107546488078164e-02 -2.948812448408664327e-02 -3.869942588311145459e-02 -4.733439590244905432e-02 -5.519996334531934029e-02 -6.208446304065580457e-02 -6.776700452912687300e-02 -7.203204443006647195e-02 -7.468776957769451830e-02 -7.558547463352538465e-02 -7.463662778197538428e-02 -7.182399487610625910e-02 -6.720461762608900824e-02 -6.090422281807628818e-02 -5.310480319435990915e-02 -4.402859699546503303e-02 -3.392199145404720811e-02 -2.304230329375010072e-02 -1.164905753071267779e-02
-1.515202649684712494e-02 -3.012922614822909420e-02 -4.474182849255623623e-02 -5.877209777610931107e-02 -7.196536886005124034e-02 -8.402715320853680614e-02 -9.462827961362178797e-02 -1.034193585037155722e-01 -1.100544787863426410e-01 -1.142219952781853010e-01 -1.156779659906632673e-01 -1.142758827308313907e-01 -1.099862336061697005e-01 -1.029013901776481277e-01 -9.322511426927594658e-02 -8.125004229498711261e-02 -6.732930305038728469e-02 -5.184881048209047383e-02 -3.520541432747014560e-02 -1.779347112333652670e-02
-2.048141542071873697e-02 -4.075198914820042650e-02 -6.057787629286010000e-02 -7.968179042541784218e-02 -9.772786597528065888e-02 -1.143150340588532377e-01 -1.289821732603120275e-01 -1.412277101699309645e-01 -1.505445492166644639e-01 -1.564678129692342046e-01 -1.586285586002363079e-01 -1.568027467178119694e-01 -1.509436970621936269e-01 -1.411896293994274187e-01 -1.278448278054460652e-01 -1.113409852374751818e-01 -9.218979018753227506e-02 -7.093855852027382281e-02 -4.813708091164602826e-02 -2.431941637073959522e-02
-2.602165326057644112e-02 -5.181943968060589989e-02 -7.713592047303316490e-02 -1.016493553192828192e-01 -1.249493145239311681e-01 -1.465229973952175413e-01 -1.657577277214987432e-01 -1.819648210250811304e-01 -1.944282600837125563e-01 -2.024762232753948843e-01 -2.055657842441322714e-01 -2.033629098056346785e-01 -1.957962489367464920e-01 -1.830686390330242552e-01 -1.656236392718322126e-01 -1.440793167082294879e-01 -1.191503534786166607e-01 -9.157857651134261590e-02 -6.208494597289630768e-02 -3.134711567412514638e-02
-3.178575893355511939e-02 -6.336820697550998860e-02 -9.449701994439226038e-02 -1.248304272575414958e-01 -1.538970668949222187e-01 -1.810699698505816302e-01 -2.055609632038749857e-01 -2.264456412693457710e-01 -2.427275070495193143e-01 -2.534430888551186811e-01 -2.577955075453393086e-01 -2.552869219013022550e-01 -2.458097896883744693e-01 -2.296650923788202958e-01 -2.075018050930169111e-01 -1.802023311008452700e-01 -1.487537614822502796e-01 -1.141404684759281807e-01 -7.727701631524772075e-02 -3.898410245402297858e-02
-3.775318611862329282e-02 -7.537062787504882067e-02 -1.126535480868375155e-01 -1.492782890892977443e-01 -1.847386019116923073e-01 -2.182988872210497866e-01 -2.489705749355345665e-01 -2.755293138773973194e-01 -2.965930838541921410e-01 -3.107731467066103814e-01 -3.168862711973883250e-01 -3.141794945410101292e-01 -3.024909324533077148e-01 -2.822801549786382314e-01 -2.545161945277724658e-01 -2.204744780888007460e-01 -1.815219275422260414e-01 -1.389525450486073788e-01 -9.389856391629966548e-02 -4.731228263310068016e-02
-4.385638184092983255e-02 -8.770759476035233648e-02 -1.314682904905704053e-01 -1.748906148502044899e-01 -2.174801883698950500e-01 -2.584164512304332195e-01 -2.964931438967934874e-01 -3.301079356202257786e-01 -3.573422157030951563e-01 -3.761698600509122414e-01 -3.847965088080686491e-01 -3.820534200159649840e-01 -3.676939502930515191e-01 -3.424482095197804998e-01 -3.078082778719296586e-01 -2.656574563198452199e-01 -2.179069456291206075e-01 -1.662492474002537080e-01 -1.120524205129261874e-01 -5.636647392781454768e-02
-4.996476872521779522e-02 -1.001351236940723199e-01 -1.506214454138092851e-01 -2.013357323237302821e-01 -2.518751278331622379e-01 -3.013935715906082002e-01 -3.484773813384723362e-01 -3.910661387297030833e-01 -4.264956494563965084e-01 -4.517631963974840792e-01 -4.640704288341612194e-01 -4.615373292995365029e-01 -4.437781709230154137e-01 -4.120074104332880349e-01 -3.686098942914342591e-01 -3.164396832738091137e-01 -2.581990843164483351e-01 -1.960850909965035360e-01 -1.316954340398639456e-01 -6.610120415215646472e-02
-5.586759530596602935e-02 -1.122467297457732521e-01 -1.695466706639786048e-01 -2.279557685510568421e-01 -2.872909385200222432e-01 -3.468046509713757497e-01 -4.049536287266179424e-01 -4.591736984629989360e-01 -5.057870170108509367e-01 -5.402728114103150237e-01 -5.581235146779428558e-01 -5.561829798527051505e-01 -5.338227143054069535e-01 -4.931624008525316016e-01 -4.381700428341674947e-01 -3.732874213974802236e-01 -3.023633580068038618e-01 -2.281963849802000899e-01 -1.525430096862159524e-01 -7.634291972584604513e-02
-6.125890622245170475e-02 -1.234375501177022577e-01 -1.873627658316683042e-01 -2.536496143408498161e-01 -3.225272488118592906e-01 -3.935749001780010081e-01 -4.653352017942316010e-01 -5.348126969011370857e-01 -5.970239192012982699e-01 -6.450842926383230092e-01 -6.715054481611981707e-01 -6.707619736380133757e-01 -6.417795079836131622e-01 -5.884150498026612386e-01 -5.175131093371138080e-01 -4.361393268057731643e-01 -3.497607790811171347e-01 -2.617921517477848070e-01 -1.739370328429414581e-01 -8.672745029747451484e-02
-6.573048899189626315e-02 -1.328818195920574152e-01 -2.028171561552794544e-01 -2.767519151586730342e-01 -3.555877585929516083e-01 -4.396003218866340045e-01 -5.278641591048741644e-01 -6.172864176006895853e-01 -7.013694551716985748e-01 -7.696271869515064479e-01 -8.094047013605898400e-01 -8.107953684028469388e-01 -7.718979638337015725e-01 -6.998631546000202430e-01 -6.067131155053427927e-01 -5.037824515538683601e-01 -3.986920736114808461e-01 -2.952632037764912343e-01 -1.946838542215963419e-01 -9.662965499911342626e-02
-6.878124367091358049e-02 -1.395420731324205077e-01 -2.142717954958013593e-01 -2.949496942838827906e-01 -3.834463589386808979e-01 -4.812345814430182833e-01 -5.886467979234702996e-01 -7.032264439521139776e-01 -8.170176724928001066e-01 -9.143716441585091337e-01 -9.742033903046486421e-01 -9.790336485782158427e-01 -9.255191497947803381e-01 -8.266029253901028273e-01 -7.030254548487874233e-01 -5.726585078297509179e-01 -4.457178798097322647e-01 -3.258360489938710303e-01 -2.128981710329366783e-01 -1.051064789023501561e-01
-6.985243080604992827e-02 -1.422333594941360690e-01 -2.197771304346949617e-01 -3.053173986523571859e-01 -4.019304396351520148e-01 -5.127846849085792025e-01 -6.403280521911489664e-01 -7.837942148710635992e-01 -9.342266294555220396e-01 -1.069407087109125687e+00 -1.156217598960960435e+00 -1.165871032559773424e+00 -1.092850336739413786e+00 -9.588482401804967470e-01 -7.973502609444009792e-01 -6.350597347377278101e-01 -4.848822644242467561e-01 -3.493047715636271033e-01 -2.259420967512695833e-01 -1.108953178516109417e-01
-6.839512119842082460e-02 -1.397616027157127516e-01 -2.172830722145109861e-01 -3.045840680831862213e-01 -4.059663579911436670e-01 -5.264981152324466063e-01 -6.712641541384104515e-01 -8.420341370181799734e-01 -1.029593353645124498e+00 -1.204912125737407136e+00 -1.321170730709444241e+00 -1.336277901097052911e+00 -1.242140549591739696e+00 -1.070825193129225639e+00 -8.705823397039443856e-01 -6.777464455006746435e-01 -5.074452922530136023e-01 -3.601592303218204560e-01 -2.306097255337786200e-01 -1.125257670995414849e-01
-6.396643678327962323e-02 -1.311344467770040600e-01 -2.050039896534423534e-01 -2.897159797984366070e-01 -3.904615784585606653e-01 -5.138081746042283404e-01 -6.670811805605035838e-01 -8.544487992225564543e-01 -1.067086196678711518e+00 -1.271134197597931337e+00 -1.409187025807730365e+00 -1.428604769673648134e+00 -1.319243071148256563e+00 -1.121447119073066157e+00 -8.950405374603832565e-01 -6.835303401272995183e-01 -5.032102211329462227e-01 -3.525221152827158200e-01 -2.236975869420266272e-01 -1.085849363364880527e-01
-5.633615312138882947e-02 -1.158051116109358042e-01 -1.818745406204823056e-01 -2.587376146236476382e-01 -3.517951649644173173e-01 -4.680837890626363129e-01 -6.157430114875247495e-01 -7.999896560119900135e-01 -1.012705827122911240e+00 -1.219456322564488548e+00 -1.360666545057370058e+00 -1.381305102700163268e+00 -1.270762814589972312e+00 -1.071319268265945812e+00 -8.453301466845772882e-01 -6.375369541718046706e-01 -4.639226386944029223e-01 -3.219395468976762875e-01 -2.029098933380574787e-01 -9.809761183414758556e-02
-4.557301568479919102e-02 -9.387464012396999624e-02 -1.479428256716589785e-01 -2.114815194566452838e-01 -2.892887283621964345e-01 -3.876129907331069546e-01 -5.136315077012657548e-01 -6.718723224018020579e-01 -8.551725688169097284e-01 -1.033579022171779549e+00 -1.155560013198011049e+00 -1.173654214510600813e+00 -1.078726861176495966e+00 -9.072307930342481397e-01 -7.130446826910256108e-01 -5.350036765993826382e-01 -3.871162991943319365e-01 -2.672284509027930688e-01 -1.677270326223579688e-01 -8.087522420305548465e-02
-3.208124119956638765e-02 -6.617702902892638739e-02 -1.045335082105383478e-01 -1.498883519181936907e-01 -2.057638493502731702e-01 -2.766684021289086415e-01 -3.676175703272975270e-01 -4.814888890635631302e-01 -6.126889789183036505e-01 -7.396690260205740497e-01 -8.261390303541764624e-01 -8.389883324438308643e-01 -7.718633211317270648e-01 -6.501448229293063097e-01 -5.116067491916124199e-01 -3.839055518365612207e-01 -2.774628505290521741e-01 -1.911633991902599028e-01 -1.197481650359289995e-01 -5.765945602730609271e-02
-1.657490765053172208e-02 -3.421838103707205286e-02 -5.412143339615112930e-02 -7.773175366583438828e-02 -1.068970109504612381e-01 -1.439443887715151360e-01 -1.913913495919214725e-01 -2.505542423251063133e-01 -3.183493840700792332e-01 -3.836228134694568692e-01 -4.279073604084147608e-01 -4.344783886832088160e-01 -4.001336202199765046e-01 -3.376722929404565310e-01 -2.662475126630341471e-01 -2.000576388721686527e-01 -1.446405644584135286e-01 -9.961026861137663169e-02 -6.235140352376807027e-02 -3.000395426614790514e-02
