-1.617340562046101424e-02 -3.159212280210250273e-02 -4.554234291644057575e-02 -5.739946776325460104e-02 -6.668386192244291077e-02 -7.311323510968516237e-02 -7.663324225685022584e-02 -7.741115324053791935e-02 -7.579083398747034350e-02 -7.222266186882662919e-02 -6.718942168395046488e-02 -6.114575562588293184e-02 -5.447943063852396517e-02 -4.749403802462028729e-02 -4.040781575986292229e-02 -3.336229281876440522e-02 -2.643538764553058154e-02 -1.965548468771807777e-02 -1.301445821642268838e-02 -6.478970939753060654e-03
-3.310150554362725067e-02 -6.465273219275251282e-02 -9.317778603399629045e-02 -1.173716464308480478e-01 -1.362227323503260590e-01 -1.491358249686262349e-01 -1.560085758917850729e-01 -1.572205463963388117e-01 -1.535295318413305021e-01 -1.459103913764831228e-01 -1.353892678246966519e-01 -1.229141592996430693e-01 -1.092779297902899266e-01 -9.508890752868177920e-02 -8.077494446057970068e-02 -6.660596270791620255e-02 -5.272377222828085463e-02 -3.917208415863548260e-02 -2.592336998185838445e-02 -1.290142559921362599e-02
-5.157987383298776735e-02 -1.007395110175549335e-01 -1.451443580948300616e-01 -1.826865117176567632e-01 -2.116994485362870826e-01 -2.311986180577656758e-01 -2.410445949750415484e-01 -2.419328900790526093e-01 -2.351963536297454749e-01 -2.225001221196771795e-01 -2.055430947698940192e-01 -1.858436906407253397e-01 -1.646292302047232536e-01 -1.428087453109788962e-01 -1.209971095114582423e-01 -9.956286263647796952e-02 -7.868165100011519086e-02 -5.838570638545440700e-02 -3.860551651474410789e-02 -1.920335879278908808e-02
-7.247837486854834255e-02 -1.415807416641460537e-01 -2.039728033170168930e-01 -2.565290930213534049e-01 -2.966878582483816751e-01 -3.229124631537910184e-01 -3.350366130081867677e-01 -3.342690995210912397e-01 -3.228224609327123296e-01 -3.033505295621959919e-01 -2.784392852079304870e-01 -2.502882925962834348e-01 -2.205865834782771706e-01 -1.905197789694278998e-01 -1.608419332362005516e-01 -1.319667507678175533e-01 -1.040542826616158989e-01 -7.708358359601592824e-02 -5.090963688864413167e-02 -2.530650650582405223e-02
-9.675163211887576054e-02 -1.891283237900804048e-01 -2.726275940736362924e-01 -3.427521418793899599e-01 -3.955870393795347106e-01 -4.287024829925494829e-01 -4.419011890144005639e-01 -4.372730795035715268e-01 -4.184687554570267198e-01 -3.896385521450330125e-01 -3.545748074254092552e-01 -3.162835652785831453e-01 -2.769090714418733223e-01 -2.378419093639412563e-01 -1.998841505905776250e-01 -1.634079699165568722e-01 -1.284851714114149668e-01 -9.498473027552631343e-02 -6.264296967026049268e-02 -3.111304316649815202e-02
-1.253890558056983962e-01 -2.455195098539109944e-01 -3.545764670816206610e-01 -4.461191615933305377e-01 -5.140061125419888022e-01 -5.542020395397250221e-01 -5.664295125870559833e-01 -5.543560115303328706e-01 -5.240969839757536608e-01 -4.821450897394760071e-01 -4.339339608731228592e-01 -3.833613629299277292e-01 -3.329241588276753983e-01 -2.840546776232503179e-01 -2.374448402061295760e-01 -1.932958392039088313e-01 -1.514937328523610349e-01 -1.117272173675494668e-01 -7.356449612295640206e-02 -3.650271583926801428e-02
-1.592155450895584301e-01 -3.127655910907581327e-01 -4.535186075441923759e-01 -5.722006345567786090e-01 -6.588269534224671098e-01 -7.063315271505040682e-01 -7.142053179807933416e-01 -6.889960048525824998e-01 -6.411338715538168476e-01 -5.808134934103573732e-01 -5.156293075134208426e-01 -4.502988369698667781e-01 -3.873708185240830049e-01 -3.280077714045097625e-01 -2.725447274014185517e-01 -2.208368492823382379e-01 -1.724667223393319682e-01 -1.268659371112515200e-01 -8.338510165826405751e-02 -4.133334489104444065e-02
-1.983670811900517250e-01 -3.917383223162287376e-01 -5.719806112699796774e-01 -7.257285631221751521e-01 -8.364566510828691515e-01 -8.915375457681266047e-01 -8.899058410871941716e-01 -8.432113238020119139e-01 -7.692372287260170749e-01 -6.838686139611884762e-01 -5.973469996593155917e-01 -5.148094745904610026e-01 -4.382489158259200712e-01 -3.680604883673093686e-01 -3.038894666497164443e-01 -2.450401359608164187e-01 -1.906703995693814213e-01 -1.398847197912834739e-01 -9.177665802233478387e-02 -4.544557090657605491e-02
-2.412508485107983103e-01 -4.798670959717320494e-01 -7.074677830191538064e-01 -9.051679206027806179e-01 -1.046301606954838315e+00 -1.109128435423592851e+00 -1.091522540725369694e+00 -1.013283281012076431e+00 -9.035690566989167394e-01 -7.863057234862295131e-01 -6.746203966667698726e-01 -5.732525510162984617e-01 -4.827413940283021843e-01 -4.020943463422614883e-01 -3.299124463708566490e-01 -2.647638728054990676e-01 -2.052900592594284479e-01 -1.502259142760763722e-01 -9.839125570127597864e-02 -4.867230081704316397e-02
-2.832139045768411467e-01 -5.678329441493289442e-01 -8.462123541946864336e-01 -1.093036016668951005e+00 -1.268523494341206259e+00 -1.338701625435512854e+00 -1.299900152819285060e+00 -1.182689653977909927e+00 -1.030914292913289287e+00 -8.781816041309369325e-01 -7.402813172420452670e-01 -6.205838744236833460e-01 -5.173317452543126915e-01 -4.276588135085620523e-01 -3.489018157667283515e-01 -2.788128941521892390e-01 -2.155000944957495557e-01 -1.573376548455673318e-01 -1.028901801520879233e-01 -5.085238561466163404e-02
-3.161887114632188078e-01 -6.381958536831923157e-01 -9.596854418723551605e-01 -1.249567252212788082e+00 -1.455432678794676971e+00 -1.531256371602627064e+00 -1.471782149039980725e+00 -1.318108212684176550e+00 -1.128213544434245819e+00 -9.445962479314350402e-01 -7.849771875633927420e-01 -6.509257823346030758e-01 -5.382616934491726290e-01 -4.422982368741259496e-01 -3.592223962912698965e-01 -2.860858050653240503e-01 -2.205598221752387289e-01 -1.607344600319914607e-01 -1.049794470263923918e-01 -5.184708011797738159e-02
-3.310844138994667452e-01 -6.705266502588258515e-01 -1.012885665551392034e+00 -1.324108778267974795e+00 -1.545019979456893511e+00 -1.623053276759675478e+00 -1.552081256719922475e+00 -1.378908603231611352e+00 -1.169107957932826736e+00 -9.698274208371081562e-01 -7.996393001427308800e-01 -6.590005782320558225e-01 -5.423596827403412979e-01 -4.440352256664239494e-01 -3.596025285394412463e-01 -2.857480746713636499e-01 -2.199189622169166469e-01 -1.600609422872922016e-01 -1.044460985546983717e-01 -5.155649811205158944e-02
-3.225950748980532801e-01 -6.526925043624486333e-01 -9.846088352503138408e-01 -1.285497853031877469e+00 -1.498818353169192763e+00 -1.574535226635958463e+00 -1.506877664238855941e+00 -1.340488001457424749e+00 -1.138043783991450120e+00 -9.449031925852613423e-01 -7.792781330944460461e-01 -6.419992170243328244e-01 -5.279802374020681199e-01 -4.318622957231738058e-01 -3.494028991536403117e-01 -2.773849459806057016e-01 -2.133070321373287948e-01 -1.551442742547073650e-01 -1.011875264637300265e-01 -4.993283671556621173e-02
-2.926416367284238040e-01 -5.891413293017494501e-01 -8.827309564242077355e-01 -1.145417298784742410e+00 -1.331311839066865010e+00 -1.400585000127276381e+00 -1.348847718336477985e+00 -1.211905053181282499e+00 -1.040593714408778014e+00 -8.728938754125107335e-01 -7.254850710404626701e-01 -6.007360654643834064e-01 -4.955502036756463946e-01 -4.060139458229968801e-01 -3.287604481857359651e-01 -2.610817179858387904e-01 -2.007799780963496761e-01 -1.460216176548147227e-01 -9.522693538235030286e-02 -4.698733670499776610e-02
-2.489968844727114827e-01 -4.975827569052123645e-01 -7.380665643814413590e-01 -9.489889361092391784e-01 -1.098077349145902160e+00 -1.158324654078760840e+00 -1.127022482157336691e+00 -1.028796204994381736e+00 -8.993290902225782313e-01 -7.668107007294650002e-01 -6.454503307273412593e-01 -5.392041842994497181e-01 -4.473652593336601146e-01 -3.678709896186785899e-01 -2.985422651972207131e-01 -2.374014786681826750e-01 -1.827095722597029959e-01 -1.329353136976212657e-01 -8.671128848828640878e-02 -4.278960060170473867e-02
-2.005132290253293648e-01 -3.976196265209642200e-01 -5.836211152576984418e-01 -7.433121581268092859e-01 -8.563288425148851690e-01 -9.065367902039291881e-01 -8.925708649956520802e-01 -8.294679934509975316e-01 -7.396516166214959220e-01 -6.422109666025462849e-01 -5.483890569486371547e-01 -4.628884050750769474e-01 -3.867794808537328155e-01 -3.195561934667160986e-01 -2.601356695427449739e-01 -2.072723654949844563e-01 -1.597215503252700786e-01 -1.162988049570871929e-01 -7.589333619104481066e-02 -3.745979514786661885e-02
-1.533116818392690206e-01 -3.020809000349368167e-01 -4.395635309154171111e-01 -5.555415244268614439e-01 -6.379877938759676015e-01 -6.780152371961116753e-01 -6.750607766404347343e-01 -6.376453507392026987e-01 -5.789115163405185172e-01 -5.110143949579220024e-01 -4.422325717133117062e-01 -3.770284771721567063e-01 -3.172853409930144752e-01 -2.634361103928661851e-01 -2.151716723264609221e-01 -1.718307757185715545e-01 -1.326054798469905593e-01 -9.664503345454847349e-02 -6.310347882808188535e-02 -3.115625600811654239e-02
-1.100007387081191057e-01 -2.157792315762762092e-01 -3.121256313175640451e-01 -3.924766765959176174e-01 -4.499774824270032503e-01 -4.799253754445981235e-01 -4.821342723223062676e-01 -4.612482402790014646e-01 -4.246696356326902788e-01 -3.797888608548711797e-01 -3.322609509940590566e-01 -2.856608410861504743e-01 -2.418903521221329178e-01 -2.017304767321862480e-01 -1.652841017425345782e-01 -1.322735954653418144e-01 -1.022245790230034285e-01 -7.457238618539652197e-02 -4.871930366682217933e-02 -2.406176198681989759e-02
-7.076045243166974308e-02 -1.384330069684554521e-01 -1.995470194541355546e-01 -2.502094879202327871e-01 -2.867088074118552821e-01 -3.066557866774923258e-01 -3.100055669243949596e-01 -2.991732459261940980e-01 -2.781101267080783868e-01 -2.509980135463907303e-01 -2.213063280698746860e-01 -1.914527343464088593e-01 -1.628831530186317100e-01 -1.363111793038353781e-01 -1.119606592650376070e-01 -8.975494402636242930e-02 -6.944686271284539192e-02 -5.070064228293317404e-02 -3.313960245569483321e-02 -1.637149343777212149e-02
-3.458133200681217517e-02 -6.756131027099926412e-02 -9.721967106969836570e-02 -1.217435954644767448e-01 -1.394968719190795847e-01 -1.494688537462660616e-01 -1.516540008026951436e-01 -1.470874733050439587e-01 -1.374903747612000182e-01 -1.247493210009417292e-01 -1.105039149285381717e-01 -9.595874278860161422e-02 -8.187808244623434595e-02 -6.867042228135626647e-02 -5.649243492589075405e-02 -4.533866879851412152e-02 -3.510731382900273562e-02 -2.564373190651453999e-02 -1.676698592278198438e-02 -8.284618604642704498e-03
