-1.118622382721699273e-03 -2.242541883552222944e-03 -3.375919194718858887e-03 -4.520597934183573710e-03 -5.674828032577692097e-03 -6.831894227354166557e-03 -7.978595936643812642e-03 -9.093761030818289445e-03 -1.014682491134269969e-02 -1.109679235806751603e-02 -1.189189948860792066e-02 -1.247048995567892962e-02 -1.276367477796295710e-02 -1.270029199539815697e-02 -1.221452162424482152e-02 -1.125600412450991628e-02 -9.801418518886819906e-03 -7.865532111768139614e-03 -5.508819763798932824e-03 -2.838368223932325775e-03
-2.231949650322832476e-03 -4.475622005518152188e-03 -6.740529613783103648e-03 -9.031634801348931846e-03 -1.134683334292206636e-02 -1.367414978958264582e-02 -1.598872526924108306e-02 -1.824960604274879911e-02 -2.039672721014468976e-02 -2.234842733162203596e-02 -2.400029335682403800e-02 -2.522637697879251406e-02 -2.588391792593433202e-02 -2.582295958590433496e-02 -2.490178449304868841e-02 -2.300807309846442106e-02 -2.008412411279600004e-02 -1.615189892365503574e-02 -1.133137688218309284e-02 -5.844660165012855596e-03
-3.333546027888279525e-03 -6.687462290147933378e-03 -1.007893513171881188e-02 -1.351857546371203894e-02 -1.700670562766965627e-02 -2.052914047358232047e-02 -2.405251680426575764e-02 -2.751918464790181415e-02 -3.084202666173888399e-02 -3.389985379162045731e-02 -3.653445155258948362e-02 -3.855079147392639904e-02 -3.972263782215029737e-02 -3.980583890161987215e-02 -3.856156476565619773e-02 -3.579035735140933400e-02 -3.137509759677940130e-02 -2.532654958398430911e-02 -1.782012696828046139e-02 -9.208898250780644598e-03
-4.414756371210834356e-03 -8.861732133480597004e-03 -1.336915455170780385e-02 -1.795701732662768543e-02 -2.263224741399596021e-02 -2.738316686626111537e-02 -3.217299878446200356e-02 -3.693255807789679046e-02 -4.155229358053771915e-02 -4.587448037012214347e-02 -4.968682234943268966e-02 -5.271967032758087535e-02 -5.464997630072822299e-02 -5.511616205296065996e-02 -5.374824884676877856e-02 -5.021667030201450860e-02 -4.429932598372435248e-02 -3.595907118478844366e-02 -2.541367702836893824e-02 -1.317080761678843422e-02
-5.463746933223993102e-03 -1.097553778498186645e-02 -1.657891812678561477e-02 -2.230805279137466554e-02 -2.818207175583926916e-02 -3.419823312204905291e-02 -4.032371463492304131e-02 -4.648570763590650218e-02 -5.256006593797290377e-02 -5.835890729620840656e-02 -6.361865809223740675e-02 -6.799104479818270097e-02 -7.104140183417888277e-02 -7.226054840590330486e-02 -7.109855559280919834e-02 -6.702870949574898929e-02 -5.964642803169706992e-02 -4.879671228273130268e-02 -3.470468183247255728e-02 -1.806065460629403818e-02
-6.464690619475445266e-03 -1.299773759056310762e-02 -1.966289563714223795e-02 -2.651417951414186680e-02 -3.358970253250992410e-02 -4.090394108440746634e-02 -4.843785859537413224e-02 -5.612645311695045602e-02 -6.384332055524316596e-02 -7.138238882553132880e-02 -7.843780003080598473e-02 -8.458439801177183859e-02 -8.926397252588233466e-02 -9.178602947130126699e-02 -9.135666300557866715e-02 -8.715314968042010835e-02 -7.846092250482712693e-02 -6.487662450926580393e-02 -4.654764558267159014e-02 -2.436709131761290517e-02
-7.397260355200096886e-03 -1.488780954912720042e-02 -2.256072295181198867e-02 -3.049603559944151152e-02 -3.875857980394840918e-02 -4.738990479211039469e-02 -5.639727223379423227e-02 -6.573887479312277848e-02 -7.530432095360600764e-02 -8.488947649105270388e-02 -9.416568602015409906e-02 -1.026447034234193451e-01 -1.096440064774092393e-01 -1.142628688594175407e-01 -1.153888653048517482e-01 -1.117662154866819191e-01 -1.021673057303858073e-01 -8.570090188279053112e-02 -6.224173218863232604e-02 -3.285956447726057217e-02
-8.236525886388974121e-03 -1.659549519347740948e-02 -2.519614437897487944e-02 -3.415061985865481403e-02 -4.355863293593489199e-02 -5.349977530093311118e-02 -6.402237544257369239e-02 -7.512740056119190935e-02 -8.674555038787683248e-02 -9.870544417976653828e-02 -1.106906976400057890e-01 -1.221846530729719521e-01 -1.324043869342690360e-01 -1.402324803530769493e-01 -1.441694429746684103e-01 -1.423547478503743302e-01 -1.327391681291355818e-01 -1.135140224281310090e-01 -8.385296647061818431e-02 -4.482282641803602558e-02
-8.953329624572830409e-03 -1.806146506558527209e-02 -2.747770769244819652e-02 -3.735164392487480556e-02 -4.782551587454127173e-02 -5.902812893535912264e-02 -7.106499157317772153e-02 -8.400271954595424362e-02 -9.784497004252287744e-02 -1.124959851434167157e-01 -1.277069189097741198e-01 -1.429987188731158820e-01 -1.575562438813641331e-01 -1.700926633784057840e-01 -1.786993885452836106e-01 -1.807363892779701720e-01 -1.729004410996651253e-01 -1.517233311312871924e-01 -1.147739439852232812e-01 -6.251153421730085147e-02
-9.515293520497755328e-03 -1.921929672188945476e-02 -2.930154066069756702e-02 -3.995271028453904055e-02 -5.136362457581027108e-02 -6.372216727974250317e-02 -7.720664467433936695e-02 -9.197344763122716760e-02 -1.081355394798309000e-01 -1.257265468259217978e-01 -1.446421792918967109e-01 -1.645469067479815584e-01 -1.847284881997316719e-01 -2.038786494769819213e-01 -2.197815901492968793e-01 -2.289311810987797180e-01 -2.262474007462721426e-01 -2.053983918691985600e-01 -1.605497664854420581e-01 -8.993020627438721992e-02
-9.888528027680660443e-03 -1.999882587910319781e-02 -3.055642742441474005e-02 -4.179400133887824914e-02 -5.395405866525693900e-02 -6.729019766556873505e-02 -8.206589653168573639e-02 -9.854880005712195190e-02 -1.169971370260591559e-01 -1.376324034238558258e-01 -1.605882258536096840e-01 -1.858176799403149504e-01 -2.129283082879658839e-01 -2.408892722114911733e-01 -2.675151583156540891e-01 -2.886095314481463281e-01 -2.968496843188057621e-01 -2.812788223004562549e-01 -2.294144307683721740e-01 -1.336202653187267275e-01
-1.003994926380299101e-02 -2.033102131306072785e-02 -3.113130065584541334e-02 -4.271278749277417769e-02 -5.536836296394426898e-02 -6.941859742663537836e-02 -8.521786064251174464e-02 -1.031586431190783942e-01 -1.236717296730899113e-01 -1.472176440113933948e-01 -1.742603544461183429e-01 -2.052050883231930356e-01 -2.402609826146407945e-01 -2.791350070364444491e-01 -3.203278857533463087e-01 -3.595899043496418312e-01 -3.872251746179222187e-01 -3.854904068253818816e-01 -3.303063084871855071e-01 -2.016487844727146150e-01
-9.940216506769253280e-03 -2.015397957642584351e-02 -3.092494633496744444e-02 -4.255745492523511225e-02 -5.538796902519853987e-02 -6.979789549559564654e-02 -8.622821469148346518e-02 -1.051961064463379364e-01 -1.273134400215789885e-01 -1.533059731766311384e-01 -1.840297029494749048e-01 -2.204741007573972900e-01 -2.637191677785413191e-01 -3.147257259744765112e-01 -3.735498563639899627e-01 -4.369754317197609983e-01 -4.933874091093122249e-01 -5.163654435598176162e-01 -4.646306296638782474e-01 -2.972952302409350156e-01
-9.566923244722193645e-03 -1.941969835873622735e-02 -2.985702780095521314e-02 -4.120409571161919721e-02 -5.382810737210786539e-02 -6.815673147986678337e-02 -8.470092150740493597e-02 -1.040840703538619683e-01 -1.270798978127023748e-01 -1.546629157613189365e-01 -1.880765314923586173e-01 -2.289241381318791735e-01 -2.792722570496796730e-01 -3.416417192145262960e-01 -4.182901589801671927e-01 -5.080589725362529840e-01 -5.983445746542066512e-01 -6.536460084963791051e-01 -6.124459608199069871e-01 -4.071937557392489859e-01
-8.907748495723722543e-03 -1.810085851431236445e-02 -2.787934629506697015e-02 -3.857376493063695289e-02 -5.056360088794720209e-02 -6.429991816554145312e-02 -8.033460470266955145e-02 -9.935929863765879944e-02 -1.222590979228196650e-01 -1.501889336162342270e-01 -1.846858944408248104e-01 -2.278383491625814994e-01 -2.825264866276473441e-01 -3.526217940369409942e-01 -4.424092247218213703e-01 -5.528851393700912054e-01 -6.713246333475740846e-01 -7.553818637933933378e-01 -7.269234972632278025e-01 -4.953569812977502429e-01
-7.963204235204565662e-03 -1.619660802016159931e-02 -2.498571462249217501e-02 -3.464799881569851497e-02 -4.555254900651019290e-02 -5.814468445620125936e-02 -7.297822084461319525e-02 -9.075937676633982765e-02 -1.124082016791426442e-01 -1.391474079064232150e-01 -1.726347127439553930e-01 -2.151651898389723983e-01 -2.699669067183451676e-01 -3.414817186433414253e-01 -4.348480847639051849e-01 -5.520275815256379115e-01 -6.805621175807060608e-01 -7.761332396748423790e-01 -7.552545286316540984e-01 -5.195352457277607749e-01
-6.748443342288124730e-03 -1.373663965143045486e-02 -2.121888871551465966e-02 -2.947993275001029381e-02 -3.885387303306658824e-02 -4.974798813112123186e-02 -6.267417973773554973e-02 -7.829174022325229021e-02 -9.746687681026890149e-02 -1.213573211069154667e-01 -1.515347622706696151e-01 -1.901633856642535314e-01 -2.402425565663523777e-01 -3.057929326976663309e-01 -3.912637641766390506e-01 -4.979138610774066498e-01 -6.137618389640306926e-01 -6.983864843146978529e-01 -6.771099761287399099e-01 -4.634228272017824612e-01
-5.293912606059649091e-03 -1.078261046613177010e-02 -1.667324540534680447e-02 -2.319895157206919301e-02 -3.063498840476397422e-02 -3.931916759978636849e-02 -4.967872950949776822e-02 -6.226650001215223995e-02 -7.781019804259751982e-02 -9.727985620453245830e-02 -1.219789277206200090e-01 -1.536627218810086015e-01 -1.946666627540831196e-01 -2.479125082108982192e-01 -3.162184327137104178e-01 -3.993185241207117264e-01 -4.863981197080197716e-01 -5.455393252368797574e-01 -5.208048871332044971e-01 -3.504422515585809417e-01
-3.644597032752111641e-03 -7.426621659172004744e-03 -1.149252469074706247e-02 -1.600762713126826359e-02 -2.116792648470119248e-02 -2.721493528182030927e-02 -3.445504125815062463e-02 -4.328529895357661333e-02 -5.422753958540948993e-02 -6.797271733504621494e-02 -8.543535836073683221e-02 -1.078110619481032623e-01 -1.366060642173827222e-01 -1.735222118797669633e-01 -2.198157635226064832e-01 -2.742209709173352716e-01 -3.283824419551417684e-01 -3.610289343402683371e-01 -3.374140945542757342e-01 -2.218266328842179169e-01
-1.857840502423984720e-03 -3.786766776547761428e-03 -5.862595635062511218e-03 -8.171093189685642993e-03 -1.081415081693295338e-02 -1.391756843271677729e-02 -1.764118069945252998e-02 -2.219210196628971718e-02 -2.784190873031343674e-02 -3.494798585715007400e-02 -4.397726181572859938e-02 -5.552516072951080989e-02 -7.030683258893165311e-02 -8.905299677914881029e-02 -1.121256097267872703e-01 -1.384687372489599999e-01 -1.635307165395387397e-01 -1.768722951937607424e-01 -1.624221633035768664e-01 -1.047467107744081694e-01
