-7.309188768412194434e-03 -1.451441495820997817e-02 -2.150495018633375929e-02 -2.815780680117373896e-02 -3.433477117823166558e-02 -3.988310443627585827e-02 -4.464072982647075694e-02 -4.844608327808155868e-02 -5.115178831332437698e-02 -5.264013084930859593e-02 -5.283730986783276296e-02 -5.172318770560615370e-02 -4.933408748334732613e-02 -4.575795611038102617e-02 -4.112326978801659344e-02 -3.558455308457218746e-02 -2.930783080072761962e-02 -2.245874282837977479e-02 -1.519492675195054099e-02 -7.663057381879650326e-03
-1.472234115078680655e-02 -2.924352332566172719e-02 -4.334758047993580998e-02 -5.679150723374811610e-02 -6.929817506241732483e-02 -8.055691795764698127e-02 -9.023373361639208667e-02 -9.799181628032653524e-02 -1.035209396672115284e-01 -1.065714251953788771e-01 -1.069859207295360964e-01 -1.047213541897471928e-01 -9.985520728742325325e-02 -9.257446930592998224e-02 -8.315057102283261725e-02 -7.190711341281633140e-02 -5.918802860761701590e-02 -4.533221537225053110e-02 -3.065790927234956706e-02 -1.545730387769424577e-02
-2.233665502348264331e-02 -4.438975697774119600e-02 -6.585034408427892227e-02 -8.636246677031814145e-02 -1.055095051320714405e-01 -1.228126608745654658e-01 -1.377454731297067525e-01 -1.497665109589061128e-01 -1.583687304837568255e-01 -1.631387096175916374e-01 -1.638135940895747988e-01 -1.603211023635435772e-01 -1.527909208776719874e-01 -1.415341452570119674e-01 -1.269974339254412166e-01 -1.097053019286714504e-01 -9.020495518903758059e-02 -6.902418362445676692e-02 -4.664719153922912420e-02 -2.350825141005674287e-02
-3.023452366874966601e-02 -6.012850860558375393e-02 -8.930157451625542198e-02 -1.172985112294741145e-01 -1.435647203926828375e-01 -1.674387495113289215e-01 -1.881689917032066672e-01 -2.049600286837149621e-01 -2.170487648456929375e-01 -2.238010914095701076e-01 -2.248086458846617341e-01 -2.199585438786360037e-01 -2.094532329063995835e-01 -1.937737619042388948e-01 -1.735997193285175599e-01 -1.497117080284595669e-01 -1.229023069090196679e-01 -9.391237503549439147e-02 -6.339842491434014016e-02 -3.192851204531518827e-02
-3.847293272927571062e-02 -7.658817981928611740e-02 -1.139289349716656324e-01 -1.499652823756007780e-01 -1.840121162858190940e-01 -2.152086265740183191e-01 -2.425317201520381660e-01 -2.648558499740176764e-01 -2.810652114763533271e-01 -2.902082445387842990e-01 -2.916613536069302959e-01 -2.852511955820295486e-01 -2.712897074112554652e-01 -2.505079537835224746e-01 -2.239159752056996133e-01 -1.926395040378147683e-01 -1.577801888231126215e-01 -1.203245852320327797e-01 -8.110562175647426097e-02 -4.080737345856277898e-02
-4.706902922755584057e-02 -9.382234453081307601e-02 -1.398607060029702642e-01 -1.846215676373664238e-01 -2.273098382050234012e-01 -2.668519207956636108e-01 -3.018934061876213382e-01 -3.308664169558692136e-01 -3.521479354824430530e-01 -3.643052454804833751e-01 -3.663772436008562172e-01 -3.580951089674646592e-01 -3.399464066984043686e-01 -3.130523544105901501e-01 -2.789167190156232046e-01 -2.391501455880240823e-01 -1.952543589625171661e-01 -1.485001583347878296e-01 -9.989210470883096160e-02 -5.019536189830176715e-02
-5.598084085246698288e-02 -1.117714652069838333e-01 -1.670699788878696745e-01 -2.213504435476122134e-01 -2.737537394892321507e-01 -3.229957592600148919e-01 -3.673233893541565931e-01 -4.045680168946971800e-01 -4.323539893632504794e-01 -4.484862831655374027e-01 -4.514458688270662212e-01 -4.408044295800415124e-01 -4.173477269258020206e-01 -3.828379936232449987e-01 -3.395482772151017237e-01 -2.897899690636564496e-01 -2.355869380852922412e-01 -1.785295851753431473e-01 -1.197672790344289362e-01 -6.008197045923238666e-02
-6.508287069702968497e-02 -1.302126986117924101e-01 -1.952973018572710107e-01 -2.599564675446069395e-01 -3.233587732097202294e-01 -3.840533394686574953e-01 -4.398342079196149723e-01 -4.877228071074114490e-01 -5.242032917256710389e-01 -5.458249419536510549e-01 -5.500989783723005955e-01 -5.363152715090750977e-01 -5.057934215566165514e-01 -4.613994874583042805e-01 -4.066469362068225180e-01 -3.448741109739210109e-01 -2.787737584167481186e-01 -2.102639565742425165e-01 -1.405654562830982446e-01 -7.036524262236212857e-02
-7.413794401121480415e-02 -1.486991555628998651e-01 -2.239500365478060417e-01 -2.998191244143895706e-01 -3.756702169144164882e-01 -4.500187679059584056e-01 -5.202178665460294171e-01 -5.822368064118459419e-01 -6.308181263996279764e-01 -6.603762846497895911e-01 -6.666619157259395800e-01 -6.484413370323750536e-01 -6.080337715437197366e-01 -5.502826263840394638e-01 -4.807524893159675905e-01 -4.042821138988291763e-01 -3.243692687656589690e-01 -2.431869100683153873e-01 -1.618653347423923139e-01 -8.081354325933358396e-02
-8.276974844320356128e-02 -1.664959238697202581e-01 -2.519843617721197471e-01 -3.396982142312139352e-01 -4.294751489340750128e-01 -5.200939802479387364e-01 -6.086499760598113040e-01 -6.898569574317752195e-01 -7.558237744637208433e-01 -7.972856884523465970e-01 -8.067285849498303518e-01 -7.819213289871357331e-01 -7.270929210476904103e-01 -6.506941663233033468e-01 -5.617075727915554761e-01 -4.671077010782964112e-01 -3.712291198654728008e-01 -2.762482673705484726e-01 -1.828953328075791085e-01 -9.102358728603912597e-02
-9.044511774993310715e-02 -1.825303245531858520e-01 -2.777922184756804191e-01 -3.775061696935492206e-01 -4.823916501121503497e-01 -5.920282091190393059e-01 -7.037544412251619530e-01 -8.110143776630174273e-01 -9.020856895245104035e-01 -9.615161326479328974e-01 -9.758952873526235416e-01 -9.411427008551132012e-01 -8.650264147003826620e-01 -7.624061358356364337e-01 -6.478099118522364641e-01 -5.310841233857793720e-01 -4.171646459103527382e-01 -3.076775149053849190e-01 -2.024436409003989579e-01 -1.003854273853022894e-01
-9.648036688853649234e-02 -1.953876291577193725e-01 -2.991439042250804148e-01 -4.101112281418678451e-01 -5.303758320538897175e-01 -6.610790064087384010e-01 -8.006900262165665971e-01 -9.417287068932364003e-01 -1.067337065640315608e+00 -1.152502190097867807e+00 -1.174137243004010012e+00 -1.125060747187831112e+00 -1.018964655175102596e+00 -8.810803924247503360e-01 -7.342269357752235770e-01 -5.917562293814893071e-01 -4.585642369574230437e-01 -3.348371739192652075e-01 -2.188143362439167738e-01 -1.080743044657493518e-01
-1.000886301570252795e-01 -2.033947136256514521e-01 -3.132723929942572982e-01 -4.333263975840607740e-01 -5.673863898295561370e-01 -7.188786789887469109e-01 -8.884185926960692647e-01 -1.068295734127368446e+00 -1.235683212484466553e+00 -1.353007300149026149e+00 -1.383881604983509650e+00 -1.316795344594774653e+00 -1.173696039607428077e+00 -9.939229210178063267e-01 -8.109034631865355003e-01 -6.416794383472731456e-01 -4.901930880202008400e-01 -3.542443890292537034e-01 -2.298964633521588530e-01 -1.130969324965946099e-01
-1.004792372130313971e-01 -2.048274998637416300e-01 -3.171973664925242242e-01 -4.423283277657276136e-01 -5.857672736194421415e-01 -7.533868179549586541e-01 -9.484009012769956115e-01 -1.163540675989723550e+00 -1.370512553992156768e+00 -1.519093738914323977e+00 -1.559085465326386810e+00 -1.474434043569506469e+00 -1.295739075311683974e+00 -1.076889568754945126e+00 -8.617947273682955434e-01 -6.705749208392478566e-01 -5.055999217710638316e-01 -3.619429221576959677e-01 -2.334172988982115837e-01 -1.144157945978004493e-01
-9.700047486637543293e-02 -1.982340958242605755e-01 -3.083151177431690537e-01 -4.326706890549011364e-01 -5.779363278636755474e-01 -7.516046660389870127e-01 -9.587248987922949439e-01 -1.192631410230889033e+00 -1.421947431559351882e+00 -1.588728800393241825e+00 -1.634158116504078384e+00 -1.539327854646561189e+00 -1.340270913384652429e+00 -1.099913128162991693e+00 -8.684714493492371457e-01 -6.676443566456556900e-01 -4.985277980805741804e-01 -3.543270194954711294e-01 -2.273921361321585011e-01 -1.111469661565647610e-01
-8.928812255440492229e-02 -1.827873924683641182e-01 -2.850989972912352788e-01 -4.016508589861152445e-01 -5.390906159448045631e-01 -7.049311197636675130e-01 -9.042851317256478394e-01 -1.130738097528762642e+00 -1.353588285516884149e+00 -1.516043579429496635e+00 -1.560441679643167268e+00 -1.468247690856044674e+00 -1.274791298446897203e+00 -1.041765057225726876e+00 -8.183779825835822974e-01 -6.258260586497716993e-01 -4.650469551301448790e-01 -3.292098126754426368e-01 -2.106491230879730392e-01 -1.027773853864570042e-01
-7.736419101574387724e-02 -1.585226033465524653e-01 -2.475847930972602806e-01 -3.493023959249174637e-01 -4.692978826170273177e-01 -6.135927002745547032e-01 -7.857254892825813464e-01 -9.792803257362714398e-01 -1.167887791038057843e+00 -1.304384505720644905e+00 -1.341549126379071755e+00 -1.264279368178746310e+00 -1.101380440549755146e+00 -9.035422423268568703e-01 -7.119525624767794048e-01 -5.452385167281262879e-01 -4.051688145297461241e-01 -2.865866740603477125e-01 -1.831897293915254188e-01 -8.931096862270794523e-02
-6.164571930354479506e-02 -1.263497870405007051e-01 -1.973724427022435779e-01 -2.783503629982398420e-01 -3.733242340880369436e-01 -4.861759549103985556e-01 -6.183870140704175178e-01 -7.639235538380385604e-01 -9.029590086821814854e-01 -1.002123216287400087e+00 -1.028877000290244981e+00 -9.729135484835182979e-01 -8.539122215031708096e-01 -7.070222064320099697e-01 -5.618105237969210908e-01 -4.328365891122415432e-01 -3.227276828886023741e-01 -2.286087639302724073e-01 -1.461918827427999001e-01 -7.127492484856426391e-02
-4.286872156001708678e-02 -8.785600508186949820e-02 -1.371808926457312172e-01 -1.932199425767044398e-01 -2.584187440351246590e-01 -3.347839274335849269e-01 -4.223987931204214452e-01 -5.165026575014685095e-01 -6.043301643532335010e-01 -6.658781196548635428e-01 -6.822882953357011226e-01 -6.476624144822734630e-01 -5.732767792425276232e-01 -4.796680662637221593e-01 -3.848767100493503124e-01 -2.986735671650737056e-01 -2.236941489896825952e-01 -1.588338280759042931e-01 -1.016827619166246616e-01 -4.959582115774743838e-02
-2.197308837943397902e-02 -4.502360868952266088e-02 -7.026501853843568346e-02 -9.885230261223543202e-02 -1.318993142955572906e-01 -1.701821471654465789e-01 -2.134144188076131099e-01 -2.589821442166537757e-01 -3.007402285067137804e-01 -3.295925363286411058e-01 -3.372093375682688188e-01 -3.210144651130757976e-01 -2.859381954412421600e-01 -2.411161315822142326e-01 -1.948731190702630567e-01 -1.520570616840006550e-01 -1.142857137536053141e-01 -8.130930471375154289e-02 -5.210469492665441293e-02 -2.542516385635699636e-02
