-3.443099391753590751e-03 -7.034755809030059266e-03 -1.093547633006705828e-02 -1.533116562659073145e-02 -2.044982106451697160e-02 -2.658373306727219304e-02 -3.412010108726554192e-02 -4.358408046549959447e-02 -5.569893304929514344e-02 -7.146669752100917594e-02 -9.226094891269809306e-02 -1.198651658481195426e-01 -1.561949253602874232e-01 -2.020578195702121549e-01 -2.542399722275786034e-01 -3.018729035216138334e-01 -3.263852808482153867e-01 -3.091675722806024318e-01 -2.428514589711760763e-01 -1.349724221100657984e-01
-6.737627768038622657e-03 -1.376043662165696811e-02 -2.137597544666395080e-02 -2.993934911986774819e-02 -3.988437877154257793e-02 -5.176498501762422100e-02 -6.631254943552487846e-02 -8.451716143920195989e-02 -1.077434947191916320e-01 -1.378924824193695498e-01 -1.776030820726806903e-01 -2.303819563970596340e-01 -3.001554625731435166e-01 -3.889153541927519719e-01 -4.908950775392140753e-01 -5.850490607699015966e-01 -6.346115243807974871e-01 -6.024150680775135491e-01 -4.737574069112969744e-01 -2.636568158150617291e-01
-9.746967314927674694e-03 -1.989335764351067570e-02 -3.086862621888288027e-02 -4.316587363554695578e-02 -5.738333449746105958e-02 -7.427925150610337202e-02 -9.484790390499540924e-02 -1.204282489527382233e-01 -1.528622130311315663e-01 -1.947251964702872984e-01 -2.496393639483179827e-01 -3.225449673680937379e-01 -4.192347942246272274e-01 -5.431722467808000054e-01 -6.870734419755654132e-01 -8.215600894956052169e-01 -8.939024836427861276e-01 -8.502359582770352420e-01 -6.693364710387473826e-01 -3.730502060545526355e-01
-1.235685521377642010e-02 -2.519738726947114843e-02 -3.903928487754451671e-02 -5.447216820567228612e-02 -7.220382242221902447e-02 -9.312074863342922892e-02 -1.183714727909497555e-01 -1.494852998055321014e-01 -1.885466308158225135e-01 -2.384546342548438946e-01 -3.032912074015938209e-01 -3.886753361718929822e-01 -5.013148745631901271e-01 -6.454044603925621626e-01 -8.127612586908170567e-01 -9.692527244332537206e-01 -1.052999518643928045e+00 -1.000569755260523497e+00 -7.871340641916175773e-01 -4.386988937715970982e-01
-1.448305620763182949e-02 -2.950001758868501037e-02 -4.561895126177200471e-02 -6.347969544219793370e-02 -8.383902056524963897e-02 -1.076284162905465080e-01 -1.360318686453999282e-01 -1.705942986383665871e-01 -2.133777847484240875e-01 -2.671901835646086631e-01 -3.359026469639310175e-01 -4.247307499566608802e-01 -5.397162624309930212e-01 -6.841646145195214856e-01 -8.491124092051700600e-01 -1.000380936768409557e+00 -1.077151933230012348e+00 -1.017567504803085665e+00 -7.976956516387898599e-01 -4.434919058102025913e-01
-1.607532714514082334e-02 -3.270065977792756262e-02 -5.045678347541346365e-02 -6.998862512749941256e-02 -9.204411589141943406e-02 -1.175219906200953290e-01 -1.475331840108415060e-01 -1.834817253101556911e-01 -2.271737139956267748e-01 -2.809635464170498476e-01 -3.479298932480057172e-01 -4.319484765813280669e-01 -5.370302130212553093e-01 -6.642065147793395630e-01 -8.038905928693811376e-01 -9.260490086743304872e-01 -9.799313937060856183e-01 -9.150505534228050575e-01 -7.123195258501645588e-01 -3.939186828375946248e-01
-1.711757578536621943e-02 -3.477048610043206173e-02 -5.351887126267308031e-02 -7.397388063928211910e-02 -9.682677300389717912e-02 -1.228821933577789044e-01 -1.530970668516803967e-01 -1.886253192139289991e-01 -2.308672486958921743e-01 -2.815156141254464006e-01 -3.425672423142580580e-01 -4.161715840459238591e-01 -5.038728680769213319e-01 -6.042000471271226081e-01 -7.075554139019374356e-01 -7.903151825125307450e-01 -8.157543726302382003e-01 -7.487576885841866758e-01 -5.766804016759029539e-01 -3.163455840376686035e-01
-1.762447111621177204e-02 -3.574480886646557581e-02 -5.487429463264317103e-02 -7.556122003371698592e-02 -9.840681994620922857e-02 -1.240828698801002827e-01 -1.533474721812667363e-01 -1.870549849557491262e-01 -2.261518244117132759e-01 -2.716399326121858859e-01 -3.244673809284681076e-01 -3.852426623867465927e-01 -4.535137821101081768e-01 -5.261212928485126117e-01 -5.943216495914909192e-01 -6.410651661915712785e-01 -6.425635529627716780e-01 -5.774069119885595347e-01 -4.386577759823881983e-01 -2.382365829411327018e-01
-1.763548034462329023e-02 -3.570996802387523678e-02 -5.467223858816704085e-02 -7.498983836986482243e-02 -9.715635137635483809e-02 -1.216949146935243226e-01 -1.491548823003751301e-01 -1.800952029831849321e-01 -2.150440443510000521e-01 -2.544147331320447125e-01 -2.983432468659287240e-01 -3.463809533188013101e-01 -3.969234862434888322e-01 -4.462201231252296285e-01 -4.870189203232677122e-01 -5.077277907138364466e-01 -4.940189480516088416e-01 -4.340419187570988546e-01 -3.247741469293122796e-01 -1.745278659580237479e-01
-1.720746920226257082e-02 -3.478732594192551764e-02 -5.311481757801484599e-02 -7.256951330584539284e-02 -9.353374843010237027e-02 -1.163854907249365911e-01 -1.414818354610740958e-01 -1.691268277954851851e-01 -1.995140213370759086e-01 -2.326284718949471475e-01 -2.680858536846345563e-01 -3.048772156283943158e-01 -3.409842578316405470e-01 -3.728613365147102621e-01 -3.949325718777109140e-01 -3.996007586881772378e-01 -3.785560736178949504e-01 -3.256518748573333233e-01 -2.400875670370354320e-01 -1.277508184135214553e-01
-1.640704633524181152e-02 -3.311702764235752855e-02 -5.043016899550101240e-02 -6.863961996365844365e-02 -8.802359092929196160e-02 -1.088313992332836377e-01 -1.312600543694398547e-01 -1.554161696660274206e-01 -1.812565914349866247e-01 -2.084984290551097352e-01 -2.364886753136830055e-01 -2.640250764532347527e-01 -2.891333862865937965e-01 -3.088430544575030967e-01 -3.190895714629056190e-01 -3.149956601282279944e-01 -2.918149827197449864e-01 -2.465155028487677202e-01 -1.793700412923022458e-01 -9.463896861211051892e-02
-1.530366201581893210e-02 -3.084354060660316962e-02 -4.684917684691694562e-02 -6.353517788119331100e-02 -8.108953735489193848e-02 -9.965640746525469829e-02 -1.193107233565088160e-01 -1.400211402275208794e-01 -1.615976263345982877e-01 -1.836197637244263436e-01 -2.053441815444849994e-01 -2.255950455514666164e-01 -2.426555414527764298e-01 -2.542039455144414761e-01 -2.573777577006887696e-01 -2.490820842764201737e-01 -2.266266604731869416e-01 -1.886106266322783998e-01 -1.357324701250664234e-01 -7.111955389620272516e-02
-1.396404010141461850e-02 -2.810425049920511203e-02 -4.258778551144467434e-02 -5.756234708989953208e-02 -7.314291110028087184e-02 -8.939390430548374566e-02 -1.063052028736302529e-01 -1.237599646129824149e-01 -1.414929237456346023e-01 -1.590387092604699237e-01 -1.756729954589566212e-01 -1.903544802817318804e-01 -2.016861972689051874e-01 -2.079279019615442314e-01 -2.071067729850476491e-01 -1.972741462712313820e-01 -1.769215097478147314e-01 -1.454837918496782179e-01 -1.037604928331863630e-01 -5.406363252239629325e-02
-1.244821342831313980e-02 -2.502159327156189619e-02 -3.783531996546541515e-02 -5.098348530215681546e-02 -6.452580035939564640e-02 -7.847102619678505975e-02 -9.275613254728448664e-02 -1.072205263240308265e-01 -1.215753192261892490e-01 -1.353691007753052844e-01 -1.479544907485709215e-01 -1.584635366661321099e-01 -1.658064094264029009e-01 -1.687134405334446141e-01 -1.658442717707907244e-01 -1.559805533034936686e-01 -1.382933495755954423e-01 -1.126337789249174243e-01 -7.975486528673401965e-02 -4.136999640618163609e-02
-1.080719701746003791e-02 -2.169855525527941351e-02 -3.274838096755275374e-02 -4.401043170826122314e-02 -5.550572877649468523e-02 -6.720818371763220833e-02 -7.902769517718580272e-02 -9.079063019447279614e-02 -1.022186653338448964e-01 -1.129078478245356676e-01 -1.223122573757906284e-01 -1.297386906582015664e-01 -1.343623811478738272e-01 -1.352750304507054635e-01 -1.315760625821370822e-01 -1.225099586762136705e-01 -1.076368960106733608e-01 -8.700236992560249349e-02 -6.125461741742885269e-02 -3.166111834533098801e-02
-9.081997275170726122e-03 -1.821703520442719687e-02 -2.744920107261169390e-02 -3.680410973790461393e-02 -4.627844933656876519e-02 -5.582823412790653694e-02 -6.535574518593423310e-02 -7.469557976714089054e-02 -8.360081093742324776e-02 -9.173133874755488859e-02 -9.864792212601969368e-02 -1.038165259469529256e-01 -1.066293015580359604e-01 -1.064481669425473009e-01 -1.026749332641711532e-01 -9.484624865471348587e-02 -8.274184141383432445e-02 -6.648411319091868110e-02 -4.660006367209017231e-02 -2.401983128590788955e-02
-7.303733949872487710e-03 -1.463837183907755815e-02 -2.202726256077888398e-02 -2.947834321260473650e-02 -3.697569838124296904e-02 -4.447049165076182725e-02 -5.187140663459081924e-02 -5.903506979304275898e-02 -6.575759475423829936e-02 -7.176874162177111771e-02 -7.673150945015144719e-02 -8.025011210204179013e-02 -8.189007493693921391e-02 -8.121333604954014684e-02 -7.782921987367123762e-02 -7.145823318040227246e-02 -6.200009323841297604e-02 -4.959216563681610040e-02 -3.464168721618342967e-02 -1.781814043754034391e-02
-5.494555452832054765e-03 -1.100543925638860013e-02 -1.654312771165864990e-02 -2.210629430430156167e-02 -2.767548992622497969e-02 -3.320659353893162802e-02 -3.862425238103029540e-02 -4.381566047262796387e-02 -4.862569359738274505e-02 -5.285446977202083729e-02 -5.625919822388262409e-02 -5.856226340981147277e-02 -5.946747387556398229e-02 -5.868581703062795973e-02 -5.597032502678347954e-02 -5.115731925212590320e-02 -4.420810498198524813e-02 -3.524273602551924317e-02 -2.455637534796368052e-02 -1.261103344927455051e-02
-3.669042095373413123e-03 -7.345661675304401665e-03 -1.103349503675633662e-02 -1.472820953826399146e-02 -1.841334865839678453e-02 -2.205611823258043711e-02 -2.560330094450226010e-02 -2.897758339881427794e-02 -3.207501206394711146e-02 -3.476420478554038268e-02 -3.688852119737909968e-02 -3.827223274300878969e-02 -3.873170873810927173e-02 -3.809210331358277996e-02 -3.620892687351977973e-02 -3.299258603073104007e-02 -2.843225822249034404e-02 -2.261427559545905672e-02 -1.573003732375271788e-02 -8.069613691524445132e-03
-1.835923277831562599e-03 -3.674642941216665470e-03 -5.516957656509746157e-03 -7.359688022546513782e-03 -9.193570682445991946e-03 -1.100122597253185529e-02 -1.275521941236010780e-02 -1.441633820099200679e-02 -1.593253655630434695e-02 -1.723879626808460033e-02 -1.825843385187308349e-02 -1.890641916728882585e-02 -1.909501560816426885e-02 -1.874194552808414183e-02 -1.778067270180553466e-02 -1.617182570727032989e-02 -1.391403312012036604e-02 -1.105204767931055113e-02 -7.679864698268126268e-03 -3.937371204709477074e-03
