-1.546190631024049224e-02 -3.140293840466094194e-02 -4.829771179615386517e-02 -6.660195206874895690e-02 -8.671546488288579824e-02 -1.089042342557131060e-01 -1.331573228013012700e-01 -1.589550256915128468e-01 -1.849586292019843592e-01 -2.087441455431313653e-01 -2.268887941707919964e-01 -2.357622021228149567e-01 -2.329296434903322111e-01 -2.183228197592302078e-01 -1.942270814673189294e-01 -1.640937548073427843e-01 -1.311354858398019740e-01 -9.754174271600986323e-02 -6.439909200540078205e-02 -3.196569364020645371e-02
-3.044470703832725597e-02 -6.185215645249655947e-02 -9.518596750651861504e-02 -1.313946003193244283e-01 -1.713551535919929369e-01 -2.157406118291312902e-01 -2.647513752809769749e-01 -3.176297719232313854e-01 -3.719105291898485710e-01 -4.226140355435930585e-01 -4.621540965512720978e-01 -4.820523122719960196e-01 -4.764577571329624561e-01 -4.452449214497440355e-01 -3.939815231969903686e-01 -3.307906045595179201e-01 -2.628333200659341284e-01 -1.946141138359574752e-01 -1.280854604691958887e-01 -6.346317846597804291e-02
-4.446479205260115558e-02 -9.037504634148352256e-02 -1.391994274121927666e-01 -1.924350521367906852e-01 -2.515674227069780722e-01 -3.179340012414407779e-01 -3.923848234365314713e-01 -4.745313886396781977e-01 -5.613189522561304878e-01 -6.450794037389290247e-01 -7.126009165251496746e-01 -7.479624233438371128e-01 -7.397425691854894181e-01 -6.877827142686920858e-01 -6.031198914934455813e-01 -5.011479366642753730e-01 -3.944286035980763550e-01 -2.899048636896763842e-01 -1.898482020855316310e-01 -9.379908524805298520e-02
-5.703943566066777687e-02 -1.159838037781079079e-01 -1.788015753609357439e-01 -2.475777150224715006e-01 -3.245358596376943239e-01 -4.119763579653793473e-01 -5.119711614285907819e-01 -6.253908366620353210e-01 -7.495192514829501773e-01 -8.740794953615034224e-01 -9.783523370811986197e-01 -1.035261021878802312e+00 -1.024616818295587262e+00 -9.462642789093885787e-01 -8.199553164958817142e-01 -6.720735957804940819e-01 -5.224509666937223740e-01 -3.803844448166691650e-01 -2.475382440333560585e-01 -1.218756040477374653e-01
-6.770914055174104274e-02 -1.377191579602698446e-01 -2.124451150621737283e-01 -2.945353722457764167e-01 -3.869944087679947353e-01 -4.932730854632887962e-01 -6.171260440870016684e-01 -7.615277563236642067e-01 -9.251553872648692334e-01 -1.095568129833522697e+00 -1.243183761154205813e+00 -1.326538504823095765e+00 -1.313746609620436878e+00 -1.204693682085748785e+00 -1.030828608966140925e+00 -8.327687595984322178e-01 -6.389717643717705009e-01 -4.606580072211198251e-01 -2.978580686983198222e-01 -1.461383102285619406e-01
-7.607797145779365833e-02 -1.547385233767789026e-01 -2.387238254971802698e-01 -3.311177190228745126e-01 -4.355734707733731614e-01 -5.565800028794685161e-01 -6.995463075454697588e-01 -8.697226574265199961e-01 -1.067660820328601323e+00 -1.279488288625989512e+00 -1.467426313098291413e+00 -1.575910865141581851e+00 -1.561348817139596168e+00 -1.423683935585723370e+00 -1.206104229648214288e+00 -9.632050163851754165e-01 -7.314416101041377738e-01 -5.232772533940880377e-01 -3.366923630252472432e-01 -1.647613702813612580e-01
-8.186422334662499245e-02 -1.664330957567444758e-01 -2.565930900635376988e-01 -3.556274799664979058e-01 -4.675032526885971595e-01 -5.972431321971454210e-01 -7.511583157583999748e-01 -9.358080479227408599e-01 -1.152909145987748518e+00 -1.387929373550393919e+00 -1.598527992990482982e+00 -1.721081238496597665e+00 -1.705238468145309882e+00 -1.550979768758192101e+00 -1.308274339978031220e+00 -1.039713008949324280e+00 -7.862089925223452180e-01 -5.607934987314783237e-01 -3.602054579995563333e-01 -1.761190195454571950e-01
-8.494582931737024167e-02 -1.725365115216191125e-01 -2.655868796325367986e-01 -3.672824824483088557e-01 -4.814459537768719932e-01 -6.128774022943230815e-01 -7.675457451892887528e-01 -9.515385321948955921e-01 -1.166122577055866749e+00 -1.396796877653559532e+00 -1.602306317444898820e+00 -1.721079627711664894e+00 -1.704516592517095086e+00 -1.552582842209311753e+00 -1.313482456516544383e+00 -1.047765882908649360e+00 -7.952891123471851342e-01 -5.690854816682904271e-01 -3.663842617517455436e-01 -1.793896886858067363e-01
-8.538260457245315516e-02 -1.731802013243431693e-01 -2.659344417340779865e-01 -3.664569606604304308e-01 -4.780043806411810037e-01 -6.044673703135259313e-01 -7.503615653192187152e-01 -9.197424971644070357e-01 -1.112056781898398405e+00 -1.313540146145834697e+00 -1.489099936385386735e+00 -1.588182700124266988e+00 -1.571445073783363178e+00 -1.438794476363356667e+00 -1.229131295530887291e+00 -9.920690960276467019e-01 -7.614491836646313239e-01 -5.497160503509599394e-01 -3.560687667142082846e-01 -1.749423868283271899e-01
-8.340439158384470308e-02 -1.688672293904661947e-01 -2.585130027856473167e-01 -3.545974664593848913e-01 -4.595638501531105757e-01 -5.760472100991499422e-01 -7.066452172236649121e-01 -8.528697140276846334e-01 -1.012116853845380637e+00 -1.172104827258300341e+00 -1.306292493726610937e+00 -1.378770571511293008e+00 -1.362317551076396738e+00 -1.256774359047377443e+00 -1.088875506351177025e+00 -8.937119250322163033e-01 -6.967858156124622226e-01 -5.092785752127696464e-01 -3.326675934879742558e-01 -1.642300127000982102e-01
-7.936774393742450362e-02 -1.603713161824963651e-01 -2.446524862480979612e-01 -3.338511509105395181e-01 -4.295610335492774934e-01 -5.331977687324823689e-01 -6.456470688198086005e-01 -7.663736965680399971e-01 -8.914848058520735696e-01 -1.010755396689074548e+00 -1.105792678295651532e+00 -1.153743864376163719e+00 -1.137933844976674047e+00 -1.058161094641275835e+00 -9.306040830168649247e-01 -7.774306568669746564e-01 -6.162153712088126456e-01 -4.563238716641760950e-01 -3.007860775935949915e-01 -1.492660117673536013e-01
-7.369526988915592325e-02 -1.485978152672083885e-01 -2.258743369918424782e-01 -3.065916177702447398e-01 -3.916127388113873065e-01 -4.814061824888564156e-01 -5.756895861495018307e-01 -6.727735492186086574e-01 -7.684725274279990970e-01 -8.548030007289321164e-01 -9.196619109013162152e-01 -9.494010359406405142e-01 -9.345176354610920111e-01 -8.748017915846377779e-01 -7.792916296608036753e-01 -6.610795398208439977e-01 -5.316477523229559132e-01 -3.983475816963559790e-01 -2.647603726374527233e-01 -1.320298128172472940e-01
-6.681553682642872583e-02 -1.344503539176740425e-01 -2.036554135426953682e-01 -2.750276558383211167e-01 -3.488863496509715389e-01 -4.250842056283352655e-01 -5.027185851731310606e-01 -5.797089576280678447e-01 -6.522610665484748216e-01 -7.144387263390170606e-01 -7.584318615472700476e-01 -7.762256137702430170e-01 -7.625044427805867109e-01 -7.170760457659629550e-01 -6.448535364003706860e-01 -5.534144628852259995e-01 -4.501135220751941168e-01 -3.404497249654112601e-01 -2.278385403153753153e-01 -1.140871999405642656e-01
-5.911653801725361840e-02 -1.187326916609287436e-01 -1.792693269060053607e-01 -2.409771532046973974e-01 -3.038194572782874636e-01 -3.673161978986433929e-01 -4.303411924929292920e-01 -4.908815686949733470e-01 -5.458161300780138836e-01 -5.908659751306526431e-01 -6.209816247133770339e-01 -6.313793371182339076e-01 -6.190187856532367583e-01 -5.837386477592615419e-01 -5.282522389700786691e-01 -4.570113655654292617e-01 -3.747444619594070825e-01 -2.854498622614550229e-01 -1.920475240303506914e-01 -9.647910375521286108e-02
-5.091794325669406901e-02 -1.020945705359793815e-01 -1.537120893205776717e-01 -2.057921855079751505e-01 -2.580979282976066935e-01 -3.100182509580515222e-01 -3.604394095341396653e-01 -4.076239329567008518e-01 -4.491468291442774485e-01 -4.819774380197406893e-01 -5.028150963141078122e-01 -5.087195743349639532e-01 -4.978820692561425343e-01 -4.701757592974472599e-01 -4.271578002461951518e-01 -3.715266390585094114e-01 -3.063676354187243600e-01 -2.345488689101376256e-01 -1.584209244354440049e-01 -7.978145195363274544e-02
-4.246066968168957234e-02 -8.501557891910183073e-02 -1.276923055826903741e-01 -1.703816091350793260e-01 -2.127618271949661133e-01 -2.542192886624243253e-01 -2.937730722871280120e-01 -3.300230765125720667e-01 -3.611550284102841846e-01 -3.850479097564443731e-01 -3.995227310759117412e-01 -4.027240702302838371e-01 -3.935365728849791744e-01 -3.718658182318271277e-01 -3.386429184957671645e-01 -2.955551403854841386e-01 -2.446457864625419532e-01 -1.879558847572520841e-01 -1.273056635054550800e-01 -6.422576508362837222e-02
-3.390915882136785742e-02 -6.781478296522643057e-02 -1.016599627023888480e-01 -1.352801596668042894e-01 -1.683485176550479079e-01 -2.003240339916354251e-01 -2.304104446620303115e-01 -2.575398270047350446e-01 -2.804008454381066717e-01 -2.975329985369370989e-01 -3.074978299104918489e-01 -3.091094154259486082e-01 -3.016663760231960145e-01 -2.851019856324819024e-01 -2.599894952151579619e-01 -2.274037348751354326e-01 -1.887040555305946887e-01 -1.453231349809948059e-01 -9.862010045971920935e-02 -4.981596102135658205e-02
-2.536118050808735397e-02 -5.067443571351607640e-02 -7.585262287410800275e-02 -1.007305826112851604e-01 -1.250281011150908284e-01 -1.483179369080090404e-01 -1.700048913863804745e-01 -1.893249738426625306e-01 -2.053754782290572178e-01 -2.171852216927387114e-01 -2.238257595224850127e-01 -2.245488235956463741e-01 -2.189169397040833243e-01 -2.068858274538298014e-01 -1.888091193766464893e-01 -1.653661883224130935e-01 -1.374435867976582792e-01 -1.060125349657608934e-01 -7.203567466139958186e-02 -3.641799228884752548e-02
-1.686112719951835676e-02 -3.366915692865998094e-02 -5.034552899662427666e-02 -6.676147559985683155e-02 -8.271540508093230826e-02 -9.791474799094505854e-02 -1.119662447370371045e-01 -1.243797264625393223e-01 -1.345909091239192445e-01 -1.420066713099434608e-01 -1.460711762253264490e-01 -1.463431654070567189e-01 -1.425667200136790103e-01 -1.347152560064572846e-01 -1.229949859913763294e-01 -1.078083348316550838e-01 -8.969160015217617077e-02 -6.924774748656203904e-02 -4.709207338963806999e-02 -2.382032741746039489e-02
-8.414168453897436645e-03 -1.679554887914585376e-02 -2.509886932603687740e-02 -3.325441202084428866e-02 -4.115730606896766258e-02 -4.865941830200357088e-02 -5.556561295999144084e-02 -6.163678217641702095e-02 -6.660177401262409869e-02 -7.017939386779058208e-02 -7.210913291441260753e-02 -7.218595942188560377e-02 -7.029154780620548715e-02 -6.641351508535800474e-02 -6.064727015424087320e-02 -5.318058477737933748e-02 -4.426673827026004343e-02 -3.419475644384166457e-02 -2.326451754356395965e-02 -1.177121644718541124e-02
