-1.811588114648933837e-02 -3.681129347295476750e-02 -5.665291402851036634e-02 -7.816558080230148753e-02 -1.017667125975023068e-01 -1.276355327505471204e-01 -1.554832240456961445e-01 -1.842101924911269950e-01 -2.115398809897936772e-01 -2.339402530211290854e-01 -2.472982965325176419e-01 -2.484455020552281401e-01 -2.367137182192745326e-01 -2.142748937851275959e-01 -1.849587872216433004e-01 -1.525593366299901332e-01 -1.197674488424550765e-01 -8.798521526808304738e-02 -5.762280847207081058e-02 -2.847339638849753427e-02
-3.565222455884813763e-02 -7.247637468430750962e-02 -1.116347337122722688e-01 -1.542422569275059552e-01 -2.012622880873060904e-01 -2.532728807060412590e-01 -3.100053940440776201e-01 -3.695553217117443778e-01 -4.273711670728211343e-01 -4.757469812752035954e-01 -5.051643989025993431e-01 -5.080296372732947541e-01 -4.827370747410404395e-01 -4.345764985113702572e-01 -3.726084790009471792e-01 -3.053738736958709343e-01 -2.384888859929230609e-01 -1.745433099933736409e-01 -1.140315235023224849e-01 -5.627064555397361806e-02
-5.201663012787632184e-02 -1.058072411744602898e-01 -1.631671777007833446e-01 -2.259042443579316606e-01 -2.957510808696767746e-01 -3.740975584217048344e-01 -4.613260104884621682e-01 -5.554023018547203927e-01 -6.496461227409843220e-01 -7.309889139774072842e-01 -7.818650730836196328e-01 -7.875968779288154975e-01 -7.450645886851280375e-01 -6.646903358877769286e-01 -5.636813891719846259e-01 -4.571940694196164334e-01 -3.541000277621464409e-01 -2.576332835041740821e-01 -1.676840943439832088e-01 -8.257705833496632730e-02
-6.660704702001564448e-02 -1.355687100650377619e-01 -2.093216834654960390e-01 -2.904486409259679491e-01 -3.816823502401384127e-01 -4.857170379313895947e-01 -6.044309686148221505e-01 -7.366940766518685901e-01 -8.741529335993564187e-01 -9.970310842902065929e-01 -1.076230114942744231e+00 -1.086320706052485985e+00 -1.021862385174193255e+00 -9.012132062635199725e-01 -7.536689660625123244e-01 -6.033252682565550806e-01 -4.624752185429059081e-01 -3.340833664114701840e-01 -2.164758748331209737e-01 -1.063513098812942093e-01
-7.884281489996464165e-02 -1.605387138743116782e-01 -2.481000283445189691e-01 -3.448651006491871840e-01 -4.546563885909176705e-01 -5.817848452878026100e-01 -7.302947588838794024e-01 -9.009471174857545117e-01 -1.084442622087379737e+00 -1.253669490396349451e+00 -1.365530600671616357e+00 -1.381027540839505408e+00 -1.291767039128365990e+00 -1.126233812975507176e+00 -9.287394586741259950e-01 -7.337662184268026744e-01 -5.567492937847997592e-01 -3.994188759556860369e-01 -2.577343940778798470e-01 -1.263464733868163159e-01
-8.822548803847744814e-02 -1.796429432419381911e-01 -2.776701541027519204e-01 -3.862119488500467268e-01 -5.099734774523336789e-01 -6.546860342921608789e-01 -8.264619446118294244e-01 -1.028125055296935431e+00 -1.250077758806646955e+00 -1.459060921956478296e+00 -1.599430076551605628e+00 -1.619738361002954985e+00 -1.508868494685978501e+00 -1.304650908791543662e+00 -1.065039059265713295e+00 -8.335719972004611567e-01 -6.279752377819858289e-01 -4.484327909470426365e-01 -2.885934016858193174e-01 -1.412882718935419002e-01
-9.441616296602187153e-02 -1.921369025889919369e-01 -2.967187847637717812e-01 -4.122717416831610526e-01 -5.438435749217956916e-01 -6.977550535650798302e-01 -8.810251349303138690e-01 -1.097428733080504593e+00 -1.337290263252691513e+00 -1.564603722145339493e+00 -1.717996661362708455e+00 -1.740292406900407540e+00 -1.619115826483975340e+00 -1.396605461358699340e+00 -1.136969036893781260e+00 -8.878420690945513227e-01 -6.679328564476779695e-01 -4.766957177296176074e-01 -3.067585015005334648e-01 -1.501947761066127207e-01
-9.730224922699368117e-02 -1.977691020241615083e-01 -3.047882104010209980e-01 -4.222334959239004704e-01 -5.547908522345216253e-01 -7.082099665174033110e-01 -8.886786459501671009e-01 -1.099083805274710057e+00 -1.329595335731921235e+00 -1.545994947239883510e+00 -1.690893243888181408e+00 -1.711160070762520746e+00 -1.595307108345282332e+00 -1.382411377972259547e+00 -1.132282490760392557e+00 -8.897725162567159396e-01 -6.730879555907728351e-01 -4.824266126637763996e-01 -3.113624130591994832e-01 -1.527106709827834863e-01
-9.702372799287899141e-02 -1.968485245243997428e-01 -3.024242366880983135e-01 -4.170126251886320246e-01 -5.443566196674735069e-01 -6.887137570889160232e-01 -8.541172207395274496e-01 -1.041246085800507482e+00 -1.240238908449194044e+00 -1.422348900882978162e+00 -1.541742939972772453e+00 -1.556859705864328092e+00 -1.458741825728798736e+00 -1.277751943037434224e+00 -1.061056831587760874e+00 -8.452694032341262487e-01 -6.467558618905038248e-01 -4.674622241100210296e-01 -3.033865932187611580e-01 -1.492661934332810691e-01
-9.394414668702250060e-02 -1.901766860888003396e-01 -2.910427089921814869e-01 -3.989884704917346925e-01 -5.165580865151175871e-01 -6.462108205117245152e-01 -7.895346387053759907e-01 -9.449335060853339963e-01 -1.103057291368240822e+00 -1.242142855388259637e+00 -1.330204985436594711e+00 -1.339258353354846109e+00 -1.263300438302133122e+00 -1.122519953707543428e+00 -9.491148416298819113e-01 -7.695687670412935111e-01 -5.975122009277077373e-01 -4.365378772890526893e-01 -2.853425223792387944e-01 -1.409544843666934444e-01
-8.857619628485652319e-02 -1.788712108712385007e-01 -2.725789568835769172e-01 -3.713160620656743016e-01 -4.764965849518027485e-01 -5.890327866747742114e-01 -7.086282493792257497e-01 -8.322668732634916910e-01 -9.517727462889217227e-01 -1.051871309271083632e+00 -1.112315851683534529e+00 -1.116252941592080550e+00 -1.060083229432559060e+00 -9.557241589556783046e-01 -8.229252449211897913e-01 -6.792474530429846169e-01 -5.352955472496336853e-01 -3.954545708137889859e-01 -2.604332532544266221e-01 -1.292025464695295833e-01
-8.148944356786894105e-02 -1.641529639071139524e-01 -2.490849001914931804e-01 -3.371907615054152707e-01 -4.290096171862459729e-01 -5.244057005070446031e-01 -6.220291873776635505e-01 -7.184415820610774439e-01 -8.070286356130685901e-01 -8.775362886127644479e-01 -9.177935733685286257e-01 -9.182509884035272574e-01 -8.768694024053481639e-01 -8.002122875289837678e-01 -6.996987848123380482e-01 -5.864316243646279236e-01 -4.682339222289466640e-01 -3.494040836379626591e-01 -2.317109068988127685e-01 -1.154198656826629227e-01
-7.322863267979708157e-02 -1.471662991302019607e-01 -2.224166619088333574e-01 -2.993497132482200174e-01 -3.779249117803604729e-01 -4.574365443199871484e-01 -5.361558057646429454e-01 -6.108843676849161630e-01 -6.765771332813602656e-01 -7.264714167252952493e-01 -7.533176223271983440e-01 -7.517568716962148567e-01 -7.206357613662384143e-01 -6.635077162744936752e-01 -5.868963413386538708e-01 -4.977315537182391281e-01 -4.015884168150056222e-01 -3.021735456520084351e-01 -2.015798344961641231e-01 -1.007652503406866185e-01
-6.425879865630841625e-02 -1.288669592136028330e-01 -1.940657006563384912e-01 -2.598659350581771221e-01 -3.258992534174777189e-01 -3.912342258000323647e-01 -4.541648919118254635e-01 -5.120155750189475663e-01 -5.610793351423382092e-01 -5.968973719166772440e-01 -6.150726644168583723e-01 -6.125182641926996130e-01 -5.885583982002609016e-01 -5.451600674657877121e-01 -4.861276166649949326e-01 -4.158281057568438133e-01 -3.381665125516671866e-01 -2.561122071383817311e-01 -1.716681904617485266e-01 -8.606114859489946700e-02
-5.493961045408253530e-02 -1.099770550316279405e-01 -1.651132705510732490e-01 -2.201490117395689394e-01 -2.745712284399494663e-01 -3.274319471772399459e-01 -3.772357007564186571e-01 -4.218750021218712343e-01 -4.586844295853728104e-01 -4.847027623866690393e-01 -4.971894321882283641e-01 -4.942953788245660340e-01 -4.756065348426911643e-01 -4.422560737146395970e-01 -3.965380822738001632e-01 -3.412560486573794627e-01 -2.791292138896375175e-01 -2.124389759911066156e-01 -1.429193489856687427e-01 -7.181112769314214328e-02
-4.552259291843180344e-02 -9.098838077507095945e-02 -1.362613443115609224e-01 -1.810456375881929758e-01 -2.248046522465524388e-01 -2.666861277076580938e-01 -3.054686643555903358e-01 -3.395568120647598498e-01 -3.670623675600175329e-01 -3.860061197719153459e-01 -3.946398227715706697e-01 -3.918173837979253005e-01 -3.772762137407876804e-01 -3.516952338658081434e-01 -3.165013597122912636e-01 -2.735248977887394517e-01 -2.246543229167999034e-01 -1.715949548592028140e-01 -1.157590879391549310e-01 -5.826401110260354815e-02
-3.616237962060845496e-02 -7.219254711051596718e-02 -1.078981065233104997e-01 -1.429675733359787593e-01 -1.769156380407415630e-01 -2.090392286237196529e-01 -2.383958101620157477e-01 -2.638205190533892686e-01 -2.840003694971336423e-01 -2.976163100210877377e-01 -3.035418351785612590e-01 -3.010533220090564899e-01 -2.899818363599006021e-01 -2.707449482320819500e-01 -2.442461549451491465e-01 -2.116875122982390389e-01 -1.743681467046298283e-01 -1.335274275492367158e-01 -9.025802381755247683e-02 -4.548582296006317693e-02
-2.693438586076365646e-02 -5.372131588876534469e-02 -8.017097685869006840e-02 -1.060109310010223377e-01 -1.308511232858406148e-01 -1.541593572320306971e-01 -1.752548398572050525e-01 -1.933290599280821642e-01 -2.075021962960231225e-01 -2.169167479502027152e-01 -2.208576237818826449e-01 -2.188719468679472535e-01 -2.108526346125631223e-01 -1.970564341885134574e-01 -1.780507623587877508e-01 -1.546108587191279138e-01 -1.276033438233473982e-01 -9.788859022378074148e-02 -6.625975338920776780e-02 -3.342124655578212339e-02
-1.785384696831192677e-02 -3.558736028207942076e-02 -5.305356934153764720e-02 -7.005407482315853529e-02 -8.631859832625367324e-02 -1.014922691157751633e-01 -1.151351481538700483e-01 -1.267387140878920848e-01 -1.357626211921895421e-01 -1.416908786093488970e-01 -1.440999735274257620e-01 -1.427242115152856095e-01 -1.375003173919406851e-01 -1.285773994701829848e-01 -1.162896183794047411e-01 -1.011018457558370831e-01 -8.354580806216914401e-02 -6.416385785810801989e-02 -4.347114903075314368e-02 -2.193941083814509446e-02
-8.893641321128383306e-03 -1.772071832452987508e-02 -2.640187439707054537e-02 -3.483322208748246968e-02 -4.287694867417906480e-02 -5.035599722671354334e-02 -5.705479610366417931e-02 -6.272805335765581358e-02 -6.711871795659321571e-02 -6.998419838041457230e-02 -7.112719872006809108e-02 -7.042461571167661638e-02 -6.784704515518125145e-02 -6.346323536609729810e-02 -5.742849476612821996e-02 -4.996113353668449331e-02 -4.131420691233016196e-02 -3.174990551168455077e-02 -2.152157229576084907e-02 -1.086524442301874636e-02
