-3.600913542402332801e-02 -6.721536875427762403e-02 -9.025538598955848424e-02 -1.037390004373396762e-01 -1.082470290784066508e-01 -1.057068473944990095e-01 -9.850463457481903329e-02 -8.878679005410319847e-02 -7.814299375284546045e-02 -6.758934354220022533e-02 -5.768866435897970768e-02 -4.869420337762330603e-02 -4.066823944150892156e-02 -3.356551653446306765e-02 -2.728648567123837312e-02 -2.170876846150245065e-02 -1.670433380773640383e-02 -1.214784315159441082e-02 -7.919802601971909911e-03 -3.906774397556577946e-03
-7.668633799407680030e-02 -1.424035563806617111e-01 -1.898568928353456253e-01 -2.162802680801122202e-01 -2.234339784090922099e-01 -2.160244362064988599e-01 -1.995064881156367320e-01 -1.784945205899734211e-01 -1.561948097626922605e-01 -1.345255542301568574e-01 -1.144710920992966369e-01 -9.641990924723138623e-02 -8.041323873505805409e-02 -6.630734379573854920e-02 -5.387165789685188083e-02 -4.284425478141737353e-02 -3.296072252172544542e-02 -2.396723519776735103e-02 -1.562459332271302730e-02 -7.707295047758171841e-03
-1.274594786935618895e-01 -2.346031911479760368e-01 -3.091265944577323843e-01 -3.469688017722449835e-01 -3.524829046385757891e-01 -3.351182880278049669e-01 -3.048831133452498676e-01 -2.694575413727128277e-01 -2.336094783348675041e-01 -1.998459250833327649e-01 -1.692501176057084056e-01 -1.421010933480606753e-01 -1.182574652008102356e-01 -9.737896453334954350e-02 -7.904855022968887424e-02 -6.283587002655034726e-02 -4.832706515019254828e-02 -3.513578204783369269e-02 -2.290404003367114971e-02 -1.129781354049678478e-02
-1.942618944391081848e-01 -3.532748778394259048e-01 -4.583925236949504822e-01 -5.044755459033808398e-01 -5.009679707812066951e-01 -4.654521961399469832e-01 -4.148647366676211368e-01 -3.606837312396958262e-01 -3.089067705460880608e-01 -2.619934107987363925e-01 -2.205817525139159851e-01 -1.844768290566697611e-01 -1.531365646878660725e-01 -1.259025049490984371e-01 -1.021077108982135356e-01 -8.112361191847887454e-02 -6.237588623574315261e-02 -4.534478862497819812e-02 -2.955797337332066038e-02 -1.457992062986564717e-02
-2.803619610612861912e-01 -5.029624692307157474e-01 -6.418164016721210618e-01 -6.910689986012394925e-01 -6.686504171674682029e-01 -6.047902255640466018e-01 -5.262614570491942478e-01 -4.489129823249546902e-01 -3.792181465300901166e-01 -3.186200658213098058e-01 -2.666043876438238258e-01 -2.220877051760151433e-01 -1.839094507493752861e-01 -1.509867852104422870e-01 -1.223561804496004629e-01 -9.717498307658552215e-02 -7.470808006817210301e-02 -5.430951518645490972e-02 -3.540314765791172102e-02 -1.746389814897612858e-02
-3.792263582998568472e-01 -6.718557408966921995e-01 -8.446666752011933177e-01 -8.914939416829080754e-01 -8.416362664918357606e-01 -7.416807609185673833e-01 -6.303326553387377240e-01 -5.278160885556061332e-01 -4.400877105724624871e-01 -3.666103561127075916e-01 -3.051216331181574870e-01 -2.533595820053435865e-01 -2.094267150972951574e-01 -1.717790091046273726e-01 -1.391552470979330602e-01 -1.105120635090143522e-01 -8.497193775905474700e-02 -6.178204857038826353e-02 -4.028120707518866028e-02 -1.987252815601588465e-02
-4.684664181786075132e-01 -8.225539747854261341e-01 -1.023439357933332294e+00 -1.064920126266724720e+00 -9.874424309565860147e-01 -8.533630898092183781e-01 -7.124314249362313500e-01 -5.883545275276120812e-01 -4.859683812623233345e-01 -4.024966181521538178e-01 -3.338985308731682311e-01 -2.768010504129621019e-01 -2.286587415365283760e-01 -1.875472903381605050e-01 -1.519737394130140917e-01 -1.207460893311283062e-01 -9.288556084171849248e-02 -6.756553697043464479e-02 -4.406710850799465395e-02 -2.174500911532250766e-02
-5.161104723432372587e-01 -9.027343499466384813e-01 -1.118367171027102813e+00 -1.156813344354293394e+00 -1.064583292162853079e+00 -9.125677886588153820e-01 -7.563740215377058318e-01 -6.214047370297521855e-01 -5.117385758149061159e-01 -4.233221458413502503e-01 -3.511526512708646464e-01 -2.912853611897027739e-01 -2.408597802926280007e-01 -1.977776714462842755e-01 -1.604463346659761591e-01 -1.276129972067394369e-01 -9.825868145792387987e-02 -7.152743356758914373e-02 -4.667668264794191946e-02 -2.304040252248926862e-02
-5.015796617304973948e-01 -8.789992628398011210e-01 -1.091577379355406885e+00 -1.133019505807287830e+00 -1.047581945098057687e+00 -9.030462748821208585e-01 -7.529170288941493538e-01 -6.220278963853717036e-01 -5.147892815170523884e-01 -4.276708811969207047e-01 -3.560773240923780780e-01 -2.963255199625887126e-01 -2.457171885803460520e-01 -2.022572763295246434e-01 -1.644209361861569962e-01 -1.310008876758723129e-01 -1.010087366104443357e-01 -7.360883584497170118e-02 -4.807178744306404156e-02 -2.373991906697517015e-02
-4.326786766822198205e-01 -7.640337015702844958e-01 -9.574980317249152106e-01 -1.006621063974323604e+00 -9.462970312005540841e-01 -8.312087378377722713e-01 -7.058381403530596954e-01 -5.923646901906708395e-01 -4.963507135985888441e-01 -4.162806660133205328e-01 -3.491348681609996452e-01 -2.922199342948282319e-01 -2.434260276785664423e-01 -2.011133086069570031e-01 -1.639792514909131083e-01 -1.309608864603054312e-01 -1.011665466050595125e-01 -7.382738840838415362e-02 -4.826171298765609408e-02 -2.384748698663383473e-02
-3.390389401348588572e-01 -6.061432636459375134e-01 -7.711602688922944981e-01 -8.276279968799361564e-01 -7.985328101044892879e-01 -7.217016980686168370e-01 -6.296458289120163698e-01 -5.405563577453920132e-01 -4.610015103886492827e-01 -3.918150200363085811e-01 -3.319436340169352184e-01 -2.799917169040304632e-01 -2.346535761731576297e-01 -1.947906788567206893e-01 -1.594218817697379276e-01 -1.276968675880109094e-01 -9.886918069472787340e-02 -7.227246182912215600e-02 -4.730018999346604497e-02 -2.338831593828469280e-02
-2.498567509183034774e-01 -4.535555007753855894e-01 -5.881384076024241958e-01 -6.474622465333381705e-01 -6.443121565364283709e-01 -6.017523892491047910e-01 -5.412718149362777398e-01 -4.767053291749838162e-01 -4.147665079656386866e-01 -3.579533535231465557e-01 -3.068233447050016660e-01 -2.611488679377566013e-01 -2.204058276421827778e-01 -1.839739517659208234e-01 -1.512207364821274713e-01 -1.215355297907800974e-01 -9.434085263980383773e-02 -6.909309248898469480e-02 -4.527826990595429368e-02 -2.240558669486803628e-02
-1.794531790791399350e-01 -3.308124062538211896e-01 -4.376762969045775997e-01 -4.945767370935765794e-01 -5.075121838428051646e-01 -4.893092814124284651e-01 -4.532445308773102033e-01 -4.092089675714448149e-01 -3.631958894326441922e-01 -3.183757121695259262e-01 -2.762436393621390263e-01 -2.373742385593985704e-01 -2.018468946680457565e-01 -1.694785686085300280e-01 -1.399515889445121786e-01 -1.128836689494132905e-01 -8.786561485758009882e-02 -6.448078802847330426e-02 -4.231421240616985852e-02 -2.095576061599411372e-02
-1.287220880183909955e-01 -2.404854497234787669e-01 -3.240439954125016175e-01 -3.748311956877761197e-01 -3.950870923533406076e-01 -3.915246546932060201e-01 -3.720379494375795071e-01 -3.433771073805265694e-01 -3.103677975759432384e-01 -2.760998756407831989e-01 -2.424000718098971441e-01 -2.102574501612157476e-01 -1.801289417290073691e-01 -1.521418436232284122e-01 -1.262233866795677839e-01 -1.021819496244599917e-01 -7.975715305984509840e-02 -5.865023559959399446e-02 -3.854203237194062104e-02 -1.910324319378511881e-02
-9.298614223874591966e-02 -1.755468787354144411e-01 -2.401207527640247530e-01 -2.830929581051914168e-01 -3.049033436596081392e-01 -3.089173902686347395e-01 -2.997373461214775658e-01 -2.818207349353972768e-01 -2.587832690037402128e-01 -2.332535719304070498e-01 -2.069990502968980239e-01 -1.811265290739701994e-01 -1.562695822679732449e-01 -1.327364830890894465e-01 -1.106181705600599308e-01 -8.986359310953480339e-02 -7.033081635353771732e-02 -5.182097092982796555e-02 -3.410043930265028306e-02 -1.691518124779514340e-02
-6.732854107715691150e-02 -1.280973709407936534e-01 -1.772579232218443324e-01 -2.120704288383991887e-01 -2.322372036292414399e-01 -2.393722054572691993e-01 -2.361259156861278130e-01 -2.253723220562402207e-01 -2.096883159643513628e-01 -1.911316820389475368e-01 -1.712159855717964030e-01 -1.509800359392856617e-01 -1.310863810516042227e-01 -1.119163431392616592e-01 -9.364922304722544943e-02 -7.632344000697779962e-02 -5.988155048342513193e-02 -4.420239408462754704e-02 -2.912357611365495869e-02 -1.445704303951207519e-02
-4.818415222740450587e-02 -9.218944572484956412e-02 -1.286706238282779025e-01 -1.556338612100625629e-01 -1.725654936823141083e-01 -1.801906278331019129e-01 -1.800154429604495232e-01 -1.738525982000673487e-01 -1.634656389616852279e-01 -1.503688033785618994e-01 -1.357531732433382154e-01 -1.204912523372154293e-01 -1.051795709044754112e-01 -9.019329080285541644e-02 -7.573894416471800561e-02 -6.189939609549597460e-02 -4.866955310838639442e-02 -3.598348198471468251e-02 -2.373442946672139550e-02 -1.178941750272678550e-02
-3.321390040504576535e-02 -6.379886375954887945e-02 -8.959390161985354706e-02 -1.092228296329079973e-01 -1.221964902664290503e-01 -1.288075765698514508e-01 -1.298919883861034685e-01 -1.265568177939723205e-01 -1.199528064836739294e-01 -1.111247163409086192e-01 -1.009366543370165542e-01 -9.005223442457709060e-02 -7.894736495267859477e-02 -6.793831090996234334e-02 -5.721387101883504411e-02 -4.686564878986514138e-02 -3.691378507630466849e-02 -2.732755367703219862e-02 -1.804124494072089843e-02 -8.966200228957842827e-03
-2.087222308945219790e-02 -4.019768769447498724e-02 -5.668272292058103290e-02 -6.946659918792563726e-02 -7.818977081692142506e-02 -8.295106434788339367e-02 -8.418807079685858286e-02 -8.252986963633920925e-02 -7.866405322593057747e-02 -7.324060332814086305e-02 -6.681649622499535868e-02 -5.983366793004256390e-02 -5.261934901528155656e-02 -4.539872032983831296e-02 -3.831258233844831579e-02 -3.143554458737608803e-02 -2.479238524800084914e-02 -1.837170413189993107e-02 -1.213679995942829395e-02 -6.034139993422084174e-03
-1.007728370927030506e-02 -1.943691070330269902e-02 -2.747267027995432126e-02 -3.377104584583692087e-02 -3.814491276500991956e-02 -4.061883434646566121e-02 -4.137936087879930808e-02 -4.071054091541308206e-02 -3.893293549774584639e-02 -3.635714940511733384e-02 -3.325505952329220472e-02 -2.984659322837099338e-02 -2.629764530992295332e-02 -2.272464017614034271e-02 -1.920219613785956181e-02 -1.577156187157220321e-02 -1.244850689902571132e-02 -9.230080362272078537e-03 -6.100110142478710855e-03 -3.033562462992790438e-03
