-5.078603741346767939e-03 -1.046963666664236375e-02 -1.652787298836945473e-02 -2.370329575738060537e-02 -3.261919970009942438e-02 -4.420100808366123762e-02 -5.990307425338104591e-02 -8.210882146572315299e-02 -1.147320872407133763e-01 -1.636029837611266413e-01 -2.349533357093875618e-01 -3.292980359049216821e-01 -4.316247141854846481e-01 -5.085088890331190825e-01 -5.245263748447194230e-01 -4.692718900200014143e-01 -3.660979777438009286e-01 -2.518911301269872727e-01 -1.514986566131379664e-01 -7.003567005012875657e-02
-9.844778539716353416e-03 -2.027206986232060401e-02 -3.193855848472880454e-02 -4.566608306674423828e-02 -6.257202930058981816e-02 -8.427567046628137160e-02 -1.132420912020185855e-01 -1.533462373866364692e-01 -2.106299636841350020e-01 -2.935527119384129247e-01 -4.103214661564514865e-01 -5.597816280898453289e-01 -7.177665952765394097e-01 -8.340648725121724283e-01 -8.566748368554761850e-01 -7.703489662579539043e-01 -6.089412610910746038e-01 -4.267142578293622313e-01 -2.614822188437082584e-01 -1.225307380545857805e-01
-1.402844088234039138e-02 -2.883530640370634765e-02 -4.528820690135813148e-02 -6.445041739448036100e-02 -8.772661376847229464e-02 -1.170803459019139348e-01 -1.553718992965371359e-01 -2.068666728241908004e-01 -2.778263073251246440e-01 -3.764266519461365035e-01 -5.096745951365332372e-01 -6.741947269525830899e-01 -8.432194751320836179e-01 -9.646266363910200869e-01 -9.855975263914512619e-01 -8.906284995027875517e-01 -7.136072163725548645e-01 -5.096500888309479782e-01 -3.184438555393975245e-01 -1.513669260273547423e-01
-1.743367966012728670e-02 -3.575250924004528402e-02 -5.592854641037080243e-02 -7.912073874250911965e-02 -1.068031707426699978e-01 -1.409407333441811405e-01 -1.842343302501009417e-01 -2.404399162345583763e-01 -3.146332505027290560e-01 -4.127788755301100565e-01 -5.388713384647524363e-01 -6.875777902529869312e-01 -8.346517999688463085e-01 -9.365235963503248939e-01 -9.502858978667501066e-01 -8.633010093623894043e-01 -7.025048636206555619e-01 -5.126169560316268248e-01 -3.272750223727782237e-01 -1.579966728264133868e-01
-1.995376972418435105e-02 -4.081250650952357450e-02 -6.355273227044438977e-02 -8.930080476904729558e-02 -1.194242643511173735e-01 -1.556406897386184984e-01 -2.001411247940886595e-01 -2.556972508231118435e-01 -3.256177767577242976e-01 -4.131054648464430046e-01 -5.189984299985154204e-01 -6.369202396129453048e-01 -7.477050881112493608e-01 -8.202452965223454573e-01 -8.250991447069611073e-01 -7.535313574208287735e-01 -6.234025598375499966e-01 -4.653046517681401206e-01 -3.037129196052401059e-01 -1.489247565812856500e-01
-2.156889358541565216e-02 -4.399101701082071270e-02 -6.816907401390760735e-02 -9.510547658505821844e-02 -1.259522237537641365e-01 -1.620543701739438347e-01 -2.049697192988226557e-01 -2.564209370620288420e-01 -3.180706196844009237e-01 -3.908601097637642852e-01 -4.734520768024916837e-01 -5.595285328856107743e-01 -6.352655326985885420e-01 -6.807338469998702735e-01 -6.780198657701681508e-01 -6.217344389949479577e-01 -5.221939626904280596e-01 -3.978991070574280364e-01 -2.649251554511917739e-01 -1.317098109076947632e-01
-2.233078876540276619e-02 -4.541359501713719549e-02 -7.002707258515375455e-02 -9.699980376133902904e-02 -1.272247199279814833e-01 -1.616539661251781002e-01 -2.012536476328752322e-01 -2.468799904415383273e-01 -2.990065613263586664e-01 -3.571832542601943161e-01 -4.190866572021859082e-01 -4.792338234038625022e-01 -5.281754631101728270e-01 -5.538582391110838943e-01 -5.460745194466906094e-01 -5.016852786583627655e-01 -4.261619529129129225e-01 -3.299509141093452391e-01 -2.230860288229445654e-01 -1.120980759528999726e-01
-2.234066687658249964e-02 -4.530550340985358554e-02 -6.952581939275932765e-02 -9.564194739666850853e-02 -1.242928711514771217e-01 -1.560828681145539076e-01 -1.915083123422563482e-01 -2.308192097688711864e-01 -2.737806263753302383e-01 -3.192968973517141262e-01 -3.648964669871511135e-01 -4.062199609014678914e-01 -4.369589300874344717e-01 -4.499141869573379804e-01 -4.393429253253301470e-01 -4.034323536579183522e-01 -3.450153660052444615e-01 -2.699235109117920084e-01 -1.843940949970135079e-01 -9.333232242288047598e-02
-2.172637660297800991e-02 -4.394193440006451817e-02 -6.712875734028164731e-02 -9.174929953949058359e-02 -1.182219495701803263e-01 -1.468762714028317151e-01 -1.778769445107868385e-01 -2.111035110694086669e-01 -2.459747358647511595e-01 -2.812187822859448794e-01 -3.146271623893825420e-01 -3.429088991533723041e-01 -3.618668978518626012e-01 -3.671298413343158651e-01 -3.553913290632126354e-01 -3.255879718714533855e-01 -2.792400858819635845e-01 -2.197196513609821489e-01 -1.510152746857227612e-01 -7.677777606434259272e-02
-2.062290708746163104e-02 -4.160710238542023737e-02 -6.329797982916415822e-02 -8.600454781619444600e-02 -1.099693621486556860e-01 -1.353233201248298101e-01 -1.620195938646441791e-01 -1.897424131552558624e-01 -2.177917577914835479e-01 -2.449578712896596511e-01 -2.694240199515154366e-01 -2.887714211740713965e-01 -3.001873589390414154e-01 -3.009438767296260253e-01 -2.890687215362913176e-01 -2.639308467244502743e-01 -2.264153568432813735e-01 -1.785951687284542400e-01 -1.231322410048991400e-01 -6.275340229691414584e-02
-1.915815109141398923e-02 -3.856559292420477097e-02 -5.845151572774578280e-02 -7.900155459308606798e-02 -1.003276362329352800e-01 -1.224280590940318852e-01 -1.451356915352028931e-01 -1.680547020694553584e-01 -1.904914671410702920e-01 -2.113945489776956899e-01 -2.293318235771582281e-01 -2.425460299001403475e-01 -2.491307673493537156e-01 -2.473375566803037717e-01 -2.359525700477815569e-01 -2.146052197948282447e-01 -1.838666707102815101e-01 -1.450999307057289078e-01 -1.001603000324471776e-01 -5.110228889114847711e-02
-1.744410718040531605e-02 -3.504560484895023753e-02 -5.294093986662936485e-02 -7.122252276483398425e-02 -8.991157414367675904e-02 -1.089255937228666982e-01 -1.280404183304893195e-01 -1.468492328121935309e-01 -1.647248135541333480e-01 -1.807968078880998475e-01 -1.939619375112608679e-01 -2.029482167484978339e-01 -2.064485606156507558e-01 -2.033179252501681189e-01 -1.927932820516261303e-01 -1.746662822356191413e-01 -1.493433756113299038e-01 -1.177762645513197870e-01 -8.130626974781726690e-02 -4.149532580771900930e-02
-1.557267388928635851e-02 -3.123178312886938646e-02 -4.704411926677247446e-02 -6.303602537466040934e-02 -7.917054852646132623e-02 -9.532232838531455588e-02 -1.112511601886987250e-01 -1.265770048189550356e-01 -1.407617467695770619e-01 -1.531059213125762486e-01 -1.627708511204077613e-01 -1.688362036618629713e-01 -1.703970734408196408e-01 -1.666919284735346174e-01 -1.572359455868548861e-01 -1.419229210052626033e-01 -1.210640793717549790e-01 -9.535538737959159405e-02 -6.579315474968219779e-02 -3.357273615553944823e-02
-1.361480712057672182e-02 -2.726473650856400810e-02 -4.096773212945661186e-02 -5.470691525765730007e-02 -6.841227099834684688e-02 -8.194201691245518726e-02 -9.506489689903496743e-02 -1.074458856916518101e-01 -1.186392563389264271e-01 -1.280942847533461937e-01 -1.351793478082365385e-01 -1.392286729087589825e-01 -1.396115932836071993e-01 -1.358167543401655741e-01 -1.275356327492911945e-01 -1.147253619330583924e-01 -9.763462539145517649e-02 -7.678804782104808879e-02 -5.293822578832101805e-02 -2.700246436405507114e-02
-1.162181856712253547e-02 -2.324462542471124327e-02 -3.485515997510262726e-02 -4.641163656611867194e-02 -5.782960932463489939e-02 -6.896857875088098500e-02 -7.962053194645814236e-02 -8.950239383015354266e-02 -9.825511597997164948e-02 -1.054526237387920368e-01 -1.106235910873082651e-01 -1.132875574795125379e-01 -1.130038804339387609e-01 -1.094278712986286872e-01 -1.023644750234833090e-01 -9.180827475617311939e-02 -7.796101753470209561e-02 -6.122395708732603081e-02 -4.216923967137696516e-02 -2.149889702755037116e-02
-9.627842800194600856e-03 -1.923678806269540215e-02 -2.879664948636088267e-02 -3.825486503970799979e-02 -4.752595696921472351e-02 -5.648216302787107540e-02 -6.494626508524786734e-02 -7.268804802874749560e-02 -7.942619758399041552e-02 -8.483751016458906946e-02 -8.857484465541602681e-02 -9.029409337518844170e-02 -8.968850864414121271e-02 -8.652638209339652553e-02 -8.068612797679500237e-02 -7.218224952897897562e-02 -6.117721790414915733e-02 -4.797752728095342617e-02 -3.301588147240641646e-02 -1.682388571769076122e-02
-7.652765316065563220e-03 -1.527803580564623953e-02 -2.283978688769304141e-02 -3.028522176187571288e-02 -3.753719353373245055e-02 -4.448785673783815786e-02 -5.099432246574610306e-02 -5.687733935291394011e-02 -6.192412090813190217e-02 -6.589637910103610108e-02 -6.854418836659431635e-02 -6.962546867614016755e-02 -6.892968281521984208e-02 -6.630302601418823494e-02 -6.167140870195129271e-02 -5.505738210412891576e-02 -4.658808008499570191e-02 -3.649305542594872415e-02 -2.509287492318742693e-02 -1.278076510043373373e-02
-5.705183087831989901e-03 -1.138280398953710887e-02 -1.699924268376985098e-02 -2.250904309792550739e-02 -2.784974245506596779e-02 -3.293774966038791330e-02 -3.766583147203891174e-02 -4.190286875000984873e-02 -4.549656950795295807e-02 -4.827969926516555849e-02 -5.008006325094605665e-02 -5.073391164533036513e-02 -5.010172970245975466e-02 -4.808463155828985452e-02 -4.463910050295321480e-02 -3.978779113651658567e-02 -3.362466643826755169e-02 -2.631373987735285275e-02 -1.808179797598679847e-02 -9.206299750450508412e-03
-3.785164721015796697e-03 -7.548755420663881208e-03 -1.126533870197253540e-02 -1.490196773292665547e-02 -1.841498525968619446e-02 -2.174757040662880780e-02 -2.482838730282611178e-02 -2.757173763340482406e-02 -2.987959201289863698e-02 -3.164578904265045317e-02 -3.276245609669937997e-02 -3.312838777085799769e-02 -3.265869490345370968e-02 -3.129467180792887271e-02 -2.901257273989994723e-02 -2.583001779761567862e-02 -2.180905583298587899e-02 -1.705544125719664350e-02 -1.171427725470757485e-02 -5.962636090466245063e-03
-1.886720102262675041e-03 -3.761716132011826835e-03 -5.611389459834761027e-03 -7.418504780246549038e-03 -9.160662482003024271e-03 -1.080916113348913583e-02 -1.232841314102478894e-02 -1.367610603434277899e-02 -1.480427692136731047e-02 -1.566141260155860804e-02 -1.619558929097981298e-02 -1.635849174962143021e-02 -1.610999376017685503e-02 -1.542279170233429829e-02 -1.428650400353412113e-02 -1.271065489100251834e-02 -1.072610050972346886e-02 -8.384693580482572087e-03 -5.757234409997333789e-03 -2.929967478848371446e-03
