-6.918394602351303838e-03 -1.394276534542884805e-02 -2.117346983701699423e-02 -2.869841399836034826e-02 -3.658374183341774055e-02 -4.486073015861841151e-02 -5.350766734749430598e-02 -6.242598876704440886e-02 -7.141125501177428281e-02 -8.012224379041633926e-02 -8.805592855579355560e-02 -9.454203947581280021e-02 -9.877580336067383338e-02 -9.990547983698438994e-02 -9.717510061343204164e-02 -9.009207564153610959e-02 -7.856123216949455201e-02 -6.293001428423750099e-02 -4.393253266620839731e-02 -2.257200507893908012e-02
-1.373081217331977542e-02 -2.767919677423101230e-02 -4.205269995793527865e-02 -5.703644565215403028e-02 -7.277582500769487484e-02 -8.935151324284659746e-02 -1.067439521779442041e-01 -1.247850347565165330e-01 -1.430967876197159483e-01 -1.610217866397976871e-01 -1.775594027530426611e-01 -1.913363266275308894e-01 -2.006554524992506250e-01 -2.036705646484610333e-01 -1.987022148509598463e-01 -1.846312968406331190e-01 -1.612222968385308708e-01 -1.292259610370524170e-01 -9.022795964641965039e-02 -4.635543451127289299e-02
-2.032565615133856765e-02 -4.099050789752360646e-02 -6.232168889344927298e-02 -8.461884510543703219e-02 -1.081316025291367972e-01 -1.330255482762260910e-01 -1.593315949604240667e-01 -1.868734106553650021e-01 -2.151690598954697775e-01 -2.433086222770998730e-01 -2.698231737888222015e-01 -2.925871384978496748e-01 -3.088360010711921899e-01 -3.154133512238360693e-01 -3.093238189109991376e-01 -2.885000125815559424e-01 -2.524637774821975045e-01 -2.025193476568031559e-01 -1.413959532419492293e-01 -7.262108695443456052e-02
-2.658130407819528016e-02 -5.363548897155837047e-02 -8.162470478498773385e-02 -1.109856464302009516e-01 -1.421061964870959371e-01 -1.752874837943016739e-01 -2.106834695639888955e-01 -2.482079343644853497e-01 -2.873972614849754081e-01 -3.272195721309340000e-01 -3.658337085772204178e-01 -4.003407381242061747e-01 -4.266580119426444662e-01 -4.397674337864608263e-01 -4.346017532661997640e-01 -4.074983101991165868e-01 -3.575466997152519366e-01 -2.869509268561462600e-01 -2.001965417990087259e-01 -1.027263348057795983e-01
-3.236407010422744090e-02 -6.534543995338049083e-02 -9.955599720185381862e-02 -1.355928430610954250e-01 -1.740200564892775692e-01 -2.153347226310984297e-01 -2.599068494676425312e-01 -3.078774399638294357e-01 -3.589913075898932271e-01 -4.123321125221337535e-01 -4.659233762571224902e-01 -5.161940422238953108e-01 -5.574681362319793276e-01 -5.819901678966975522e-01 -5.812475390138851505e-01 -5.487390107305991638e-01 -4.827856968923826542e-01 -3.872430009522618288e-01 -2.695749227797474279e-01 -1.380392647053062805e-01
-3.752953717732510075e-02 -7.582620322492016063e-02 -1.156610055309142404e-01 -1.578096772783687818e-01 -2.030464683969183670e-01 -2.521244959715772671e-01 -3.057316799725361967e-01 -3.644027901939275726e-01 -4.283519052384877068e-01 -4.971576855298076025e-01 -5.691785861705819238e-01 -6.405447936206198900e-01 -7.038124065719632005e-01 -7.472247782295010632e-01 -7.565004486346779133e-01 -7.200670079620689057e-01 -6.349088289969622156e-01 -5.080081291210257755e-01 -3.520558467816560788e-01 -1.795872895423628879e-01
-4.192787415354546493e-02 -8.476883208192093067e-02 -1.294521486522111076e-01 -1.769383966294574839e-01 -2.282316476429177565e-01 -2.843850863571637522e-01 -3.464922071004787885e-01 -4.156464356565325313e-01 -4.928284566093124042e-01 -5.786147214641427228e-01 -6.724369986049903991e-01 -7.708970391928411381e-01 -8.648947985534967131e-01 -9.371309405243817281e-01 -9.641907722343227016e-01 -9.260131560714172094e-01 -8.174083021172542374e-01 -6.508825362375608714e-01 -4.478387221251209360e-01 -2.271258820464529538e-01
-4.541312753007800684e-02 -9.186910242223923773e-02 -1.404403643769459864e-01 -1.922601196361358733e-01 -2.485566398677452604e-01 -3.106919046467897516e-01 -3.802044217501988066e-01 -4.588504897090670553e-01 -5.486135406810572768e-01 -6.515470973695713930e-01 -7.689826664166969916e-01 -8.990323714471701866e-01 -1.031440989296514399e+00 -1.142067288185297347e+00 -1.194848731880328696e+00 -1.157457627760118735e+00 -1.021627873023611244e+00 -8.081640335000879194e-01 -5.510531310798925109e-01 -2.774843591958837119e-01
-4.785553189116256018e-02 -9.685408643318965671e-02 -1.481800904614867243e-01 -2.031050832416166352e-01 -2.630428811067455630e-01 -3.296212485580578000e-01 -4.047801657048821222e-01 -4.909090650939869072e-01 -5.910175114513924743e-01 -7.087976786725220801e-01 -8.479044451220912881e-01 -1.008682854318932787e+00 -1.180420812297207300e+00 -1.332065116231409885e+00 -1.413625014187367412e+00 -1.378866520211374125e+00 -1.216080002874103005e+00 -9.557089487069576617e-01 -6.460084938930316101e-01 -3.230832715776756348e-01
-4.915491226848601319e-02 -9.951162074663279233e-02 -1.523208322581064700e-01 -2.089372466572442244e-01 -2.708885373119833684e-01 -3.399696303284512888e-01 -4.183805829499406270e-01 -5.089359349903909147e-01 -6.153643018794445751e-01 -7.425624193957303110e-01 -8.959857527568307889e-01 -1.077860168234139993e+00 -1.277478509685683328e+00 -1.458939557546970578e+00 -1.561940524198185409e+00 -1.529774407387158863e+00 -1.348154809711138880e+00 -1.054880766661404845e+00 -7.089518398562811852e-01 -3.529630100188927977e-01
-4.925249502599279849e-02 -9.971665165000045961e-02 -1.526543749460173849e-01 -2.094345401832127251e-01 -2.716043637891635276e-01 -3.409875825945866690e-01 -4.198291816886091099e-01 -5.110174250263026519e-01 -6.184065612360639674e-01 -7.471062620249060426e-01 -9.028953582745228301e-01 -1.088347062312866820e+00 -1.292780518000824053e+00 -1.479464753032973201e+00 -1.586290146400216816e+00 -1.554701318876558602e+00 -1.369956779279248194e+00 -1.071157345845828779e+00 -7.191946484103473036e-01 -3.577892459609856579e-01
-4.813841512715565096e-02 -9.744811636345639128e-02 -1.491454797302088353e-01 -2.045421794830959705e-01 -2.651067685295703247e-01 -3.325465524360090019e-01 -4.089233352291817281e-01 -4.968219168676112907e-01 -5.995758294311153147e-01 -7.214101567530006864e-01 -8.667641093289264465e-01 -1.036788856031623407e+00 -1.220753461846010746e+00 -1.385485182630954659e+00 -1.476524351844025862e+00 -1.443110063131989529e+00 -1.272413156323618733e+00 -9.980393894172069347e-01 -6.728751311665945867e-01 -3.358328552696593916e-01
-4.585304952914941862e-02 -9.279191933317310070e-02 -1.419372526644426258e-01 -1.944819344337174183e-01 -2.517339563680859316e-01 -3.151680460603719647e-01 -3.864894718518282479e-01 -4.677104065864533533e-01 -5.612162974677092908e-01 -6.696826901470427362e-01 -7.952964214004507593e-01 -9.369590650549954880e-01 -1.084186908200523991e+00 -1.210244150620936932e+00 -1.273941084544121916e+00 -1.237862460884656457e+00 -1.092470700365967495e+00 -8.620594596949111565e-01 -5.858119251010932560e-01 -2.941978589154943813e-01
-4.248186413027933012e-02 -8.592925977071759480e-02 -1.313296817781019477e-01 -1.797143531715282572e-01 -2.321790646495177912e-01 -2.899019151632409308e-01 -3.541523441003413541e-01 -4.262772753916298507e-01 -5.076252889141387170e-01 -5.992899312604254014e-01 -7.013340979965696498e-01 -8.108158777464624656e-01 -9.181635621782715528e-01 -1.003717792708100909e+00 -1.039826844875548106e+00 -1.002361259193052634e+00 -8.850938701141538578e-01 -7.032305614253191450e-01 -4.823136015524551734e-01 -2.439849020350526865e-01
-3.814514786400548252e-02 -7.711357711728485109e-02 -1.177378654280235026e-01 -1.608667362658929845e-01 -2.073660306305175616e-01 -2.581080756907524476e-01 -3.139389950154829467e-01 -3.756042702497011665e-01 -4.435935141232166812e-01 -5.178222453263530145e-01 -5.969812331615015344e-01 -6.773015737357095389e-01 -7.507401281172982888e-01 -8.037354532175841060e-01 -8.191327810393890241e-01 -7.827232160998520705e-01 -6.907953301558154013e-01 -5.519890577544139809e-01 -3.816579713657349271e-01 -1.943146980852315797e-01
-3.298515232397186692e-02 -6.664203670293425419e-02 -1.016414712103706625e-01 -1.386486988154515820e-01 -1.783102470145096485e-01 -2.212253182319065536e-01 -2.678906964155814419e-01 -3.186014663283642800e-01 -3.732791473588694120e-01 -4.311828064929084658e-01 -4.904415284449506474e-01 -5.473680992645553189e-01 -5.957052977369406976e-01 -6.264524478009988462e-01 -6.293552398358133182e-01 -5.963989564229524865e-01 -5.254841938423511216e-01 -4.213448031744464473e-01 -2.929550059655765537e-01 -1.498401266497794981e-01
-2.715342487607364658e-02 -5.482794913546985838e-02 -8.353728696008064225e-02 -1.137763449133057519e-01 -1.460009444420559410e-01 -1.805922448804066216e-01 -2.177968528966884865e-01 -2.576302225175005067e-01 -2.997274592590473685e-01 -3.431247369651285184e-01 -3.859640167243824638e-01 -4.251550131910774577e-01 -4.561401075703093722e-01 -4.730916735586828126e-01 -4.699373020399175704e-01 -4.421877457826847158e-01 -3.886878139557520262e-01 -3.120742314210086521e-01 -2.176451845913606742e-01 -1.116233192601311791e-01
-2.080059794564278336e-02 -4.197904860292517304e-02 -6.390338508141278628e-02 -8.691845283264204580e-02 -1.113249449895388349e-01 -1.373458646158822738e-01 -1.650742207152155749e-01 -1.943948090790482974e-01 -2.248734706475366829e-01 -2.556119842726293778e-01 -2.850809200548118372e-01 -3.109744202100361288e-01 -3.301853047921731732e-01 -3.390541439511604582e-01 -3.340170833949015483e-01 -3.125604035974727801e-01 -2.740651893385474547e-01 -2.200450480371752837e-01 -1.536623848547108706e-01 -7.891467494272323691e-02
-1.406991791486365655e-02 -2.838426140657332453e-02 -4.317875321094469948e-02 -5.866913914030198740e-02 -7.503452194391184438e-02 -9.239205225384096443e-02 -1.107593551635066564e-01 -1.300012795033128332e-01 -1.497592911460266241e-01 -1.693668945888503197e-01 -1.877651132276059454e-01 -2.034502161830967493e-01 -2.145085386181558029e-01 -2.188041175634039825e-01 -2.143504672171124836e-01 -1.997951332760646292e-01 -1.748253110673461397e-01 -1.402915450871849712e-01 -9.800442404290961307e-02 -5.035888538395592168e-02
-7.094810945371943060e-03 -1.430932524638087351e-02 -2.175822710328854243e-02 -2.954482997013751014e-02 -3.775195496646395477e-02 -4.642846882334161068e-02 -5.556987026710141775e-02 -6.509165762240547159e-02 -7.479548072116548596e-02 -8.433097079275270191e-02 -9.316148791280406960e-02 -1.005497853913026596e-01 -1.055871764472512409e-01 -1.072897425927875625e-01 -1.047664951169302583e-01 -9.742411520710783646e-02 -8.513307045454068800e-02 -6.828143856015304880e-02 -4.770027196294512190e-02 -2.451482432113433196e-02
