-3.452979592911500396e-03 -6.855543867854987927e-03 -1.015511114013056305e-02 -1.329519581370177013e-02 -1.621449668713173878e-02 -1.884715029853711171e-02 -2.112436295788894247e-02 -2.297744848552632502e-02 -2.434205933741890801e-02 -2.516312355907214526e-02 -2.539977274564935925e-02 -2.502945377666596777e-02 -2.405048494276504009e-02 -2.248263140392739098e-02 -2.036565896609439374e-02 -1.775627111203977038e-02 -1.472411676196452683e-02 -1.134765149035231804e-02 -7.710528073125759267e-03 -3.898935972346809047e-03
-6.956374642096624546e-03 -1.381408510808953584e-02 -2.046970704491236914e-02 -2.681117796302559184e-02 -3.271564248752811127e-02 -3.804974334153323617e-02 -4.267285365148304477e-02 -4.644337156602934558e-02 -4.922766597339339745e-02 -5.091066131550195384e-02 -5.140651500090909903e-02 -5.066755647005981300e-02 -4.868985495159924154e-02 -4.551438253917507171e-02 -4.122373460225445957e-02 -3.593531138836909139e-02 -2.979254717988660123e-02 -2.295596309288807160e-02 -1.559552599838842646e-02 -7.885216146197613490e-03
-1.055843365274649129e-02 -2.097471568654128010e-02 -3.109845541460590571e-02 -4.076416908996983307e-02 -4.978715513168653628e-02 -5.796332888567690134e-02 -6.507393831031917097e-02 -7.089551944035799025e-02 -7.521457231288340706e-02 -7.784534451292560164e-02 -7.864807042189408959e-02 -7.754440437376368400e-02 -7.452699579980094635e-02 -6.966130938383333082e-02 -6.307958786450727773e-02 -5.496869573500477030e-02 -4.555480146404297659e-02 -3.508813022202628140e-02 -2.383039726290114846e-02 -1.204640254626715770e-02
-1.430264472697811290e-02 -2.842788901652033157e-02 -4.218523188632091608e-02 -5.535989074942600924e-02 -6.770548399309600507e-02 -7.894248185463417777e-02 -8.876405298830684909e-02 -9.685019782514608933e-02 -1.028897629280843967e-01 -1.066080784987119973e-01 -1.077960233178339861e-01 -1.063349983199987636e-01 -1.022124166921145744e-01 -9.552427318396228273e-02 -8.646461489370912967e-02 -7.530508628020718409e-02 -6.236983728380687125e-02 -4.801136087872333313e-02 -3.259153034459202208e-02 -1.646999605191198576e-02
-1.822425566616179063e-02 -3.624896322674318883e-02 -5.385469339590409632e-02 -7.078468115877907529e-02 -8.673241096132525141e-02 -1.013370651879062778e-01 -1.141895962295849665e-01 -1.248514598168592449e-01 -1.328862093165417979e-01 -1.379011906469720106e-01 -1.395929541454149769e-01 -1.377871549665588835e-01 -1.324634033481056350e-01 -1.237587541500253241e-01 -1.119495146846901795e-01 -9.741720133500160472e-02 -8.060810252657410468e-02 -6.199594648572091804e-02 -4.205436600244166073e-02 -2.124204930853504023e-02
-2.234541393668355164e-02 -4.448901538972889480e-02 -6.619989919481351903e-02 -8.719173223644496873e-02 -1.071024183869977026e-01 -1.254837745018981821e-01 -1.418058116662614665e-01 -1.554798405122532479e-01 -1.659024301313485050e-01 -1.725175296914354672e-01 -1.748874562236577834e-01 -1.727572712042445280e-01 -1.660952922914838426e-01 -1.550978279443078478e-01 -1.401574932032497445e-01 -1.218061054040621011e-01 -1.006494300406139963e-01 -7.730995792173050996e-02 -5.238793655813427097e-02 -2.644383388483953490e-02
-2.666838553773038037e-02 -5.316178662938682992e-02 -7.926415896043913223e-02 -1.046799353758912782e-01 -1.290017608850343722e-01 -1.516898100145833705e-01 -1.720700397067932153e-01 -1.893596658168817115e-01 -2.027261458843712949e-01 -2.113790494289021493e-01 -2.146820769665281348e-01 -2.122591883716286876e-01 -2.040626711059858045e-01 -1.903797771364712510e-01 -1.717765290714886872e-01 -1.490003039597397050e-01 -1.228735590160234814e-01 -9.420652121656081235e-02 -6.374358859746484529e-02 -3.214534816030054781e-02
-3.116634215018001045e-02 -6.222558783414264966e-02 -9.301501722734638322e-02 -1.232620943112243961e-01 -1.525348865856175073e-01 -1.802036711463532725e-01 -2.054248773245731519e-01 -2.271626397965015587e-01 -2.442634403347763439e-01 -2.555904426990652234e-01 -2.602026119314389541e-01 -2.575347287708084076e-01 -2.475164248295582681e-01 -2.305820804000054680e-01 -2.075685457590169258e-01 -1.795450281974873552e-01 -1.476379875014275922e-01 -1.128989834604806064e-01 -7.623455008018356627e-02 -3.839397068969261501e-02
-3.577139610898220218e-02 -7.155920880052406285e-02 -1.073082319092824310e-01 -1.428185442863934840e-01 -1.776720274772939090e-01 -2.111651157551271141e-01 -2.422631546817860526e-01 -2.696025481170454263e-01 -2.915744572084284503e-01 -3.065165332703374546e-01 -3.130030125430399712e-01 -3.101605031810942825e-01 -2.978860742436094111e-01 -2.768634921512460600e-01 -2.483705135735519709e-01 -2.139732701483434973e-01 -1.752343834252266808e-01 -1.335168802212213235e-01 -8.990165984670216159e-02 -4.519598545003208900e-02
-4.036003509073848861e-02 -8.093161975783086381e-02 -1.218401597677918474e-01 -1.630318254764390740e-01 -2.041695606138215768e-01 -2.445215771693299844e-01 -2.828599235220884967e-01 -3.174094484133624383e-01 -3.459141482893826058e-01 -3.658961618788609815e-01 -3.751296386443423447e-01 -3.722153832090118186e-01 -3.570017072828453597e-01 -3.306140329534624778e-01 -2.950761863313100530e-01 -2.527429706636309392e-01 -2.058093521823318728e-01 -1.560324875002526146e-01 -1.046592246172761143e-01 -5.248831093667137571e-02
-4.473712556954990982e-02 -8.996707915541174438e-02 -1.360889629236350373e-01 -1.832990294093433670e-01 -2.314527363797450332e-01 -2.798912821209481039e-01 -3.272437529256655431e-01 -3.712557289558257034e-01 -4.087637903678684737e-01 -4.360017628085525732e-01 -4.493736961798652230e-01 -4.465388423451754907e-01 -4.272675417152195232e-01 -3.935008302745576780e-01 -3.485710599210912752e-01 -2.961110043330899000e-01 -2.392270424790844119e-01 -1.801443959719996601e-01 -1.202144274733144558e-01 -6.009803398579619677e-02
-4.862139130278784332e-02 -9.811061042999495718e-02 -1.492495764426817750e-01 -2.026224999205601951e-01 -2.584504052452282763e-01 -3.163434598722404956e-01 -3.749534228765472599e-01 -4.315607317172575064e-01 -4.817779144522201795e-01 -5.197863341514477042e-01 -5.395733534437939793e-01 -5.370430745292346097e-01 -5.118315148693518557e-01 -4.674353014353567204e-01 -4.095450613853363619e-01 -3.438857504282894495e-01 -2.748390391230108865e-01 -2.051027816442051732e-01 -1.359559329969368124e-01 -6.768938416886641218e-02
-5.163783227614007765e-02 -1.046043941660736859e-01 -1.601761725988300744e-01 -2.194903946246130888e-01 -2.833787057820847943e-01 -3.520560847970153340e-01 -4.245736401153246131e-01 -4.979719300131231763e-01 -5.663373300535203825e-01 -6.206170847140918267e-01 -6.505122913352732184e-01 -6.486223861846730498e-01 -6.143408162741966771e-01 -5.541389210852525338e-01 -4.779667355067240275e-01 -3.949398779701197570e-01 -3.111130640503371181e-01 -2.294664477883108511e-01 -1.508163644719120733e-01 -7.470348534988402456e-02
-5.332554679214170784e-02 -1.084929432209196243e-01 -1.673600254508930407e-01 -2.317813622978564803e-01 -3.034978327317673918e-01 -3.838206629267815195e-01 -4.728744735496793750e-01 -5.680638654831723366e-01 -6.618228435602243609e-01 -7.402358353922855461e-01 -7.857216357822908170e-01 -7.849444356612430562e-01 -7.368686276874598651e-01 -6.533608557528224337e-01 -5.517125385664009007e-01 -4.462795407380066859e-01 -3.450758282266643273e-01 -2.508082716604606577e-01 -1.631358886109475770e-01 -8.030778363059166980e-02
-5.317140910125065650e-02 -1.086817214264842596e-01 -1.689885281385205551e-01 -2.367669389104378741e-01 -3.149380087091556146e-01 -4.064648490832739047e-01 -5.134562239628931435e-01 -6.347050739309695322e-01 -7.612486935847804226e-01 -8.725788152449800439e-01 -9.400666635589757236e-01 -9.409532529772616227e-01 -8.735234448329667334e-01 -7.582620537614261913e-01 -6.237179060238579043e-01 -4.915328989898993806e-01 -3.716293007035731955e-01 -2.654635446314177472e-01 -1.705977586403364665e-01 -8.339027684079383662e-02
-5.067835658636102997e-02 -1.040737639368623513e-01 -1.631424230414156851e-01 -2.313317850649938834e-01 -3.128237623438043791e-01 -4.125788736462942530e-01 -5.354472701625218045e-01 -6.826943732161832035e-01 -8.446767519413554970e-01 -9.934791488482614952e-01 -1.086779712777893758e+00 -1.089719337682848010e+00 -9.997093428481097499e-01 -8.483460031093296161e-01 -6.782447727231950552e-01 -5.194231486538635201e-01 -3.831501971741658741e-01 -2.685687860567777530e-01 -1.703647154267401154e-01 -8.265150263084444782e-02
-4.546822327762346794e-02 -9.379205033097483268e-02 -1.481693756189454425e-01 -2.125357823701225779e-01 -2.920342959657301063e-01 -3.933690885754711486e-01 -5.240708381588207176e-01 -6.882406064827681913e-01 -8.765407129055842184e-01 -1.055199387181580573e+00 -1.169865754346889997e+00 -1.174696693398474823e+00 -1.066311184952864144e+00 -8.864314662878524098e-01 -6.901287302864157480e-01 -5.142233436653235179e-01 -3.702937735182721402e-01 -2.547779597083741909e-01 -1.595648669354478300e-01 -7.684258958817775931e-02
-3.740243886415910157e-02 -7.745604309918845132e-02 -1.231974391092297699e-01 -1.785161008966352214e-01 -2.487605560758380796e-01 -3.413163375620502094e-01 -4.650917169340993418e-01 -6.260865482130133497e-01 -8.162373282019623755e-01 -1.000576881617878611e+00 -1.120644249141505178e+00 -1.126422562766048241e+00 -1.014235580567818484e+00 -8.297084014929092532e-01 -6.322971666269171509e-01 -4.604716048965269426e-01 -3.248002618598256341e-01 -2.198687235537779838e-01 -1.361547814650974908e-01 -6.514073631296742051e-02
-2.668543275906944817e-02 -5.543129582346678630e-02 -8.863654514598333367e-02 -1.294614723429500236e-01 -1.824030661977215362e-01 -2.539005296757174124e-01 -3.520443911016900018e-01 -4.828404712237397978e-01 -6.403875110753207700e-01 -7.952643599341804315e-01 -8.970735806060056161e-01 -9.023200949100617096e-01 -8.078125822934880684e-01 -6.532796483340636007e-01 -4.900918942251859534e-01 -3.508066566722459201e-01 -2.435326646317461652e-01 -1.627695781002683750e-01 -9.990244681780689751e-02 -4.754977494647319447e-02
-1.390794402652169651e-02 -2.894630891164712283e-02 -4.644540876349545488e-02 -6.819154620368327036e-02 -9.679174321460728980e-02 -1.360942711277378647e-01 -1.911202238127059916e-01 -2.659137240928830526e-01 -3.575484569272255331e-01 -4.487784740981033971e-01 -5.092505877924580204e-01 -5.124981611192657160e-01 -4.565788898602359258e-01 -3.656969152340338036e-01 -2.708629246179826144e-01 -1.912761342536769271e-01 -1.312051626642573576e-01 -8.689589378299313049e-02 -5.300702272160246614e-02 -2.514164382362276545e-02
