-7.862930490634172792e-03 -1.539236210350541229e-02 -2.227793162465411397e-02 -2.825410589230387126e-02 -3.311853535470898890e-02 -3.674470773826379877e-02 -3.908670643677272794e-02 -4.017500989286398178e-02 -4.010410408820480610e-02 -3.901445536787341573e-02 -3.707235661793184534e-02 -3.445100750270957413e-02 -3.131521477945044957e-02 -2.781080143419151912e-02 -2.405870928658154426e-02 -2.015306488703790672e-02 -1.616218139799027731e-02 -1.213149422293119221e-02 -8.087601386165540335e-03 -4.042832481725724958e-03
-1.605935940714979526e-02 -3.142858541768988462e-02 -4.546525732143581050e-02 -5.761995540856219844e-02 -6.747532737021960658e-02 -7.477358975594187995e-02 -7.942710921157787596e-02 -8.150923047452404702e-02 -8.122695220897697965e-02 -7.888136274641768808e-02 -7.482396522951227646e-02 -6.941646149920076281e-02 -6.299905273870581857e-02 -5.586928283380251242e-02 -4.827097206894989667e-02 -4.039136822782139757e-02 -3.236416628948261126e-02 -2.427619480091042226e-02 -1.617607940709245642e-02 -8.083730018956987798e-03
-2.494592143466374187e-02 -4.879736209038260802e-02 -7.053455588337348425e-02 -8.928513054285053263e-02 -1.043892294098854590e-01 -1.154472169481667310e-01 -1.223389129262989483e-01 -1.252078536648706109e-01 -1.244131137240606921e-01 -1.204600800211324124e-01 -1.139256836615610835e-01 -1.053918242317335718e-01 -9.539525677757428046e-02 -8.439630924279661883e-02 -7.276452782726379465e-02 -6.077727060261130243e-02 -4.862692037490386199e-02 -3.643303978185352676e-02 -2.425679556211350271e-02 -1.211600902249314847e-02
-3.492696514476145708e-02 -6.828038663075469694e-02 -9.859047458800791752e-02 -1.245967822455062574e-01 -1.453492446148287598e-01 -1.602871386386813535e-01 -1.692734760903789049e-01 -1.725701608144179777e-01 -1.707575720743497727e-01 -1.646201613438503242e-01 -1.550268676879389684e-01 -1.428298990117405354e-01 -1.287938456735324977e-01 -1.135561735905177144e-01 -9.761356229105365434e-02 -8.132626578793684946e-02 -6.493320597092946955e-02 -4.857225025197112189e-02 -3.230205633995116010e-02 -1.612351274652952179e-02
-4.648155429427455743e-02 -9.080674700247930164e-02 -1.309501740979814033e-01 -1.651622784532803534e-01 -1.921238262352787107e-01 -2.110786168797043061e-01 -2.218976932991583995e-01 -2.250417451075937270e-01 -2.214268542653888283e-01 -2.122361286425640536e-01 -1.987317286303104114e-01 -1.821070626749049792e-01 -1.633940580856174940e-01 -1.434209822214345675e-01 -1.228072859603453332e-01 -1.019810265308638969e-01 -8.120738919766808117e-02 -6.062070133011355361e-02 -4.025566915474292073e-02 -2.007598774069558126e-02
-6.019250029726967016e-02 -1.175148548366796164e-01 -1.692411506389290554e-01 -2.129782497070815406e-01 -2.469050586561251925e-01 -2.700057062740662261e-01 -2.821968606835904003e-01 -2.842722321406254138e-01 -2.776719569534769616e-01 -2.641657662413290364e-01 -2.455568576504474354e-01 -2.234725680007855209e-01 -1.992543468806931006e-01 -1.739264167217618451e-01 -1.482135770430796362e-01 -1.225831682298686859e-01 -9.729462563881960402e-02 -7.244749794222460348e-02 -4.802393435042798947e-02 -2.392477014368034338e-02
-7.677348158470052863e-02 -1.498186902698433742e-01 -2.155205710517282547e-01 -2.706032221106009494e-01 -3.125107804381416221e-01 -3.398406487160061107e-01 -3.526105925768809879e-01 -3.521776821538863400e-01 -3.408226867884739941e-01 -3.211980329144525359e-01 -2.958573486849105372e-01 -2.669720072056513405e-01 -2.362243496628464445e-01 -2.048167667263672831e-01 -1.735374437302904527e-01 -1.428434472853011283e-01 -1.129404507888967513e-01 -8.385073336388465526e-02 -5.546780044070787757e-02 -2.759916011563881902e-02
-9.708143573490365941e-02 -1.894619845888946552e-01 -2.724104938407577170e-01 -3.413883679093701606e-01 -3.926748606979947875e-01 -4.242165284493927269e-01 -4.362130443852678119e-01 -4.309972436156978004e-01 -4.122396679510708650e-01 -3.839452312178174842e-01 -3.497022323534752508e-01 -3.123337177880343707e-01 -2.738542785071146346e-01 -2.355788611232090546e-01 -1.982759900300196110e-01 -1.623127313147985640e-01 -1.277730007524327527e-01 -9.454718664928958571e-02 -6.239737626668317994e-02 -3.100406989212736372e-02
-1.220788870955633321e-01 -2.385034389198091853e-01 -3.431946543565591035e-01 -4.297343088388715926e-01 -4.924145588792879780e-01 -5.279713628841516959e-01 -5.369040667147950696e-01 -5.232887402090066198e-01 -4.931636332559136693e-01 -4.526313084405236831e-01 -4.066702580822412760e-01 -3.588059179119738595e-01 -3.112801295349552078e-01 -2.653684099333897817e-01 -2.216749290097091984e-01 -1.803584927602865928e-01 -1.412916388304680249e-01 -1.041676393257623401e-01 -6.857045071252799995e-02 -3.401974411889591154e-02
-1.526551044211269526e-01 -2.990534430236407859e-01 -4.316235083382427007e-01 -5.410732631325058106e-01 -6.181550880244495172e-01 -6.572476307062906642e-01 -6.593221006442632204e-01 -6.316266155533608595e-01 -5.842965492810284767e-01 -5.266818112446760569e-01 -4.655257711373400054e-01 -4.049366266114114432e-01 -3.470915033536567940e-01 -2.929396802122529175e-01 -2.426968268952278684e-01 -1.961546766643403050e-01 -1.528674282937664552e-01 -1.122612850200384177e-01 -7.369704537245035103e-02 -3.650445714535387881e-02
-1.891080281463435875e-01 -3.723012048071278057e-01 -5.406234978569470773e-01 -6.804228290776805910e-01 -7.762389630889960923e-01 -8.179963635231464192e-01 -8.073809502440053576e-01 -7.572684841897364683e-01 -6.847169685651481874e-01 -6.039502008599041405e-01 -5.237348779245023511e-01 -4.483085008565980134e-01 -3.792074899959833600e-01 -3.166017624569002487e-01 -2.600180085037764877e-01 -2.086959639074682238e-01 -1.617621177636966723e-01 -1.183130309259639579e-01 -7.745199164882063392e-02 -3.830103958804325498e-02
-2.300268584040167930e-01 -4.561098442640695860e-01 -6.684279162391896234e-01 -8.471436521081219251e-01 -9.668568804788912896e-01 -1.009975708424015961e+00 -9.791948351191259725e-01 -8.964642013458843373e-01 -7.895510037264084069e-01 -6.794341262252081570e-01 -5.768518890938792998e-01 -4.852985138430152001e-01 -4.048202173967836437e-01 -3.342410224759794213e-01 -2.720774181322219154e-01 -2.168490529948793322e-01 -1.671720538413974111e-01 -1.217767322046806044e-01 -7.949685252273409886e-02 -3.924771064594136799e-02
-2.707021144953682401e-01 -5.412274950088915570e-01 -8.017481381047029121e-01 -1.024858521166351455e+00 -1.171862904493069513e+00 -1.214753849704101052e+00 -1.157464095570851725e+00 -1.034164274491376601e+00 -8.866019906637823134e-01 -7.438199816122402774e-01 -6.180639192104835367e-01 -5.110501654731022247e-01 -4.205107802390368743e-01 -3.434622267599559686e-01 -2.772013949567773694e-01 -2.194507697186977579e-01 -1.683003158546986788e-01 -1.221249946720302237e-01 -7.951097653779233554e-02 -3.919295048142356491e-02
-3.023804296227396438e-01 -6.090620291692367960e-01 -9.109478626953541047e-01 -1.173504529177969768e+00 -1.344703514153903212e+00 -1.385855472933723798e+00 -1.302076294651733024e+00 -1.139872101673965910e+00 -9.548034513973017168e-01 -7.833732731762822477e-01 -6.386142723132112176e-01 -5.199697265581283423e-01 -4.226599788195386509e-01 -3.418903031632407608e-01 -2.738147327367077000e-01 -2.154522932936741020e-01 -1.644534495211606440e-01 -1.189119562218707848e-01 -7.722910979958151623e-02 -3.801311491503086420e-02
-3.145228625513509790e-01 -6.363754185837012800e-01 -9.572926831926652502e-01 -1.238844426608032512e+00 -1.421272985952289014e+00 -1.459591676778132507e+00 -1.359596400384124548e+00 -1.175022239622749209e+00 -9.693946516287180737e-01 -7.832909407482770980e-01 -6.298626663465324294e-01 -5.069604163017880083e-01 -4.081851778383541740e-01 -3.276152908731503333e-01 -2.607142158466680404e-01 -2.040901816832149662e-01 -1.551492345266542450e-01 -1.118402740161535125e-01 -7.248039299078976039e-02 -3.563039978505298105e-02
-3.001567772504469267e-01 -6.075751005160470175e-01 -9.143645316491633146e-01 -1.183425022893411338e+00 -1.357042677848253165e+00 -1.391794954454152577e+00 -1.293327575471868718e+00 -1.113617606823247952e+00 -9.141418916923619298e-01 -7.342123581542204791e-01 -5.865723187514484405e-01 -4.690762159917156171e-01 -3.753993687770172394e-01 -2.996601544538773920e-01 -2.373357449950442843e-01 -1.850449311182407186e-01 -1.402130349721327773e-01 -1.008195153672340472e-01 -6.522179072412405409e-02 -3.202809250929065238e-02
-2.602268084789774449e-01 -5.249618576412541371e-01 -7.864057063506223466e-01 -1.013614770075214278e+00 -1.159788689501263681e+00 -1.190160215929996657e+00 -1.109456092270088012e+00 -9.597453066746091110e-01 -7.913225310242374411e-01 -6.372693373565950781e-01 -5.093086980470575842e-01 -4.066590594727105823e-01 -3.245750956820934174e-01 -2.582794173767925527e-01 -2.039228048823970019e-01 -1.585407121456943458e-01 -1.198384594469490139e-01 -8.600296476391651457e-02 -5.555916475526972292e-02 -2.726018083733783640e-02
-2.025486008697726381e-01 -4.062563454523807072e-01 -6.038767722444446928e-01 -7.730449687461207198e-01 -8.816512451156685026e-01 -9.064103265278633526e-01 -8.507456675233873167e-01 -7.433948071402882718e-01 -6.193953880830904701e-01 -5.029667735196452494e-01 -4.039639167979399148e-01 -3.231599341807616654e-01 -2.578895975633910265e-01 -2.049518055613328837e-01 -1.615347141544738185e-01 -1.253566164034061459e-01 -9.459712662752085832e-02 -6.779472176386129589e-02 -4.375172496181628512e-02 -2.145346755893303911e-02
-1.364507541548670155e-01 -2.720412114953783544e-01 -4.011016186631093938e-01 -5.097965625876331730e-01 -5.795032524965929577e-01 -5.971430349006238147e-01 -5.648400077773017003e-01 -4.991701387812538804e-01 -4.208478545183307884e-01 -3.450599084303969111e-01 -2.789011736602102220e-01 -2.238440411889150716e-01 -1.788315580687740158e-01 -1.420992128999829518e-01 -1.119072846959773687e-01 -8.675389286951545875e-02 -6.539870863304803050e-02 -4.682707189620995830e-02 -3.019954697420901973e-02 -1.480196548755767505e-02
-6.819505186950645947e-02 -1.353783800149855610e-01 -1.984482158398124529e-01 -2.509337235994134052e-01 -2.845862193458252865e-01 -2.937793300242286798e-01 -2.795105565021364091e-01 -2.490900017815180778e-01 -2.118471633126318698e-01 -1.749554419423620943e-01 -1.421053532633201333e-01 -1.143658091856254305e-01 -9.147675765946776394e-02 -7.270442656799801229e-02 -5.724117726253802330e-02 -4.435295388522298571e-02 -3.341674327476185091e-02 -2.391531035284957113e-02 -1.541742634999072881e-02 -7.554847921520124049e-03
