-4.353426663006844388e-03 -8.538328744015749594e-03 -1.239705820178360098e-02 -1.579286269557126851e-02 -1.861815505079908797e-02 -2.080019231354194448e-02 -2.230349384046917405e-02 -2.312873159307040141e-02 -2.330835921812865127e-02 -2.289975977664840054e-02 -2.197705066755785766e-02 -2.062274319044888130e-02 -1.892027703714070988e-02 -1.694810161858446157e-02 -1.477559988284265699e-02 -1.246082876976974813e-02 -1.004984320782685049e-02 -7.577270870064001414e-03 -5.067793817362015001e-03 -2.538231427788341810e-03
-8.875377752755117186e-03 -1.740282882277208870e-02 -2.525704230936903077e-02 -3.215623841954324408e-02 -3.787956712575506896e-02 -4.227912321908239290e-02 -4.528505337418685384e-02 -4.690307684585266063e-02 -4.720494884772605260e-02 -4.631363310243959835e-02 -4.438570338535759163e-02 -4.159364835461015070e-02 -3.811026584428590935e-02 -3.409653212623919155e-02 -2.969347194729328107e-02 -2.501787428374059249e-02 -2.016127468487179802e-02 -1.519144800459303751e-02 -1.015567167689302754e-02 -5.085131911111783788e-03
-1.374525394770069811e-02 -2.694056603952979176e-02 -3.907204324534512691e-02 -4.969548344105041704e-02 -5.846475480788496798e-02 -6.515168186969863551e-02 -6.965452346733545796e-02 -7.199357598621217158e-02 -7.229473067095283645e-02 -7.076412481039948132e-02 -6.765848565015844529e-02 -6.325588429331047147e-02 -5.783060925398431085e-02 -5.163429254602134449e-02 -4.488388502543747688e-02 -3.775592552486083803e-02 -3.038593521491432872e-02 -2.287157431250195008e-02 -1.527831311449068946e-02 -7.646622748067778350e-03
-1.916507158059171587e-02 -3.754213723484069176e-02 -5.439508286281558025e-02 -6.908889968224718459e-02 -8.113228946255995888e-02 -9.020832910564433038e-02 -9.618778387398366214e-02 -9.912197583186867222e-02 -9.921627665985818800e-02 -9.678965386948820693e-02 -9.222823354739394242e-02 -8.594079689077786799e-02 -7.832199525562789921e-02 -6.972614612802832679e-02 -6.045185333755317275e-02 -5.073601090916782935e-02 -4.075496932731905581e-02 -3.063060321380726286e-02 -2.043938271786058594e-02 -1.022304690061868332e-02
-2.537289522367111930e-02 -4.966782860777214231e-02 -7.187725404241161742e-02 -9.113274570642168615e-02 -1.067671781492793015e-01 -1.183615623315741328e-01 -1.257663087868007012e-01 -1.290902680747140763e-01 -1.286587489188563138e-01 -1.249499841295659136e-01 -1.185240014236196432e-01 -1.099570755605511763e-01 -9.979043117850174005e-02 -8.849644426056374469e-02 -7.646137353470792986e-02 -6.398129943501479344e-02 -5.126733041658562001e-02 -3.845648835558362205e-02 -2.562556848284875885e-02 -1.280618163758053506e-02
-3.265868102738501977e-02 -6.387903106930156727e-02 -9.231336275328530516e-02 -1.167976570205228465e-01 -1.364421203978772035e-01 -1.507044377065190899e-01 -1.594256248656932551e-01 -1.628140431008290034e-01 -1.613784728337525620e-01 -1.558275389247187337e-01 -1.469607177661830522e-01 -1.355730786907143604e-01 -1.223862122061655927e-01 -1.080078314434260306e-01 -9.291590071563547715e-02 -7.746048743304588535e-02 -6.187656849992054231e-02 -4.630245440816735392e-02 -3.080022307350590779e-02 -1.537611208597982303e-02
-4.138279937299148281e-02 -8.087625288506676557e-02 -1.166995132082931375e-01 -1.473024019757391556e-01 -1.714992122221856152e-01 -1.885884452744165940e-01 -1.984177135752086263e-01 -2.013618118444149840e-01 -1.982135687283640424e-01 -1.900209894281554845e-01 -1.779182619714960722e-01 -1.629883161106947809e-01 -1.461735155985360857e-01 -1.282327742109438951e-01 -1.097339170870021419e-01 -9.106818573293148922e-02 -7.247600576746114631e-02 -5.407654147697983638e-02 -3.589675966411822600e-02 -1.789804559758426117e-02
-5.199626036305445009e-02 -1.015436591752770373e-01 -1.463060127136972255e-01 -1.842131844674545216e-01 -2.136638256044941508e-01 -2.337323614056050769e-01 -2.442949309426277194e-01 -2.460019029352822073e-01 -2.400929969367475436e-01 -2.281245946464081076e-01 -2.117030324981181155e-01 -1.922884183600399310e-01 -1.710867689451753826e-01 -1.490158423246206731e-01 -1.267188141084494846e-01 -1.046023396592158233e-01 -8.288273003600607480e-02 -6.163094917750058105e-02 -4.081223114893301612e-02 -2.031931161068243133e-02
-6.505852455961134984e-02 -1.269959306158737755e-01 -1.827672749405538921e-01 -2.295797557559504654e-01 -2.652095509259433381e-01 -2.883812343738912931e-01 -2.990269728722971809e-01 -2.982574223113296230e-01 -2.880317294308866183e-01 -2.706812980588219064e-01 -2.484808456083982542e-01 -2.233755603400388035e-01 -1.968693069759429592e-01 -1.700250207969501159e-01 -1.435231646902170033e-01 -1.177396320510374350e-01 -9.282163012320221451e-02 -6.875229668725198195e-02 -4.540190665090679256e-02 -2.256697259434594857e-02
-8.124119371029511760e-02 -1.586120666022214631e-01 -2.281822755009545733e-01 -2.861199477267992730e-01 -3.292012365618195990e-01 -3.555437063984980828e-01 -3.651647950335210613e-01 -3.599635365814458643e-01 -3.430927465092047379e-01 -3.180872042632698071e-01 -2.881632856455589309e-01 -2.558636355366910031e-01 -2.229898798658405679e-01 -1.906917759770002940e-01 -1.596091973301038691e-01 -1.300113992319986422e-01 -1.019118623283949560e-01 -7.515470443733535122e-02 -4.947612991941383043e-02 -2.454667409336147230e-02
-1.012875882924337279e-01 -1.980085682654266765e-01 -2.851824594972245941e-01 -3.574327830768320724e-01 -4.098194893502440372e-01 -4.393134931882504146e-01 -4.460371044109539551e-01 -4.332878814312486337e-01 -4.062658134332732263e-01 -3.704038712385225862e-01 -3.302195254590203910e-01 -2.889254483195048406e-01 -2.485347535257392271e-01 -2.101430087594810259e-01 -1.742104562831813253e-01 -1.407849085783607901e-01 -1.096597204034468059e-01 -8.047853199862473050e-02 -5.280123826762223721e-02 -2.614359768645959162e-02
-1.258544093432679145e-01 -2.468100388727520467e-01 -3.567746731271898009e-01 -4.480229577750034498e-01 -5.125445396485119876e-01 -5.450550704948926573e-01 -5.457670899662024899e-01 -5.205258714673109965e-01 -4.781197632511857698e-01 -4.269895993739267204e-01 -3.733719318655498443e-01 -3.210812717840405561e-01 -2.720803026202913144e-01 -2.271350161926727895e-01 -1.863047134924638581e-01 -1.492580644396434009e-01 -1.154635813012464540e-01 -8.429846997729636970e-02 -5.510669905612086694e-02 -2.722648129508674700e-02
-1.550749119548798238e-01 -3.058482512265917608e-01 -4.453237362441012093e-01 -5.622284180800901643e-01 -6.431098069370403403e-01 -6.783569273791550946e-01 -6.681856197450283252e-01 -6.230224290391839226e-01 -5.578539581827162142e-01 -4.857797027222055530e-01 -4.151253242410330446e-01 -3.499335263363641535e-01 -2.915681517891768881e-01 -2.400118251788115054e-01 -1.946153067103041923e-01 -1.544790584016208779e-01 -1.186380746459993613e-01 -8.614507096441008371e-02 -5.610061026741038764e-02 -2.765563171652067956e-02
-1.876109503430908043e-01 -3.731499562116397661e-01 -5.493651456362284025e-01 -6.999399902836678233e-01 -8.025301395078076050e-01 -8.400268806255669629e-01 -8.124622093791395994e-01 -7.378551354094672332e-01 -6.410992693127557374e-01 -5.420108758845227914e-01 -4.511264125001530068e-01 -3.719035032512167382e-01 -3.042387935121675380e-01 -2.467279303127538070e-01 -1.976655605567420870e-01 -1.554047881215991078e-01 -1.184645907726383646e-01 -8.554313223065419802e-02 -5.549504222105171303e-02 -2.729543710856268887e-02
-2.192119044639305458e-01 -4.405218522600203301e-01 -6.574603611013049020e-01 -8.474637273910996527e-01 -9.758738485405660246e-01 -1.014761368629140126e+00 -9.637281521259866146e-01 -8.514487601238966974e-01 -7.163246718503915034e-01 -5.865644322523573262e-01 -4.745823926394835413e-01 -3.821449212312226229e-01 -3.067306953868867425e-01 -2.449927896800044025e-01 -1.939139905695620447e-01 -1.510099329265579271e-01 -1.142723702533399582e-01 -8.206782615627923605e-02 -5.304099114286203037e-02 -2.603107508747954171e-02
-2.417633074588318165e-01 -4.908730981378385261e-01 -7.425879962343674423e-01 -9.683352926293145035e-01 -1.120447745960081010e+00 -1.159212725762503338e+00 -1.083647554146685676e+00 -9.338201170908977389e-01 -7.622539525363132284e-01 -6.053094730019560332e-01 -4.764512308467132029e-01 -3.749692570131507585e-01 -2.954887143070930589e-01 -2.325921692230107918e-01 -1.819871489804457398e-01 -1.404485537525581584e-01 -1.055471326864818871e-01 -7.541481436912884917e-02 -4.857002102316634179e-02 -2.378787318165262107e-02
-2.447862761772485463e-01 -5.011313345262898844e-01 -7.662327494711513864e-01 -1.008198751045545016e+00 -1.171071234400955285e+00 -1.207346678642794435e+00 -1.115567983473597424e+00 -9.431822177695481368e-01 -7.516221767790859376e-01 -5.818957987844036728e-01 -4.473643561491241205e-01 -3.451019918405013875e-01 -2.675618614992107958e-01 -2.078888509241129667e-01 -1.609929489506939093e-01 -1.232499468085844069e-01 -9.205279492286966292e-02 -6.547427967233754309e-02 -4.203640768941346167e-02 -2.055039635025815783e-02
-2.200677345958212683e-01 -4.528336041311574744e-01 -6.968421020512158837e-01 -9.217252145896357440e-01 -1.072913483371639609e+00 -1.103706726385425219e+00 -1.012544695212883594e+00 -8.458536483905171321e-01 -6.634437071207226477e-01 -5.045930489649070871e-01 -3.812534012613682521e-01 -2.895956574195104327e-01 -2.216338832177866258e-01 -1.703935808382235906e-01 -1.308446065904339262e-01 -9.950541663182040086e-02 -7.393982073946157862e-02 -5.239310538608379225e-02 -3.355093392806120234e-02 -1.637730505315547480e-02
-1.663549732734908304e-01 -3.431447863915665364e-01 -5.295922512837750729e-01 -7.020769719985217039e-01 -8.178434538325531911e-01 -8.402338094393866363e-01 -7.679897052966149218e-01 -6.374973422314329508e-01 -4.956026556817625384e-01 -3.729541969631323672e-01 -2.786722314809763623e-01 -2.094700948233205184e-01 -1.588494894732895291e-01 -1.211920321048410853e-01 -9.248522814375488565e-02 -6.998721640804066169e-02 -5.180796543448532715e-02 -3.660738967025539692e-02 -2.339691754614874400e-02 -1.140789008040537025e-02
-8.976761626298754293e-02 -1.855170752882620289e-01 -2.870039804340546175e-01 -3.812313699097780728e-01 -4.444647077916201172e-01 -4.562899468095351074e-01 -4.159878607031151643e-01 -3.437902589627139793e-01 -2.656884510509600061e-01 -1.985785579514850185e-01 -1.473560348749343440e-01 -1.100582234929894376e-01 -8.299893503834761266e-02 -6.302841797300451354e-02 -4.791609916102439193e-02 -3.615019599966502739e-02 -2.669743335385181549e-02 -1.883156971729393198e-02 -1.202145633080178855e-02 -5.857336576388493671e-03
