-7.760909472347052827e-03 -1.539161067891656534e-02 -2.275585034583805372e-02 -2.970686746818338234e-02 -3.608593609147394549e-02 -4.172513320605499704e-02 -4.645494574821943529e-02 -5.011634927727050270e-02 -5.257580700291224207e-02 -5.374043506333193304e-02 -5.356979453018394233e-02 -5.208136649909174409e-02 -4.934810418754279060e-02 -4.548866245621172033e-02 -4.065285915746200823e-02 -3.500569830621429179e-02 -2.871315635151991050e-02 -2.193191415538347719e-02 -1.480386488826539344e-02 -7.455317756762632961e-03
-1.565203374464176414e-02 -3.104968369060896391e-02 -4.592494185372281851e-02 -5.998570517890725040e-02 -7.291176326585532830e-02 -8.435967516947244504e-02 -9.397831980228425752e-02 -1.014346449060381516e-01 -1.064464565466658880e-01 -1.088161456801985533e-01 -1.084573837471891206e-01 -1.054075874314343714e-01 -9.982239187539787562e-02 -9.195369017829159441e-02 -8.211708573587879478e-02 -7.065677853566211530e-02 -5.791503277179082393e-02 -4.421065266912885261e-02 -2.982824201342534204e-02 -1.501741924748947569e-02
-2.379753289407112588e-02 -4.723017141504289029e-02 -6.990853396569392253e-02 -9.139928414318024275e-02 -1.112157760185192856e-01 -1.288235164137777611e-01 -1.436640400137317586e-01 -1.551974718941991072e-01 -1.629592395539364580e-01 -1.666203253675918317e-01 -1.660360400163636285e-01 -1.612692254504417277e-01 -1.525802127907865680e-01 -1.403866411504939293e-01 -1.252050189728891871e-01 -1.075893318991568703e-01 -8.807956340308699394e-02 -6.716744849190284250e-02 -4.528106036658837569e-02 -2.278612315731814650e-02
-3.230792912500382585e-02 -6.416493440283545235e-02 -9.507974572440405781e-02 -1.244871474430881003e-01 -1.517285590638980941e-01 -1.760546052593858213e-01 -1.966568752291208977e-01 -2.127319690368557614e-01 -2.235727384711720667e-01 -2.286698970385213914e-01 -2.277972682996900200e-01 -2.210531072748974368e-01 -2.088426217765925463e-01 -1.918076639908621872e-01 -1.707270404551837761e-01 -1.464159749710455261e-01 -1.196464631410371626e-01 -9.109853497375625109e-02 -6.134243151600927285e-02 -3.084602085923556988e-02
-4.126925074566602930e-02 -8.204190009311729259e-02 -1.217583741120381730e-01 -1.597410229777425084e-01 -1.951567327604980251e-01 -2.270095003294233527e-01 -2.541769175808442638e-01 -2.755008249111475238e-01 -2.899298777751790901e-01 -2.966893078240091519e-01 -2.954300811064500265e-01 -2.863033700223185929e-01 -2.699295502727319662e-01 -2.472743898447324062e-01 -2.194795334980973178e-01 -1.877010987614635695e-01 -1.529918047789004254e-01 -1.162378087952909839e-01 -7.814411724903340406e-02 -3.925552164191387777e-02
-5.072716918707162459e-02 -1.009750588479090272e-01 -1.501708304255278681e-01 -1.975618503460128683e-01 -2.421478734873077077e-01 -2.826497715247067721e-01 -3.175404810182148596e-01 -3.451645261527571118e-01 -3.639566000075490915e-01 -3.727273106244201051e-01 -3.709303501081988585e-01 -3.588007121070515004e-01 -3.372978314968894664e-01 -3.078808301068252096e-01 -2.722156353344537538e-01 -2.319171168013283157e-01 -1.883818766135592904e-01 -1.427167844710107991e-01 -9.574069615338673400e-02 -4.803193591778496391e-02
-6.066439409248926273e-02 -1.209603542924124753e-01 -1.803880681328535740e-01 -2.381877161999685910e-01 -2.932231287950194942e-01 -3.439011622254714573e-01 -3.881703647101066856e-01 -4.236594024550463522e-01 -4.480033602465864906e-01 -4.593313609791642715e-01 -4.567617804271506543e-01 -4.406702610615313986e-01 -4.125796984877488360e-01 -3.747352677716816460e-01 -3.295850492078657989e-01 -2.793698951707507816e-01 -2.259018499214583420e-01 -1.705067913338906005e-01 -1.140699476384653965e-01 -5.713152426617219143e-02
-7.097006446261981683e-02 -1.418139343737555291e-01 -2.122333906006836635e-01 -2.815777479542934114e-01 -3.486553693992647807e-01 -4.115597578569779036e-01 -4.675757565403870220e-01 -5.132894219623752585e-01 -5.450499941506488089e-01 -5.598133565449849858e-01 -5.560969910639874669e-01 -5.345261075995394462e-01 -4.976086873241141739e-01 -4.488927857778821084e-01 -3.920186180713489676e-01 -3.300754251181786669e-01 -2.653488753358334007e-01 -1.993386107643229654e-01 -1.329007977158380982e-01 -6.642420996374789888e-02
-8.140195997822323448e-02 -1.630919429643786778e-01 -2.451537179760934215e-01 -3.272337586984533919e-01 -4.082568954565143904e-01 -4.860921067486394520e-01 -5.572422771642937533e-01 -6.167849218703422842e-01 -6.589526767852575961e-01 -6.786027549053523789e-01 -6.731272383074075050e-01 -6.436166439094118674e-01 -5.943767036934655135e-01 -5.311846235947728090e-01 -4.595139446127628480e-01 -3.835626859440638969e-01 -3.060793824392576967e-01 -2.285979919529472215e-01 -1.517704367183093650e-01 -7.566451881448908734e-02
-9.154584378180888327e-02 -1.839980939025056550e-01 -2.780549632199482701e-01 -3.739412804906957488e-01 -4.710199554725263416e-01 -5.672118419122095245e-01 -6.582425092498155328e-01 -7.370735433247895818e-01 -7.944360604058562370e-01 -8.213738702512670686e-01 -8.131340068698444945e-01 -7.716939383750590631e-01 -7.047019934157576770e-01 -6.217958925250857138e-01 -5.312412599483637976e-01 -4.385707557851315497e-01 -3.468060658936397700e-01 -2.572033097095144383e-01 -1.699184267346565969e-01 -8.446343255790179916e-02
-1.007832941397820981e-01 -2.032991577502753777e-01 -3.091225403115947512e-01 -4.194292197844131653e-01 -5.345369037442635474e-01 -6.530013700217429662e-01 -7.700649525373077786e-01 -8.759042884104514259e-01 -9.556311660673957320e-01 -9.935689985225801824e-01 -9.810163147137394013e-01 -9.215877516815315085e-01 -8.289550449239432295e-01 -7.192549487438121281e-01 -6.048397760466003303e-01 -4.926163665931665991e-01 -3.853609046799544302e-01 -2.834894476549842390e-01 -1.862364159272969222e-01 -9.227076161447121672e-02
-1.082880304464406140e-01 -2.192908253284366060e-01 -3.356906870493200912e-01 -4.600122620872860724e-01 -5.941902250893631443e-01 -7.383178618575155783e-01 -8.878596186746908758e-01 -1.029689433340287508e+00 -1.140645469601931694e+00 -1.194316675810065620e+00 -1.175472267084160194e+00 -1.090443149965585556e+00 -9.627014404835907424e-01 -8.183758148794644249e-01 -6.753135279454048900e-01 -5.414779161598446411e-01 -4.184938388551809330e-01 -3.051521366619348585e-01 -1.992665271350999578e-01 -9.838316090374933653e-02
-1.130775287048194078e-01 -2.298799721024708531e-01 -3.542904425255459788e-01 -4.904385590414250817e-01 -6.424288712889029140e-01 -8.128038667170479625e-01 -9.981861393514944725e-01 -1.182098100203776259e+00 -1.331006169963846020e+00 -1.404172514988399012e+00 -1.377433127763447951e+00 -1.260845630665339057e+00 -1.091140278528441865e+00 -9.074083777072134982e-01 -7.338638283181524447e-01 -5.788632570036227332e-01 -4.418747528963810622e-01 -3.193441637237611208e-01 -2.072929467586069607e-01 -1.019952404648979544e-01
-1.141410696178137563e-01 -2.328490771639999679e-01 -3.610502854643925508e-01 -5.043645468984560010e-01 -6.690729875663939952e-01 -8.604152909446237674e-01 -1.076723514071431076e+00 -1.298850612037245389e+00 -1.483312080770578190e+00 -1.575009025678383967e+00 -1.540675262410957425e+00 -1.394172710905596579e+00 -1.185641624921142556e+00 -9.669181375070692308e-01 -7.679615293140660270e-01 -5.968678400644267246e-01 -4.505574860500994316e-01 -3.230248684794436165e-01 -2.085626724442820601e-01 -1.023046052547779972e-01
-1.106359103820862971e-01 -2.263050069950779120e-01 -3.525271854304821706e-01 -4.958032736072614521e-01 -6.637520192515392603e-01 -8.633506152142991219e-01 -1.094202124941106025e+00 -1.335911219226876501e+00 -1.539380738692779138e+00 -1.641139103046653558e+00 -1.602552751846992862e+00 -1.439728597733453741e+00 -1.210673034244622803e+00 -9.745472289849363978e-01 -7.643827668518441421e-01 -5.878158145694498682e-01 -4.400633540000489230e-01 -3.135820539856334910e-01 -2.016229181821297678e-01 -9.866010132407365685e-02
-1.020953483752674862e-01 -2.091827075190111351e-01 -3.267362908090098994e-01 -4.611931286881761904e-01 -6.200690861724788006e-01 -8.102174259419893110e-01 -1.031274878660542793e+00 -1.263455571596739047e+00 -1.459202999422076763e+00 -1.557110583871708975e+00 -1.519824585936344175e+00 -1.362914604801105600e+00 -1.142478013907159307e+00 -9.157829714489300610e-01 -7.148510216179462251e-01 -5.470871932317733499e-01 -4.077955291915734692e-01 -2.895501949511405937e-01 -1.856801222326984746e-01 -9.071234775645360682e-02
-8.856065200288958106e-02 -1.815701612701015322e-01 -2.838379967167392048e-01 -4.008503865946343447e-01 -5.387077039204697382e-01 -7.024911049753560510e-01 -8.908474848544929436e-01 -1.086415006524534377e+00 -1.249758402915690958e+00 -1.331019274079744630e+00 -1.300136190276865555e+00 -1.169626164711402350e+00 -9.848182660593449711e-01 -7.926673116877664960e-01 -6.203590649270577240e-01 -4.751547661800442635e-01 -3.540017300798461997e-01 -2.510792082816948323e-01 -1.608285756572506164e-01 -7.850865284029188984e-02
-7.057556593206919249e-02 -1.446819261167900383e-01 -2.260474649523441515e-01 -3.187124677051059174e-01 -4.267855981822706868e-01 -5.530568842543718278e-01 -6.951865465047528669e-01 -8.395745770545751663e-01 -9.580889356241425459e-01 -1.016482168907461014e+00 -9.944409190133447485e-01 -9.004082380290382437e-01 -7.652476909257820425e-01 -6.217910410150956357e-01 -4.902318194452167655e-01 -3.771948071110719503e-01 -2.816304157143814657e-01 -1.998901408617163589e-01 -1.280416678364627581e-01 -6.249331532669154948e-02
-4.905883418940138602e-02 -1.005249906318268355e-01 -1.568764580323473434e-01 -2.206452609202778636e-01 -2.941235442591791371e-01 -3.783669209570911796e-01 -4.709301388209388151e-01 -5.626544357254501527e-01 -6.364288765898640232e-01 -6.723693820962839407e-01 -6.589292459919088296e-01 -6.008971183261465621e-01 -5.159920491659794051e-01 -4.237062171830773827e-01 -3.369034753287065143e-01 -2.606783675680864332e-01 -1.952446858528139872e-01 -1.387839365245594203e-01 -8.895210183396720649e-02 -4.342273493162475406e-02
-2.513443285445392250e-02 -5.147877814704489990e-02 -8.025444549278565320e-02 -1.126519203606821257e-01 -1.496396942747119374e-01 -1.914502933885078306e-01 -2.365633160727138307e-01 -2.804221450361487067e-01 -3.151397991101725360e-01 -3.319017055050914600e-01 -3.256840692041529373e-01 -2.985664298058299804e-01 -2.583269170005154658e-01 -2.137728820207264457e-01 -1.710523249258561473e-01 -1.329199101845084940e-01 -9.980695485425665481e-02 -7.103830768193544754e-02 -4.555904235655919982e-02 -2.224544922000671471e-02
