-1.018696600101001194e-02 -2.033500589657277410e-02 -3.038794863935595850e-02 -4.025585152457173549e-02 -4.980035906654979583e-02 -5.882399742859294178e-02 -6.706644700533830050e-02 -7.421155180435963505e-02 -7.990839874519738151e-02 -8.380737888023749582e-02 -8.560736241618049913e-02 -8.510421467261268524e-02 -8.222703754041126023e-02 -7.705026407849957515e-02 -6.977774196433803033e-02 -6.070520438261543111e-02 -5.017427345603057975e-02 -3.853136939576029540e-02 -2.610016642786578550e-02 -1.317023525526396857e-02
-2.041285825113544478e-02 -4.076510678795308013e-02 -6.096093667915919445e-02 -8.083509702946342634e-02 -1.001215862966914893e-01 -1.184291820135308509e-01 -1.352302370359638739e-01 -1.498713596691247929e-01 -1.616146624790024966e-01 -1.697137522950380173e-01 -1.735178522749057095e-01 -1.725824560879575531e-01 -1.667536681369999052e-01 -1.561962737379385957e-01 -1.413554975210516707e-01 -1.228688000840499062e-01 -1.014605178568795812e-01 -7.785103744171441298e-02 -5.269905951927091742e-02 -2.658077576574582879e-02
-3.069935827197191325e-02 -6.135162550246583274e-02 -9.185559227390065196e-02 -1.220020118505964618e-01 -1.514217054073446478e-01 -1.795409045325891961e-01 -2.055539550523119430e-01 -2.284289817650259069e-01 -2.469651295536035018e-01 -2.599150987373157196e-01 -2.661678166279005664e-01 -2.649540647225243073e-01 -2.560088845325232954e-01 -2.396256515289562350e-01 -2.165791654639910579e-01 -1.879539758520218928e-01 -1.549479569314714533e-01 -1.187132001512959528e-01 -8.026425813443230362e-02 -4.045380729090070765e-02
-4.103294874801623193e-02 -8.208644176990625985e-02 -1.231077943187345036e-01 -1.638956516423874799e-01 -2.040223164210272222e-01 -2.427587701107208062e-01 -2.790156817774591125e-01 -3.113254346588262833e-01 -3.379016590340844228e-01 -3.568134726885682229e-01 -3.662839230396758294e-01 -3.650567367554327092e-01 -3.527018468400832663e-01 -3.297180853907695219e-01 -2.973814417107233377e-01 -2.574199435845871409e-01 -2.116641226455021341e-01 -1.617895455851660891e-01 -1.091909644635596088e-01 -5.497019592505132668e-02
-5.134599303962145145e-02 -1.028533966144930673e-01 -1.545934908761974758e-01 -2.064504809433480303e-01 -2.580131304614314836e-01 -3.084561332189455496e-01 -3.564243818545405618e-01 -3.999548044902694888e-01 -4.365010421267863649e-01 -4.631502008748865085e-01 -4.770932500363954665e-01 -4.762822016197042485e-01 -4.600195387004343273e-01 -4.291607548081881052e-01 -3.858072881999227710e-01 -3.326797616208629904e-01 -2.724989093634025417e-01 -2.075898660870336698e-01 -1.397398522649122565e-01 -7.023601160740441940e-02
-6.149762541411552680e-02 -1.233876584363679807e-01 -1.859622890085712021e-01 -2.492996408597351332e-01 -3.131235182949132501e-01 -3.766278274912345236e-01 -4.382690471808371457e-01 -4.955620980385218588e-01 -5.449815242751632205e-01 -5.821621049877109266e-01 -6.026112829220929834e-01 -6.029087850252523584e-01 -5.818907715604835218e-01 -5.410708884963747467e-01 -4.839940036146984648e-01 -4.149880593890101221e-01 -3.380605359599279103e-01 -2.563308692615988704e-01 -1.719425216478810414e-01 -8.623399240190071646e-02
-7.125684788150213334e-02 -1.432373192886003122e-01 -2.165683568560102801e-01 -2.916622004685178737e-01 -3.685529141062884873e-01 -4.466593452770564188e-01 -5.244473875788741024e-01 -5.989942092395823536e-01 -6.655762250711232397e-01 -7.176641566963699592e-01 -7.479269579822273029e-01 -7.504570548963225285e-01 -7.232317706907457344e-01 -6.690257314330456673e-01 -5.940069060633147435e-01 -5.051801449156426704e-01 -4.084137786954506466e-01 -3.077283293998628877e-01 -2.054650147380897296e-01 -1.027573931022388309e-01
-8.029244402639926226e-02 -1.617364072534831776e-01 -2.454115753350471218e-01 -3.322274614845981411e-01 -4.227633019539082659e-01 -5.169899703584350803e-01 -6.137812918102527604e-01 -7.101025796113347166e-01 -7.999281529167983074e-01 -8.735648984832984354e-01 -9.188820825583258189e-01 -9.254321427055064442e-01 -8.895899365246237034e-01 -8.165381696318213534e-01 -7.172195137661054876e-01 -6.030884136291567721e-01 -4.826238880725668423e-01 -3.606905197649807882e-01 -2.394297118981460470e-01 -1.193303099142935392e-01
-8.817651711217820709e-02 -1.780042727211923748e-01 -2.711138862016226336e-01 -3.690708601179697457e-01 -4.732681214011972282e-01 -5.846695517865314606e-01 -7.032013279275529660e-01 -8.264133887535085599e-01 -9.471662470537975942e-01 -1.051391744426248609e+00 -1.119222134777861033e+00 -1.132362632566652927e+00 -1.084356650693857782e+00 -9.846915996338749810e-01 -8.525184237780857321e-01 -7.063287197180636579e-01 -5.580239969633822295e-01 -4.129212894584914362e-01 -2.722235839976396288e-01 -1.351329919323452922e-01
-9.440934669917895594e-02 -1.909902290386715218e-01 -2.919682001385210390e-01 -3.996674951896976302e-01 -5.165187048223195410e-01 -6.449252785265674470e-01 -7.866367342769977622e-01 -9.407893078030452605e-01 -1.099710386929229289e+00 -1.243890904438696987e+00 -1.342374569071895340e+00 -1.364978681155625262e+00 -1.300879596205560151e+00 -1.166238270450004055e+00 -9.925713719726114714e-01 -8.082816779865191759e-01 -6.292746935049619017e-01 -4.605470783743645935e-01 -3.013783421886572778e-01 -1.489741937338204258e-01
-9.847063072796015393e-02 -1.995789709376404597e-01 -3.060995539677848210e-01 -4.210955404624909248e-01 -5.480849774041588462e-01 -6.911201789321096411e-01 -8.542715723935597749e-01 -1.039079344855555087e+00 -1.238093565517808692e+00 -1.426137878606041021e+00 -1.559303105843554915e+00 -1.592965081085144785e+00 -1.510927284578071239e+00 -1.337578384028300649e+00 -1.119390724952360694e+00 -8.961888298384366180e-01 -6.878059163902765505e-01 -4.980989302673568542e-01 -3.236860978887305396e-01 -1.593754442257964421e-01
-9.989418879187730860e-02 -2.027552279900259602e-01 -3.117523114459554989e-01 -4.304975798133486853e-01 -5.633537286192189519e-01 -7.157229706936045766e-01 -8.936909723995239974e-01 -1.101066634334769034e+00 -1.331018666983449616e+00 -1.554027763063192902e+00 -1.715434257760811043e+00 -1.758330930281829296e+00 -1.661915366232255664e+00 -1.457635327280226489e+00 -1.204646558878583740e+00 -9.521677287788082866e-01 -7.228971033883029307e-01 -5.193510190802300697e-01 -3.357307664058181707e-01 -1.648219687567954728e-01
-9.835087298149242097e-02 -1.997950859439831528e-01 -3.076521591349321572e-01 -4.257405569655355881e-01 -5.587367808411611847e-01 -7.125426053939741822e-01 -8.939951071981192543e-01 -1.107774360617509446e+00 -1.347371562726685568e+00 -1.581847375149034729e+00 -1.752825391091044072e+00 -1.799089492154195558e+00 -1.698214678956482704e+00 -1.484137607526756275e+00 -1.220455955224642342e+00 -9.596161819970708828e-01 -7.252127246209242317e-01 -5.191889462859611282e-01 -3.348258324393360574e-01 -1.641527785270630868e-01
-9.371419194603088088e-02 -1.904216845834117433e-01 -2.933153814743075793e-01 -4.060216500718847876e-01 -5.328921932344210521e-01 -6.792648109121629529e-01 -8.510811939505006363e-01 -1.051973297545871988e+00 -1.275147330473497709e+00 -1.491778406921828282e+00 -1.648751658390169350e+00 -1.690886547863683198e+00 -1.598026085812425778e+00 -1.400634259714074181e+00 -1.156081234218955256e+00 -9.122184225163754157e-01 -6.912378807289154548e-01 -4.956963995389264688e-01 -3.199636535453518893e-01 -1.569309054333334896e-01
-8.608418915510986091e-02 -1.748617406552080977e-01 -2.691615239588612263e-01 -3.720924952123417784e-01 -4.871899962560122255e-01 -6.184589354900074110e-01 -7.698287255896132386e-01 -9.426854644763801305e-01 -1.129777300450847566e+00 -1.307101702774333019e+00 -1.433136444131614118e+00 -1.465851345547817264e+00 -1.390012258879733231e+00 -1.228546754972531962e+00 -1.025238239914977534e+00 -8.177763333153701408e-01 -6.250960074375382369e-01 -4.509749791963468257e-01 -2.921742411568939990e-01 -1.435796293153011882e-01
-7.576080973488720505e-02 -1.537793464076324945e-01 -2.363735720399252616e-01 -3.259671694441700907e-01 -4.250871454207608147e-01 -5.362084361317028813e-01 -6.611175094068811875e-01 -7.990446093241411196e-01 -9.427989506577646450e-01 -1.074258854357490689e+00 -1.164892815358305578e+00 -1.187015567766592339e+00 -1.130717454335207650e+00 -1.010786526171070898e+00 -8.561411817832182969e-01 -6.929752563743807325e-01 -5.360572789571642627e-01 -3.900176969231488600e-01 -2.540322032863324697e-01 -1.251956019323121061e-01
-6.317969600879080883e-02 -1.281211552533432496e-01 -1.965848286235053755e-01 -2.703009790343249841e-01 -3.508709569879975287e-01 -4.395134279342230998e-01 -5.364697413302947915e-01 -6.397445285343151822e-01 -7.430068049420972542e-01 -8.336361483205929623e-01 -8.938329164553836526e-01 -9.072551267732140712e-01 -8.681464110583700933e-01 -7.849702366449633484e-01 -6.748394346052652981e-01 -5.543132780779468360e-01 -4.340203134769493043e-01 -3.185588695830302575e-01 -2.086696759631130882e-01 -1.031618916295516525e-01
-4.883681549393471127e-02 -9.894070894957991691e-02 -1.515430815993447644e-01 -2.077755934909475410e-01 -2.685407731046965396e-01 -3.342612748534369849e-01 -4.044222660947199288e-01 -4.768144840403070184e-01 -5.465457047043723593e-01 -6.054389503198007727e-01 -6.431227730086173100e-01 -6.506303510428673720e-01 -6.248549264180174312e-01 -5.702633294065325709e-01 -4.962549178335532996e-01 -4.125977239706415944e-01 -3.263664826250514683e-01 -2.413620204594575380e-01 -1.588992138633786855e-01 -7.877907141959672455e-02
-3.322685445804449134e-02 -6.726177061241027377e-02 -1.028710459270702621e-01 -1.407160313589879974e-01 -1.812436116542223696e-01 -2.245003027162857934e-01 -2.698399140570707511e-01 -3.155225016790457748e-01 -3.583102807236474563e-01 -3.933941556237781634e-01 -4.151678569981075984e-01 -4.190333511589782178e-01 -4.034182969486245218e-01 -3.705233332708957605e-01 -3.251628947826715743e-01 -2.726641533771781423e-01 -2.172653186950578574e-01 -1.615769596521895168e-01 -1.067786372217259250e-01 -5.305427667880231735e-02
-1.680883096103726743e-02 -3.400846774112473853e-02 -5.196326806708554541e-02 -7.097355221488385602e-02 -9.121485672166122771e-02 -1.126418622696883365e-01 -1.348499409802929871e-01 -1.569075553972993642e-01 -1.772226356296706939e-01 -1.935829590554138391e-01 -2.035413093353724556e-01 -2.051594687836443831e-01 -1.977796025662511281e-01 -1.823014854289239095e-01 -1.607501288474492140e-01 -1.354620547455664958e-01 -1.084067252790081454e-01 -8.089194915442393663e-02 -5.358251204981798882e-02 -2.665920491140343768e-02
