-6.434707042232769812e-03 -1.307108444002686755e-02 -2.011758883741937218e-02 -2.779566462642401106e-02 -3.634436450558310716e-02 -4.602153402220348494e-02 -5.709790740556058841e-02 -6.983781683793613415e-02 -8.445544296726187339e-02 -1.010297012154548757e-01 -1.193543095914958024e-01 -1.387019885265757257e-01 -1.575165676584807661e-01 -1.731591693263793141e-01 -1.820138163478773052e-01 -1.802886396336237929e-01 -1.654058865728904038e-01 -1.371585839261596773e-01 -9.774548280995783156e-02 -5.074634593713749087e-02
-1.266774511287025937e-02 -2.573203717656334308e-02 -3.960360018817939837e-02 -5.472068732859114437e-02 -7.156025346828290279e-02 -9.064384179323158042e-02 -1.125322655640750985e-01 -1.377978282344159144e-01 -1.669537432521351616e-01 -2.003055687251634465e-01 -2.376674538353876209e-01 -2.778654623171105120e-01 -3.179901549509431269e-01 -3.526171561330400106e-01 -3.737637887860769670e-01 -3.726316909472371375e-01 -3.430828775914165907e-01 -2.846613680590578399e-01 -2.026090168968339156e-01 -1.050378385855456481e-01
-1.850423302664310279e-02 -3.758572278827561342e-02 -5.784406575221152924e-02 -7.992321013275774377e-02 -1.045321071418994358e-01 -1.324613036702616264e-01 -1.645894409744132758e-01 -2.018671928429388029e-01 -2.452535655996014030e-01 -2.955539038913163052e-01 -3.530533427933487678e-01 -4.167413183065109550e-01 -4.828780496435869374e-01 -5.430902821607866970e-01 -5.835401783659284192e-01 -5.878312908514857771e-01 -5.441213064123517906e-01 -4.516539397037344084e-01 -3.206326956847919685e-01 -1.657775697922200808e-01
-2.376346865040271719e-02 -4.826254909671257032e-02 -7.426371037476432735e-02 -1.025959495345244582e-01 -1.341836316101079896e-01 -1.700797998200899164e-01 -2.114968931169685373e-01 -2.598268099426666033e-01 -3.166297039474748609e-01 -3.835364193575125924e-01 -4.619024312926948705e-01 -5.517894123027109465e-01 -6.495510656418724826e-01 -7.439066989786086159e-01 -8.132283468373942004e-01 -8.297878559559642708e-01 -7.728598858799229365e-01 -6.413784139642132454e-01 -4.534783066685448283e-01 -2.335486414893573615e-01
-2.828709886096580570e-02 -5.743728789473919599e-02 -8.835225139530672456e-02 -1.220132139421408052e-01 -1.595266533839462819e-01 -2.021773318670292696e-01 -2.514912603160265880e-01 -3.093103232928487989e-01 -3.778739563557066972e-01 -4.598665112114111997e-01 -5.582219360473886782e-01 -6.749688459939648943e-01 -8.076411935640084305e-01 -9.424766341167531980e-01 -1.048622072236515157e+00 -1.083702028128330275e+00 -1.015163388192751315e+00 -8.416959182301197995e-01 -5.922519996574964196e-01 -3.036688277457154639e-01
-3.194764459233533083e-02 -6.484724430662597294e-02 -9.969475816829799497e-02 -1.375779492283888961e-01 -1.797323928906633950e-01 -2.276115537587942994e-01 -2.829798882400169080e-01 -3.480424220070538754e-01 -4.256276971907151374e-01 -5.194097081096301638e-01 -6.339354513201529429e-01 -7.734538278682058232e-01 -9.372459330588788218e-01 -1.109840826281548232e+00 -1.251765990001878270e+00 -1.306142583447363226e+00 -1.228491897480426420e+00 -1.017377233988870922e+00 -7.128577693647023539e-01 -3.641310824223549236e-01
-3.465625055494390289e-02 -7.030927866421446404e-02 -1.080015425045916938e-01 -1.488713870263364825e-01 -1.942133559869522741e-01 -2.455565201719376589e-01 -3.047733482103969216e-01 -3.742404562130627887e-01 -4.570822410975884376e-01 -5.575035561734609235e-01 -6.809706807008985008e-01 -8.330705677010797894e-01 -1.014238756292471955e+00 -1.208188170619816093e+00 -1.370507131043013027e+00 -1.435771545977471142e+00 -1.352423399832301643e+00 -1.119010094609228068e+00 -7.822923327910463742e-01 -3.988161244189927790e-01
-3.636807903822975030e-02 -7.373207649172784650e-02 -1.131307085238627969e-01 -1.556926158552192074e-01 -2.026930705350316886e-01 -2.556276932931968449e-01 -3.163152942222898223e-01 -3.870495100110735720e-01 -4.708279903004644606e-01 -5.716613245916072339e-01 -6.947231523710650780e-01 -8.452058480394639695e-01 -1.023178692753507368e+00 -1.212396664529390211e+00 -1.369360876937765648e+00 -1.430345723989788764e+00 -1.345248099929200025e+00 -1.112680450173698876e+00 -7.781514552117392292e-01 -3.968843922561587911e-01
-3.708400928325052137e-02 -7.512023442768557546e-02 -1.150965531596920693e-01 -1.580752455791531730e-01 -2.052385418654105453e-01 -2.579457853642428411e-01 -3.178094548116682239e-01 -3.868006476119311698e-01 -4.673952520379610620e-01 -5.627391844248125219e-01 -6.766075516741005824e-01 -8.122408543554603400e-01 -9.680122812280218536e-01 -1.128574519419634159e+00 -1.256713015445607873e+00 -1.299705932670666142e+00 -1.216632953965264941e+00 -1.006258684474065745e+00 -7.056625804065985719e-01 -3.608791887984664215e-01
-3.684773270585342542e-02 -7.456830558975729994e-02 -1.140599785606513650e-01 -1.562731941911185696e-01 -2.022400003196393181e-01 -2.531073524327893676e-01 -3.101752183120579653e-01 -3.749384472648309985e-01 -4.491235231103837267e-01 -5.346752994296655181e-01 -6.335027970634987682e-01 -7.463705602711192544e-01 -8.697312117222796291e-01 -9.899711693351339603e-01 -1.078789244088338206e+00 -1.098445005190965107e+00 -1.020362318997342532e+00 -8.435721471765756929e-01 -5.939248254033704377e-01 -3.049444727271444222e-01
-3.573863499472129668e-02 -7.224527186216664343e-02 -1.103018166053960636e-01 -1.507174948028253691e-01 -1.943408498029226827e-01 -2.420683307898703895e-01 -2.948451266436710738e-01 -3.536489236212460585e-01 -4.194357602481004754e-01 -4.929964085188275891e-01 -5.745857849712209253e-01 -6.629908030155917675e-01 -7.535089076776627648e-01 -8.348638648779487248e-01 -8.873595784368025763e-01 -8.868278795066719677e-01 -8.156554451465790612e-01 -6.732370939961134226e-01 -4.756655232373660502e-01 -2.451751900606902179e-01
-3.386153827640792091e-02 -6.837231965103510167e-02 -1.041844796882987201e-01 -1.419540391070432117e-01 -1.823375015311662906e-01 -2.259799375133169919e-01 -2.734877915195776388e-01 -3.253740240449320975e-01 -3.819535883448121338e-01 -4.431473635535899680e-01 -5.081148555674165346e-01 -5.745747719674828558e-01 -6.376751924947082761e-01 -6.886495544395864199e-01 -7.145172603211548124e-01 -7.008185821663470705e-01 -6.375577826233166379e-01 -5.245161258193888898e-01 -3.712216860363370396e-01 -1.918425052334130354e-01
-3.133520535654333444e-02 -6.319798294848230635e-02 -9.610969609927640100e-02 -1.305766259303685894e-01 -1.670751066129336770e-01 -2.060260767763507639e-01 -2.477519558877002981e-01 -2.924050246289994770e-01 -3.398506056739433734e-01 -3.894798991473383265e-01 -4.399182795324622086e-01 -4.885950264441977220e-01 -5.311964131028523717e-01 -5.612363659436386820e-01 -5.703648463213049080e-01 -5.501496510945467211e-01 -4.951443621090579894e-01 -4.054560097499254057e-01 -2.868296082906989786e-01 -1.483682646689261087e-01
-2.828129779826950990e-02 -5.697469236069970661e-02 -8.647965897912267275e-02 -1.171675924470653718e-01 -1.493601680662868803e-01 -1.832972578903620253e-01 -2.190888544820124573e-01 -2.566432729924866263e-01 -2.955622823698640933e-01 -3.349925804349290770e-01 -3.734274639541242391e-01 -4.084695931217741105e-01 -4.366156317189612279e-01 -4.532250642758287040e-01 -4.529522821777069441e-01 -4.308661197935422793e-01 -3.840393086027890646e-01 -3.127982285658944539e-01 -2.208281921276222248e-01 -1.141773184320690887e-01
-2.481529940634890491e-02 -4.993981346510097813e-02 -7.566661889617579129e-02 -1.022538831091232558e-01 -1.299006592786401404e-01 -1.587138931486723470e-01 -1.886628703374893523e-01 -2.195168442437112066e-01 -2.507623014542664786e-01 -2.814986684468621658e-01 -3.103192109288053779e-01 -3.352000817357160822e-01 -3.534510140180143756e-01 -3.618219645779772731e-01 -3.568805250356415493e-01 -3.357053173006427360e-01 -2.967360858440866167e-01 -2.404092043146761060e-01 -1.692454807355029123e-01 -8.739963988080708124e-02
-2.104007612494927099e-02 -4.230263336622772097e-02 -6.399309184898681335e-02 -8.628061986794785532e-02 -1.092746479066099147e-01 -1.329947452600017399e-01 -1.573318289441989759e-01 -1.819988771437713593e-01 -2.064713049214115248e-01 -2.299202611013644315e-01 -2.511491946717682167e-01 -2.685549380344682824e-01 -2.801497807853787769e-01 -2.836935016201209137e-01 -2.769774985882296203e-01 -2.582535077945483648e-01 -2.267062555638393040e-01 -1.827936929560059209e-01 -1.283088270219074067e-01 -6.616016420101387963e-02
-1.704236374353657393e-02 -3.423753272815407284e-02 -5.172246685519913539e-02 -6.960083774744123264e-02 -8.792252532692029776e-02 -1.066585810921541477e-01 -1.256707678857245103e-01 -1.446754725382604079e-01 -1.632037047690819420e-01 -1.805617928185662968e-01 -1.958021655263374183e-01 -2.077200583622060837e-01 -2.148978666426984707e-01 -2.158207633767665057e-01 -2.090756230434665519e-01 -1.936160402383300949e-01 -1.690329373153700854e-01 -1.357438483126573170e-01 -9.503218948101174735e-02 -4.893054697927974594e-02
-1.289183357355163512e-02 -2.588265233468899085e-02 -3.905837992195116543e-02 -5.247771339642953725e-02 -6.615600264723596469e-02 -8.004625133254625324e-02 -9.401714180613827965e-02 -1.078284820426032437e-01 -1.211062087838791212e-01 -1.333209824445147351e-01 -1.437775729455082752e-01 -1.516251611281904388e-01 -1.559007008713459153e-01 -1.556156811371969817e-01 -1.498876411699588129e-01 -1.381013635796714545e-01 -1.200649008300296305e-01 -9.611603518574615701e-02 -6.714522974203662731e-02 -3.452968728055351433e-02
-8.642305833613765989e-03 -1.734285484386097198e-02 -2.615066077721283494e-02 -3.509562397526171107e-02 -4.417749709183653450e-02 -5.335325558605261836e-02 -6.252302341724437496e-02 -7.151507469139345430e-02 -8.007162191188156586e-02 -8.783832004083010070e-02 -9.436195097753105610e-02 -9.910226217489694067e-02 -1.014640419636226865e-01 -1.008535484114563563e-01 -9.675782604285265709e-02 -8.883680180773292911e-02 -7.700921232681232076e-02 -6.151010299785111823e-02 -4.290296741726428581e-02 -2.204294985308044574e-02
-4.334524701962059849e-03 -8.695787076104487257e-03 -1.310576906592599532e-02 -1.757662180726773937e-02 -2.210509076273493162e-02 -2.666623927738910604e-02 -3.120660208435706642e-02 -3.563713841908121988e-02 -3.982686913611910989e-02 -4.359870797980728435e-02 -4.672963561570158547e-02 -4.895789005774808106e-02 -4.999963980957723014e-02 -4.957662836418201546e-02 -4.745331247503581373e-02 -4.347879296072600791e-02 -3.762504809261556921e-02 -3.001218288593731492e-02 -2.091357357619779214e-02 -1.073913191090513156e-02
