-2.828610138416319877e-02 -5.460746571901502894e-02 -7.716215145965681088e-02 -9.451732735826429144e-02 -1.058457099227871206e-01 -1.110808628981287544e-01 -1.108787864052009492e-01 -1.063820354921654332e-01 -9.890109220179973959e-02 -8.964837277233729529e-02 -7.959136324794686967e-02 -6.941530447284870176e-02 -5.955232957610530342e-02 -5.023684041345578138e-02 -4.156235423962090225e-02 -3.352881559241413512e-02 -2.607765630516037728e-02 -1.911579695508920651e-02 -1.253103433525665222e-02 -6.201318827907685051e-03
-5.853514685100764253e-02 -1.129774526921652200e-01 -1.595165005699236416e-01 -1.950517028326447522e-01 -2.177748002477443157e-01 -2.275914107130260211e-01 -2.260478651704619923e-01 -2.157463320678193741e-01 -1.995733157691083337e-01 -1.801008700147032626e-01 -1.593017432731299032e-01 -1.385175179313949956e-01 -1.185571720338481627e-01 -9.983267578993905433e-02 -8.248376015841192566e-02 -6.647524962536982551e-02 -5.166601213095733947e-02 -3.785449585985647958e-02 -2.480702219440567707e-02 -1.227424117121692429e-02
-9.286005718204005943e-02 -1.792113150795844878e-01 -2.528054399518967488e-01 -3.083058582635759270e-01 -3.425170773053289874e-01 -3.553906410146779882e-01 -3.499334241910441179e-01 -3.309638391233944987e-01 -3.035388695659332892e-01 -2.718785029536318620e-01 -2.389969230511224119e-01 -2.067958061127153357e-01 -1.763261570050372318e-01 -1.480529287871552857e-01 -1.220647580190398068e-01 -9.822240911926881368e-02 -7.625664357713081432e-02 -5.582915179835701291e-02 -3.656831581460757985e-02 -1.808862433504609610e-02
-1.335718557877958734e-01 -2.579194891186294969e-01 -3.636907164640402756e-01 -4.421861675361703492e-01 -4.879269612425943259e-01 -5.010073579496349128e-01 -4.870332782739944522e-01 -4.545055160771114822e-01 -4.116960340294417153e-01 -3.648662701793948804e-01 -3.180095134330751527e-01 -2.733423144630666712e-01 -2.318986850301850700e-01 -1.939881196677343267e-01 -1.594999315531444029e-01 -1.280929833522744532e-01 -9.930899826685803122e-02 -7.263715142910365241e-02 -4.754846477201054439e-02 -2.351194100515506535e-02
-1.828441813661213500e-01 -3.536643573310745969e-01 -4.991440211466084964e-01 -6.052114169346738404e-01 -6.623494040435298214e-01 -6.708841119116996099e-01 -6.410640674040527509e-01 -5.876145727843111732e-01 -5.236351077273883048e-01 -4.578207286606322812e-01 -3.948209808933128562e-01 -3.366635681438867600e-01 -2.839379607930537230e-01 -2.365009153925911323e-01 -1.938538618725144103e-01 -1.553405908757067300e-01 -1.202492115546713869e-01 -8.786198831827633782e-02 -5.747645080725218708e-02 -2.841067512722660754e-02
-2.414014980966866786e-01 -4.683954629049257856e-01 -6.628349329311155058e-01 -8.022690445867983744e-01 -8.703207826640995126e-01 -8.675831864619870659e-01 -8.120273621432181343e-01 -7.283055845512171889e-01 -6.364253571253705166e-01 -5.477117088480096818e-01 -4.667423919742804128e-01 -3.945460739989993248e-01 -3.306879060711861995e-01 -2.742236521553927941e-01 -2.240740025154105142e-01 -1.791663038002989372e-01 -1.384852643541192863e-01 -1.010851376248911027e-01 -6.608467382308245985e-02 -3.265430919841176560e-02
-3.057975943171110100e-01 -5.958023050362105666e-01 -8.465723076090126975e-01 -1.024105066130146069e+00 -1.101985376054647192e+00 -1.081022351666895531e+00 -9.902058437454543949e-01 -8.679324618220645160e-01 -7.429714954141005689e-01 -6.290798706446738553e-01 -5.297415190945047314e-01 -4.440687239159191724e-01 -3.700415391867299397e-01 -3.056315811988665199e-01 -2.490521738569617949e-01 -1.987653528783078771e-01 -1.534403982670816680e-01 -1.119086214328613993e-01 -7.312279593803951150e-02 -3.612188835746776155e-02
-3.656659181926921187e-01 -7.153017075036752770e-01 -1.020642478943028841e+00 -1.235072963392663148e+00 -1.320805630982346157e+00 -1.278756295817507604e+00 -1.150156809976886629e+00 -9.883757226966753962e-01 -8.311499856108266471e-01 -6.940485968873194578e-01 -5.787210762289645150e-01 -4.818942964573522669e-01 -3.997722690254675304e-01 -3.292084805995149632e-01 -2.677377252045959333e-01 -2.134025281638088911e-01 -1.646023500133821649e-01 -1.199861492282598419e-01 -7.837599958614477336e-02 -3.871044816858273951e-02
-4.050339511546063864e-01 -7.943487382060382407e-01 -1.136585702030834311e+00 -1.376055961931990534e+00 -1.466627080727916921e+00 -1.409231604694479278e+00 -1.253971806369206021e+00 -1.064945806009771401e+00 -8.860839711786706596e-01 -7.339246188953212346e-01 -6.085634864952002010e-01 -5.049226029284044071e-01 -4.179345589080517565e-01 -3.436914912515635634e-01 -2.792876598716296788e-01 -2.225046775802911603e-01 -1.715803179067734441e-01 -1.250576228577478799e-01 -8.168460325075910244e-02 -4.034390528289044653e-02
-4.103395941732304597e-01 -8.049847284768285594e-01 -1.152196263588198377e+00 -1.395184733821542178e+00 -1.486802599102268863e+00 -1.427969477185914826e+00 -1.269836162839504290e+00 -1.077771653752622072e+00 -8.964360832006703639e-01 -7.424797040347129728e-01 -6.158183953409646083e-01 -5.111720011638372085e-01 -4.233379757196650273e-01 -3.483341021948814231e-01 -2.832166674376484505e-01 -2.257481957456767829e-01 -1.741566150071206520e-01 -1.269794178112326755e-01 -8.296088407902099671e-02 -4.098057063633586683e-02
-3.799141340421988144e-01 -7.437514976964527680e-01 -1.062223277130448729e+00 -1.285989260986714955e+00 -1.374780670682338002e+00 -1.329483799580984726e+00 -1.193895238146165161e+00 -1.024519038827929496e+00 -8.609391546714210142e-01 -7.190676408818571508e-01 -6.001624949670565368e-01 -5.004787986208256712e-01 -4.158968841383017256e-01 -3.430890716606019852e-01 -2.794966311536293824e-01 -2.231148137722525904e-01 -1.723185227760124782e-01 -1.257425450798821953e-01 -8.219894434296240449e-02 -4.061749337599493415e-02
-3.252949943400829658e-01 -6.344599188999631156e-01 -9.026602357799542453e-01 -1.092744264528219711e+00 -1.175510029955960656e+00 -1.151733891938047982e+00 -1.053279936653127136e+00 -9.221268714081325424e-01 -7.892704408469694011e-01 -6.690305849342527145e-01 -5.645835847744383740e-01 -4.745818275477113324e-01 -3.966704471395346432e-01 -3.286277247398777801e-01 -2.685659074101084398e-01 -2.148958959601802721e-01 -1.662601108782002235e-01 -1.214732910920209574e-01 -7.947485362510964269e-02 -3.929045953441127892e-02
-2.629008146694108428e-01 -5.106751785113808895e-01 -7.236851399366364124e-01 -8.768017277275733656e-01 -9.513925198149940643e-01 -9.480110056804685881e-01 -8.869152963226298869e-01 -7.957089077004423361e-01 -6.963994608984610535e-01 -6.010288599034776524e-01 -5.141429700369515299e-01 -4.365339369881095499e-01 -3.675686734673129785e-01 -3.061849112011676977e-01 -2.512433355829830628e-01 -2.016427448953901913e-01 -1.563527255303140684e-01 -1.144156517218469227e-01 -7.493671874433437130e-02 -3.706949204173155127e-02
-2.048760688153547227e-01 -3.966995014533244435e-01 -5.607168194152802876e-01 -6.808794160152555897e-01 -7.461239250737848883e-01 -7.567106460238616217e-01 -7.243602247562610508e-01 -6.658161807642797303e-01 -5.957261752714529957e-01 -5.235651287342665272e-01 -4.542380927707502236e-01 -3.898150283238703273e-01 -3.308823900733630086e-01 -2.772996554899567201e-01 -2.285797584064403198e-01 -1.840790152441691696e-01 -1.430923897048295701e-01 -1.048998673356678901e-01 -6.878687723536132392e-02 -3.405079016394254449e-02
-1.562346034130603079e-01 -3.020173549811069336e-01 -4.266329445980482915e-01 -5.199181977074932570e-01 -5.753453784901220169e-01 -5.928978628857497490e-01 -5.790271308895522662e-01 -5.435200719689291526e-01 -4.958060531956957062e-01 -4.429340173466247976e-01 -3.893653138792400048e-01 -3.375963945610039874e-01 -2.888451743160232454e-01 -2.435514728834408116e-01 -2.016970182755256635e-01 -1.630011634255439934e-01 -1.270379451070479115e-01 -9.330454795429261872e-02 -6.126013180883788101e-02 -3.034679212785126173e-02
-1.170961675425934573e-01 -2.263011857329565724e-01 -3.200083931148911542e-01 -3.916545729160293976e-01 -4.372265540449657983e-01 -4.565133453211862591e-01 -4.530104742113927885e-01 -4.324096979036192723e-01 -4.007031695056460507e-01 -3.629133666191058372e-01 -3.226762149558523030e-01 -2.823576523327733234e-01 -2.433501698863481666e-01 -2.063640182997032724e-01 -1.716556736282295048e-01 -1.391906708675190729e-01 -1.087536742097544723e-01 -8.002024495168563734e-02 -5.260230899130549642e-02 -2.607624788285884537e-02
-8.566289505185910313e-02 -1.656513599578128548e-01 -2.346860861757945338e-01 -2.884536092454302869e-01 -3.243706972490563167e-01 -3.421354119623481460e-01 -3.436369830830600658e-01 -3.322048960720066502e-01 -3.116167593567314431e-01 -2.853231621262804496e-01 -2.560652798673394015e-01 -2.258073528778608563e-01 -1.958337770161364677e-01 -1.668987502511933008e-01 -1.393709831924538622e-01 -1.133521683345458664e-01 -8.876583158716680466e-02 -6.542044559495545364e-02 -4.305261048879405195e-02 -2.135589072100441480e-02
-5.987641652298096584e-02 -1.158911586964403023e-01 -1.645182334766291388e-01 -2.029527733590071603e-01 -2.295153183938161423e-01 -2.439042594738563552e-01 -2.471295760319878188e-01 -2.411263941976551639e-01 -2.282258797184739396e-01 -2.106947249980331283e-01 -1.904539024390560498e-01 -1.689726246863068604e-01 -1.472788244579591177e-01 -1.260262172090583221e-01 -1.055773379701742259e-01 -8.608118326678862453e-02 -6.753703386432681477e-02 -4.984309301055457608e-02 -3.283179609530079146e-02 -1.629470471443652049e-02
-3.794849873756291070e-02 -7.351140255940678825e-02 -1.045302146481046079e-01 -1.293070008915709890e-01 -1.468164318123267031e-01 -1.568236227948980044e-01 -1.598430527250669919e-01 -1.569418721362335623e-01 -1.494645194350429085e-01 -1.387756688693036478e-01 -1.260829219168385917e-01 -1.123504072402448650e-01 -9.828267435175123967e-02 -8.434995459011815355e-02 -7.083096558900003892e-02 -5.785818994399181958e-02 -4.545802389408194755e-02 -3.358309529190546538e-02 -2.213677567289035891e-02 -1.099113328979443166e-02
-1.840590945345429649e-02 -3.567512210968488973e-02 -5.078313604676018556e-02 -6.292713829058110830e-02 -7.161832266254601620e-02 -7.672962657875327663e-02 -7.847648907261263462e-02 -7.733323494746625892e-02 -7.391456089647151229e-02 -6.886048357003804465e-02 -6.275170259852887178e-02 -5.606340513791010366e-02 -4.915150980208124465e-02 -4.225996081129397564e-02 -3.553837810923640012e-02 -2.906258590324133778e-02 -2.285377433480272405e-02 -1.689448707871521460e-02 -1.114107891717580102e-02 -5.533052839625075305e-03
