-6.167643460236383289e-03 -1.234142256834645790e-02 -1.851939016650720402e-02 -2.468335541699539365e-02 -3.079069892562378771e-02 -3.676649926367067667e-02 -4.249672436593301961e-02 -4.782375538660776915e-02 -5.254604029534845622e-02 -5.642396097609663624e-02 -5.919374489792142424e-02 -6.059008967470429219e-02 -6.037594306707530500e-02 -5.837506680828949412e-02 -5.450074435977227821e-02 -4.877382711851885322e-02 -4.132599468168579593e-02 -3.238871188768333714e-02 -2.227256123046720410e-02 -1.134333274340154282e-02
-1.232915116937505218e-02 -2.467865555596142346e-02 -3.705278203628853406e-02 -4.942333243464802628e-02 -6.171294127254567385e-02 -7.377857588549462109e-02 -8.539664502121967204e-02 -9.625225958896833911e-02 -1.059364481834752514e-01 -1.139560608013549525e-01 -1.197609316116211992e-01 -1.227906728010967202e-01 -1.225386177379632208e-01 -1.186235816068597626e-01 -1.108540854104099055e-01 -9.926857066049976641e-02 -8.414143999982219568e-02 -6.595629132376690240e-02 -4.535820029294084649e-02 -2.310076897292280551e-02
-1.847030464777862577e-02 -3.699126635538161484e-02 -5.558974909002382253e-02 -7.424425210802559905e-02 -9.285915975067009220e-02 -1.112382203849313078e-01 -1.290590242108589636e-01 -1.458521940366473146e-01 -1.609914359347896506e-01 -1.737029069814514104e-01 -1.831032508070252474e-01 -1.882730553470669810e-01 -1.883642761235944096e-01 -1.827265588189184720e-01 -1.710234478334470287e-01 -1.533049320780466018e-01 -1.300149042356853468e-01 -1.019368137314908829e-01 -7.010317848111514982e-02 -3.570154259095591892e-02
-2.456080063427668048e-02 -4.922635601631875774e-02 -7.407069646592455425e-02 -9.910476867160093739e-02 -1.242412272446204030e-01 -1.492561246215252380e-01 -1.737490404316874848e-01 -1.971060587740138814e-01 -2.184741976506685834e-01 -2.367608811163698646e-01 -2.506761084023435560e-01 -2.588340164596241721e-01 -2.599188630371232489e-01 -2.528949168826927218e-01 -2.372082028606704862e-01 -2.129127970672757830e-01 -1.806764268692438724e-01 -1.416728790306135688e-01 -9.741615693251612362e-02 -4.960222248941443396e-02
-3.054654282983750718e-02 -6.128266213059215678e-02 -9.236191437988126862e-02 -1.238629029262413167e-01 -1.557448589779172055e-01 -1.877960147848654615e-01 -2.195749567411209580e-01 -2.503488050606876847e-01 -2.790384118089991317e-01 -3.041902941447008901e-01 -3.240062296324167090e-01 -3.364679112541872352e-01 -3.395820261028391074e-01 -3.317257660753052395e-01 -3.120013811336636578e-01 -2.804614306266327017e-01 -2.381050195725390173e-01 -1.866620741162332842e-01 -1.282863343108288923e-01 -6.529118818051428408e-02
-3.634270874468310819e-02 -7.299583819917761229e-02 -1.102313988282699608e-01 -1.482400735474792008e-01 -1.870792956496818427e-01 -2.266081215867317700e-01 -2.664059673952392515e-01 -3.056757812067583124e-01 -3.431402810778619306e-01 -3.769553781083443411e-01 -4.046897911558763328e-01 -4.234475601334305450e-01 -4.302125111027590987e-01 -4.224208414559709746e-01 -3.986063553628650946e-01 -3.588237602665564907e-01 -3.046186116938621735e-01 -2.385834183655091145e-01 -1.637757132431449936e-01 -8.327614711992503693e-02
-4.182845548709225592e-02 -8.412658501453494642e-02 -1.273277727851730989e-01 -1.717867024380029806e-01 -2.177241323204096579e-01 -2.651512117056987750e-01 -3.137649922679507375e-01 -3.628079280301896303e-01 -4.108907985049183309e-01 -4.557982120861945319e-01 -4.943413879664524391e-01 -5.224009005901909530e-01 -5.353674141969982925e-01 -5.290976404402232269e-01 -5.011396880243913499e-01 -4.515794977389047116e-01 -3.829460497427863985e-01 -2.992704508896745219e-01 -2.049547760527079543e-01 -1.040371605754532858e-01
-4.684452887951829486e-02 -9.435427568742113524e-02 -1.431664079785011923e-01 -1.938548340295530859e-01 -2.468793219548829632e-01 -3.025075854415811283e-01 -3.606946894917474888e-01 -4.208989543239625153e-01 -4.818107017497360589e-01 -5.409817996262269446e-01 -5.944078417373969137e-01 -6.362944376534844793e-01 -6.595013893182474218e-01 -6.571344012045543526e-01 -6.249577812815830802e-01 -5.631757027172767938e-01 -4.761862469459497982e-01 -3.705430412046745725e-01 -2.527183680942144961e-01 -1.279135036889037236e-01
-5.119538487226173162e-02 -1.032795829707022495e-01 -1.571287511342405463e-01 -2.135869072396278934e-01 -2.734307293475819467e-01 -3.373050032811681365e-01 -4.056061588059589051e-01 -4.782752874411562716e-01 -5.544344600877140206e-01 -6.317682377093571944e-01 -7.055971538997435344e-01 -7.679425498219967228e-01 -8.076521364332761577e-01 -8.129938180640048362e-01 -7.764593674320058314e-01 -6.985700103622606294e-01 -5.872968700441196788e-01 -4.536670457933002498e-01 -3.073567321671499819e-01 -1.548729624775149472e-01
-5.465742899820159872e-02 -1.104399214996226175e-01 -1.684821095567661242e-01 -2.299333148868762111e-01 -2.959516412166444677e-01 -3.676749895726118544e-01 -4.461447344484876232e-01 -5.321284524031891783e-01 -6.257147316808439053e-01 -7.254069036576860086e-01 -8.263582066564090223e-01 -9.179812387459953538e-01 -9.830248188709326262e-01 -1.001610988368743405e+00 -9.604958161610110956e-01 -8.608808341489652127e-01 -7.171694384201355854e-01 -5.479568937009394736e-01 -3.676847699175148088e-01 -1.841044785300941788e-01
-5.699441061446645224e-02 -1.153405677031006382e-01 -1.764264532284122722e-01 -2.417125954640810259e-01 -3.127673709925565815e-01 -3.912966535205030794e-01 -4.791522044538647496e-01 -5.782638121635532702e-01 -6.903015931071873057e-01 -8.155160889908671384e-01 -9.497969478038977842e-01 -1.079831348911354683e+00 -1.179995996966882510e+00 -1.218209107858852835e+00 -1.172349505720732488e+00 -1.044790184941474243e+00 -8.600380185221329077e-01 -6.480372740021039801e-01 -4.296380210393248578e-01 -2.134526993046343690e-01
-5.797964725600052854e-02 -1.175014881584966198e-01 -1.801705427061559561e-01 -2.477232201366649234e-01 -3.221081642798694356e-01 -4.055869610268659775e-01 -5.008584298507282595e-01 -6.111690777567784227e-01 -7.401624216719381311e-01 -8.905718840741002618e-01 -1.059944251548403216e+00 -1.232607237972764835e+00 -1.373364616845277109e+00 -1.435231814242260429e+00 -1.384991576183489670e+00 -1.226564422459818893e+00 -9.971785529494354705e-01 -7.406214408791872428e-01 -4.849393120365077525e-01 -2.389937452017952269e-01
-5.742269089643128183e-02 -1.165151973937373353e-01 -1.790310100943334204e-01 -2.469015267032305949e-01 -3.223542399646466827e-01 -4.080744194316376916e-01 -5.074351355600084101e-01 -6.247841017094190041e-01 -7.655100261365637149e-01 -9.346966570530794716e-01 -1.131742550024420257e+00 -1.339439437184288151e+00 -1.514580284533590060e+00 -1.597148724604058989e+00 -1.544078181184458609e+00 -1.360700337819051642e+00 -1.095569805731360091e+00 -8.045549693598793572e-01 -5.216323860773203203e-01 -2.554349316571625228e-01
-5.519591935463936255e-02 -1.121056016444958586e-01 -1.725367723275506304e-01 -2.384975552636318108e-01 -3.123315361511614374e-01 -3.969059138957275468e-01 -4.958866929158284864e-01 -6.141015216705367763e-01 -7.577037405707784945e-01 -9.328263511510145323e-01 -1.139764335937695439e+00 -1.360859204777847387e+00 -1.549792930690591541e+00 -1.641319040953880259e+00 -1.588376733156882326e+00 -1.396873625808188413e+00 -1.119953086898116457e+00 -8.183065713627146742e-01 -5.281567209456021761e-01 -2.578585789034599229e-01
-5.125538503663496642e-02 -1.041745182332910608e-01 -1.605129192061671151e-01 -2.222202919737604476e-01 -2.915669237603050745e-01 -3.713132848117649543e-01 -4.649469404704092979e-01 -5.769739994721065912e-01 -7.129859824008613067e-01 -8.783079864307936635e-01 -1.072603750102573805e+00 -1.278929283193894317e+00 -1.454308837582842351e+00 -1.538892799002339551e+00 -1.489694118273062307e+00 -1.312024676780529697e+00 -1.054315707376096478e+00 -7.722129398592476601e-01 -4.993866207160777559e-01 -2.441036137129155570e-01
-4.565110315266485835e-02 -9.282416809982903250e-02 -1.431200928166452280e-01 -1.983036877802740183e-01 -2.604012677789716568e-01 -3.318179287193171456e-01 -4.154768482785570205e-01 -5.149406665464233424e-01 -6.342637973312014177e-01 -7.766753259208354354e-01 -9.402740594021107290e-01 -1.109946186411458813e+00 -1.250993260886312353e+00 -1.316797722706878560e+00 -1.274323166159356369e+00 -1.127453200332150018e+00 -9.131538721861304220e-01 -6.747422409350172234e-01 -4.396261044184786027e-01 -2.159133931076307467e-01
-3.852486052015617612e-02 -7.835095981773268492e-02 -1.208395964039669368e-01 -1.674730460081982342e-01 -2.199156636015296151e-01 -2.800701284933694857e-01 -3.501114677933271913e-01 -4.324401559541035112e-01 -5.293544936378191679e-01 -6.418811149765677460e-01 -7.667943458757930930e-01 -8.916983418537738348e-01 -9.918089895001391820e-01 -1.035681440128190189e+00 -1.001521099240239687e+00 -8.916523501574283861e-01 -7.301495215463479349e-01 -5.461859450650109471e-01 -3.595858932733299596e-01 -1.777747003161601891e-01
-3.009737977021125291e-02 -6.121521670711059515e-02 -9.441428877079743875e-02 -1.308332112044147955e-01 -1.717177802756733318e-01 -2.184303595408650656e-01 -2.724135114748224007e-01 -3.350498363350685738e-01 -4.072823773760781418e-01 -4.887085926793821034e-01 -5.757722849173128044e-01 -6.592694775587355505e-01 -7.232576575643505645e-01 -7.488845418891074690e-01 -7.234529552726520762e-01 -6.481113186587007524e-01 -5.366035602170040608e-01 -4.063605589349257308e-01 -2.703153311395767311e-01 -1.345241247569308463e-01
-2.064944287280794100e-02 -4.199823967627457078e-02 -6.476913182983751183e-02 -8.972772087761517190e-02 -1.176917228515526326e-01 -1.495180865211336863e-01 -1.860452287397418858e-01 -2.279479315715211285e-01 -2.754284553574116168e-01 -3.276258779741604843e-01 -3.816592159823583019e-01 -4.315662225239176863e-01 -4.681828323321139962e-01 -4.813927064119156163e-01 -4.645803568475375123e-01 -4.182151062632810667e-01 -3.492746859652716696e-01 -2.670628650570863738e-01 -1.791060407313304070e-01 -8.959855825395374174e-02
-1.050215262424601323e-02 -2.135916778227215165e-02 -3.293627862604246032e-02 -4.561681426006710532e-02 -5.980325705123409885e-02 -7.590447983103423835e-02 -9.429645469836141214e-02 -1.152350358785761558e-01 -1.386885281746289000e-01 -1.640537626767805124e-01 -1.897582077330371153e-01 -2.129026063839391247e-01 -2.293594738712195491e-01 -2.347928509118200058e-01 -2.264291399143101846e-01 -2.044183796837200917e-01 -1.716177933355921559e-01 -1.319935557613304000e-01 -8.896299057744704031e-02 -4.464677907880802016e-02
