-2.913515929768579343e-02 -5.583131114382552940e-02 -7.797639380929391462e-02 -9.409352087635541873e-02 -1.035882345456630438e-01 -1.067982164844387405e-01 -1.047845095205248295e-01 -9.896044642209507469e-02 -9.073319085312976651e-02 -8.127649953819524042e-02 -7.144890659191510673e-02 -6.180977903296584058e-02 -5.267897088513608800e-02 -4.420403511710014471e-02 -3.641796440449712735e-02 -2.928252009790352495e-02 -2.271802046246987339e-02 -1.662243905095593319e-02 -1.088284818960102117e-02 -5.381721851225164908e-03
-6.070383612642662324e-02 -1.162028529554652162e-01 -1.619645299501495384e-01 -1.947910640484445677e-01 -2.134453908110369169e-01 -2.188098193190200214e-01 -2.133742851558994569e-01 -2.003221791567682819e-01 -1.826952761877261022e-01 -1.629237825535136963e-01 -1.427093278529447951e-01 -1.231112355995860747e-01 -1.047020679635743828e-01 -8.771920510843642105e-02 -7.218530102823574046e-02 -5.799409413755303444e-02 -4.496712092031450447e-02 -3.288888645165714136e-02 -2.152723036825442832e-02 -1.064403936924628383e-02
-9.742881548010867698e-02 -1.862159863245655966e-01 -2.587445586874331238e-01 -3.094983596225778788e-01 -3.364527821377382710e-01 -3.415303690537553893e-01 -3.295356708985586747e-01 -3.062418698508639903e-01 -2.767971719278265463e-01 -2.450129947420766896e-01 -2.133532165291760485e-01 -1.832237433073042043e-01 -1.552988572881862928e-01 -1.297854139953815433e-01 -1.066099382672855977e-01 -8.554143244655500189e-02 -6.626747936872304234e-02 -4.843875327725982727e-02 -3.169314595644257687e-02 -1.566720416166128560e-02
-1.424705266302478679e-01 -2.718464865005544850e-01 -3.763400456215763024e-01 -4.469171022157779061e-01 -4.804017321427773712e-01 -4.807137038473116020e-01 -4.566950620148522155e-01 -4.181997017364241787e-01 -3.732065365571446414e-01 -3.269709139888414273e-01 -2.824656723372704903e-01 -2.411315207642936997e-01 -2.034841872249837647e-01 -1.695136526577899205e-01 -1.389276026411707665e-01 -1.112942151225694426e-01 -8.612260834364027229e-02 -6.290550032300487593e-02 -4.113939435761046481e-02 -2.033163168210996505e-02
-1.989573644090280036e-01 -3.791041386643861366e-01 -5.229820463190429924e-01 -6.159053502661474555e-01 -6.527753896325645400e-01 -6.411335063465168904e-01 -5.968026501229518610e-01 -5.360829344377953110e-01 -4.706958649585262222e-01 -4.071634791067997305e-01 -3.484013284509966946e-01 -2.953517686294090949e-01 -2.479926485560522975e-01 -2.058573978115300351e-01 -1.682925999813461582e-01 -1.345852145825835178e-01 -1.040232349382876065e-01 -7.592124391420183860e-02 -4.962729913647821040e-02 -2.451992754875339034e-02
-2.679073027706667665e-01 -5.101036079025914605e-01 -7.018376528646378398e-01 -8.196932254222066838e-01 -8.553896178163850061e-01 -8.223352103585352957e-01 -7.474169488039921205e-01 -6.564307738608371467e-01 -5.657052043334148683e-01 -4.824512435188867410e-01 -4.086024376899771715e-01 -3.438788567904719762e-01 -2.872769804965710216e-01 -2.376306678274567041e-01 -1.938001787374839524e-01 -1.547308052241566367e-01 -1.194638700835081585e-01 -8.712894056916951901e-02 -5.692862920635541335e-02 -2.812077957106617204e-02
-3.440515393032194669e-01 -6.550218027370878771e-01 -8.999010748361704337e-01 -1.043639824486897849e+00 -1.073454023596473794e+00 -1.010665830928110687e+00 -8.969399392924086722e-01 -7.700922275556653096e-01 -6.514188228534490976e-01 -5.479413155409024183e-01 -4.596142849322368273e-01 -3.842763161847207454e-01 -3.196050017513246688e-01 -2.635880546334463670e-01 -2.145466330837790536e-01 -1.710739519413750909e-01 -1.319724960381055412e-01 -9.620201632378952428e-02 -6.283749584479508821e-02 -3.103456017562479519e-02
-4.123300548324837500e-01 -7.852202634975352646e-01 -1.078208790740518230e+00 -1.244405957476341751e+00 -1.266254229190956870e+00 -1.173122875674790233e+00 -1.021639621157632849e+00 -8.613697018999926236e-01 -7.179027894306929669e-01 -5.974128834889190776e-01 -4.974954686108034596e-01 -4.139896075953098387e-01 -3.432770071314463767e-01 -2.825697924720773635e-01 -2.297243325539143344e-01 -1.830458684057915120e-01 -1.411501411661139349e-01 -1.028691299667149062e-01 -6.718477430427086117e-02 -3.317996317794751765e-02
-4.514084044109153981e-01 -8.598562803584793857e-01 -1.180647862165246309e+00 -1.359689972341285413e+00 -1.376452675822184446e+00 -1.265172030347442522e+00 -1.091518030636999814e+00 -9.120243010383843885e-01 -7.546479179380823910e-01 -6.248568760849678716e-01 -5.187277347817019768e-01 -4.308802813260666498e-01 -3.569408672003288041e-01 -2.936895706248733307e-01 -2.387350182811858457e-01 -1.902350413738349011e-01 -1.467130667226137775e-01 -1.069395844642806043e-01 -6.985250339019671850e-02 -3.450051563976748448e-02
-4.462245952448690711e-01 -8.500107259202824839e-01 -1.167310952123235435e+00 -1.345201018413523686e+00 -1.363622553976407525e+00 -1.255976054228670868e+00 -1.086407871758537480e+00 -9.102930188525115707e-01 -7.552152660724351652e-01 -6.267899583050929868e-01 -5.213766891648959900e-01 -4.338256128621511554e-01 -3.599131042145911619e-01 -2.965123468481355440e-01 -2.412911065827883228e-01 -1.924462073831728903e-01 -1.485274966677563868e-01 -1.083236344789277467e-01 -7.078513519577925295e-02 -3.496959215154549216e-02
-3.994600786064118614e-01 -7.608354913296908606e-01 -1.045317146591605129e+00 -1.208854718359060332e+00 -1.235009923942465004e+00 -1.151092653324558679e+00 -1.009984748845529801e+00 -8.583678033972471644e-01 -7.208533140795535532e-01 -6.039299018356512061e-01 -5.058729058552182689e-01 -4.230964416591037058e-01 -3.523702122261071490e-01 -2.911553562485854618e-01 -2.374708334062690385e-01 -1.897311804105853428e-01 -1.466270777153772797e-01 -1.070423186848023234e-01 -6.999480608023526951e-02 -3.459271420887930631e-02
-3.294288735739021035e-01 -6.274743794947185149e-01 -8.631272213788090397e-01 -1.004464773878255279e+00 -1.039868904503272962e+00 -9.883126760412282996e-01 -8.872170466220862250e-01 -7.710496171612617466e-01 -6.598564698655137173e-01 -5.609028577445348551e-01 -4.748764301116243924e-01 -4.002907949995943016e-01 -3.353134764969850634e-01 -2.782678477020503194e-01 -2.277056729881326014e-01 -1.823806013939744120e-01 -1.412073128905659003e-01 -1.032237544435528481e-01 -6.755905104978228437e-02 -3.340645420965059759e-02
-2.568211099219227522e-01 -4.894845025233328650e-01 -6.749857229302164141e-01 -7.922984193522811802e-01 -8.339340496680399673e-01 -8.113676662269110329e-01 -7.480508543684435407e-01 -6.669721695010047968e-01 -5.832746438015906643e-01 -5.042287172543946649e-01 -4.323217239604991713e-01 -3.678623012455377594e-01 -3.103236800975903154e-01 -2.588967782111538107e-01 -2.127033971593423611e-01 -1.708782355825187449e-01 -1.325978173966783635e-01 -9.708633102242233970e-02 -6.361118475082642998e-02 -3.147404718235904952e-02
-1.941213493542258139e-01 -3.705343505023224737e-01 -5.129603911449717168e-01 -6.080960519887971261e-01 -6.511831753201424711e-01 -6.484424585182979595e-01 -6.134414783171756591e-01 -5.605685350603875072e-01 -5.006374508160292836e-01 -4.401135632678261911e-01 -3.822701634330063492e-01 -3.285069059763374155e-01 -2.792215827059518207e-01 -2.342921374444894289e-01 -1.933328924716582742e-01 -1.558311232242136357e-01 -1.212193868419825515e-01 -8.891256398355670831e-02 -5.832530402300154654e-02 -2.887854494888604864e-02
-1.445973884640661955e-01 -2.766259727132953095e-01 -3.848430652041803235e-01 -4.607656478423799995e-01 -5.012131264915461459e-01 -5.092750342716012568e-01 -4.925037992964459432e-01 -4.596501200746448412e-01 -4.181465471273306811e-01 -3.732218289127570698e-01 -3.281227816133132635e-01 -2.846716303726392616e-01 -2.437634171691725471e-01 -2.057172753338722404e-01 -1.705049047464149148e-01 -1.378939739532650532e-01 -1.075360399347353724e-01 -7.901923035786964644e-02 -5.189891670394123496e-02 -2.571482529833987729e-02
-1.065493432202931634e-01 -2.043722235017838285e-01 -2.857934894892726896e-01 -3.452509707211160461e-01 -3.804827489873138235e-01 -3.928906324970328212e-01 -3.866357904723116690e-01 -3.670023312287186146e-01 -3.389691185942439455e-01 -3.064812483069421223e-01 -2.723237177888991889e-01 -2.382929428743821576e-01 -2.054431292013007282e-01 -1.743086324247846985e-01 -1.450754706883590761e-01 -1.177038243356287456e-01 -9.201156529354895253e-02 -6.772939772617878051e-02 -4.453630392861099296e-02 -2.208183725446638546e-02
-7.702800279755173118e-02 -1.481258552940292184e-01 -2.081179084505827559e-01 -2.532931321335636365e-01 -2.820012550207722790e-01 -2.947942311063289633e-01 -2.939612823142137565e-01 -2.826849682196795888e-01 -2.642266636340480646e-01 -2.414060873951219544e-01 -2.163972016775846663e-01 -1.907332038564924781e-01 -1.654075123442841633e-01 -1.409986478231090024e-01 -1.177845177757820133e-01 -9.583428331528622002e-02 -7.507699706594903044e-02 -5.535048934703856727e-02 -3.643506205289206989e-02 -1.807621893101355945e-02
-5.340913412139124128e-02 -1.029306635560358618e-01 -1.451774354125551225e-01 -1.777097166557276564e-01 -1.993552337980375733e-01 -2.102718328085801947e-01 -2.117044872391527499e-01 -2.055399868662459995e-01 -1.938437491600502049e-01 -1.785186421392456202e-01 -1.611256982766768875e-01 -1.428351429905103109e-01 -1.244550630707385031e-01 -1.064939258642197961e-01 -8.922966419957266415e-02 -7.277179114496357126e-02 -5.711164710672945316e-02 -4.216050024293252485e-02 -2.777723482292548951e-02 -1.378797677329664934e-02
-3.367496376506168287e-02 -6.500449115922327104e-02 -9.194286806315075944e-02 -1.130033298089353766e-01 -1.274297592232874199e-01 -1.352279245719476553e-01 -1.370421511189225949e-01 -1.339257310575181770e-01 -1.270894137942862878e-01 -1.176989676744344404e-01 -1.067517933232240701e-01 -9.502660165280253646e-02 -8.308366982191817129e-02 -7.129232465950742503e-02 -5.986841829240238666e-02 -4.891156668000776891e-02 -3.843729675620878583e-02 -2.840262858630399068e-02 -1.872540126304792635e-02 -9.298453077100147374e-03
-1.628599735515834368e-02 -3.146901178137628124e-02 -4.458552990864115412e-02 -5.493019690035310515e-02 -6.213187941246690882e-02 -6.616751884033983400e-02 -6.731024365881875526e-02 -6.603129046934543001e-02 -6.288918006085437995e-02 -5.843601309097851138e-02 -5.315590134967322633e-02 -4.743579817431289175e-02 -4.156068764654521214e-02 -3.572328215727173933e-02 -3.004011499663843468e-02 -2.456875628497640421e-02 -1.932334257641773329e-02 -1.428731490401437786e-02 -9.423287775418631024e-03 -4.680435205950042761e-03
