-1.312432884010701541e-03 -2.563528100430147519e-03 -3.697698179700083503e-03 -4.669908162116171574e-03 -5.448819903968124892e-03 -6.017966101949680929e-03 -6.375048689726776040e-03 -6.529788958004812544e-03 -6.500905520251920935e-03 -6.312816234281249522e-03 -5.992538887470901833e-03 -5.567105854547945570e-03 -5.061644382049738759e-03 -4.498131509019888570e-03 -3.894754614590085692e-03 -3.265752832230296634e-03 -2.621615631660314215e-03 -1.969514891004223861e-03 -1.313882299023363953e-03 -6.570628966309085498e-04
-2.686203662681380978e-03 -5.243981484484745714e-03 -7.557356586304773277e-03 -9.533113708866889843e-03 -1.110740462290643084e-02 -1.224799334529216160e-02 -1.295243767693804275e-02 -1.324319860580230185e-02 -1.316101396636040581e-02 -1.275781851891797693e-02 -1.209023117782190467e-02 -1.121423872635537132e-02 -1.018133805590081854e-02 -9.036125007844550416e-03 -7.815131272574396548e-03 -6.546639397662236404e-03 -5.251194211541029312e-03 -3.942561810778696593e-03 -2.628953344426535315e-03 -1.314369152813345222e-03
-4.188400386081187095e-03 -8.168837305576990768e-03 -1.175463252632792666e-02 -1.479778468893902695e-02 -1.719968922438508407e-02 -1.891416335805214469e-02 -1.994350610963970677e-02 -2.032955038570812001e-02 -2.014212952364220766e-02 -1.946720889591939049e-02 -1.839632607633081771e-02 -1.701827697340780807e-02 -1.541334129704923644e-02 -1.364989594311780997e-02 -1.178300298132884880e-02 -9.854477000203865078e-03 -7.893957939805476554e-03 -5.920585760834561929e-03 -3.944999679575598300e-03 -1.971461572714920934e-03
-5.898560453551779208e-03 -1.148833473172855731e-02 -1.649455050968343106e-02 -2.070370177001576439e-02 -2.397940271165982171e-02 -2.626546189523765173e-02 -2.757787091916549110e-02 -2.798936393724172494e-02 -2.761074178721723352e-02 -2.657255856428460475e-02 -2.500958518329706240e-02 -2.304919906088667009e-02 -2.080385210018784181e-02 -1.836711154693947828e-02 -1.581250393914611016e-02 -1.319430590782484994e-02 -1.054957247745343628e-02 -7.900822087073268787e-03 -5.258998728000830597e-03 -2.626477083147656186e-03
-7.917505991328777776e-03 -1.539138900865938062e-02 -2.203153079047989391e-02 -2.754306612598976869e-02 -3.174875531073038937e-02 -3.459040820068379207e-02 -3.611314908557464176e-02 -3.643929006905979873e-02 -3.573891168521378670e-02 -3.420269522591833783e-02 -3.202025276985460273e-02 -2.936508026498407808e-02 -2.638575232081610475e-02 -2.320219252452290076e-02 -1.990559207129492109e-02 -1.656066734361584178e-02 -1.320920171339177648e-02 -9.874128581770337879e-03 -6.563693217371115683e-03 -3.275446966927787838e-03
-1.038007357680676909e-02 -2.012818228137681908e-02 -2.869711405188780928e-02 -3.568827269966606125e-02 -4.088213986670193034e-02 -4.423426268404700296e-02 -4.584502372596628572e-02 -4.591573163702630800e-02 -4.470291537260117493e-02 -4.247905221177290108e-02 -3.950364541255926842e-02 -3.600511037931681396e-02 -3.217188026838815884e-02 -2.815030984950155774e-02 -2.404700147357612811e-02 -1.993356715956945413e-02 -1.585243542625903654e-02 -1.182279453595623704e-02 -7.846194786105603267e-03 -3.911615372075816568e-03
-1.347460477741408043e-02 -2.604415090937087576e-02 -3.694046605954372231e-02 -4.563076599885569629e-02 -5.185726273033388484e-02 -5.561947338475992098e-02 -5.711694575430609211e-02 -5.667569133493049333e-02 -5.467795902236575328e-02 -5.150694595154959449e-02 -4.751015794328966590e-02 -4.297982901831141900e-02 -3.814634022111763195e-02 -3.318016014773268046e-02 -2.819853167877020561e-02 -2.327416086477999621e-02 -1.844417456475520509e-02 -1.371841564604842079e-02 -9.086672959379562403e-03 -4.524817438563856660e-03
-1.747419430002224855e-02 -3.363334799031557354e-02 -4.738983058920299279e-02 -5.803705728359333932e-02 -6.529666663863560594e-02 -6.926941602309573398e-02 -7.032758857746312930e-02 -6.899212106273046319e-02 -6.582627556615533448e-02 -6.136060599511257430e-02 -5.605020229404478194e-02 -5.025769963770924942e-02 -4.425348293169005520e-02 -3.822545103795130933e-02 -3.229279954436976852e-02 -2.652036512325587486e-02 -2.093168419700413771e-02 -1.552001788809795856e-02 -1.025726161346567251e-02 -5.100980512607164799e-03
-2.278881767978443995e-02 -4.362520814322125989e-02 -6.094844137368892606e-02 -7.383095815794088468e-02 -8.202292253742715644e-02 -8.583392966729654072e-02 -8.593186366005833854e-02 -8.313892291028165960e-02 -7.827440797817927787e-02 -7.205899419505405745e-02 -6.507233865109952886e-02 -5.774727744069454299e-02 -5.038443458302081790e-02 -4.317535348754612118e-02 -3.622684262711289155e-02 -2.958281183430009828e-02 -2.324217454566638794e-02 -1.717270850731696108e-02 -1.132137375450523349e-02 -5.621841824744442696e-03
-3.005573907887608420e-02 -5.713006868875700889e-02 -7.894762364184645942e-02 -9.431530877758614873e-02 -1.031300794624608191e-01 -1.061114899931382971e-01 -1.044270011257945330e-01 -9.935728913961797137e-02 -9.207343189897468361e-02 -8.352861626636244596e-02 -7.443287551964919424e-02 -6.527463125918125941e-02 -5.636161880631555127e-02 -4.786467910753823551e-02 -3.985639918468013992e-02 -3.234185786963796744e-02 -2.528149075285802960e-02 -1.860726547700227232e-02 -1.223368207165529895e-02 -6.065013259382898148e-03
-4.030214170528997886e-02 -7.588937131126745339e-02 -1.033945375802090005e-01 -1.213510863908792148e-01 -1.300698112770435622e-01 -1.310546336235499931e-01 -1.263072611072784679e-01 -1.177897728986067039e-01 -1.071334009956736305e-01 -9.554915740375294342e-02 -8.385590955354750575e-02 -7.255674831307090678e-02 -6.192272486073968629e-02 -5.206533802798992555e-02 -4.299220937032158935e-02 -3.464672363916462827e-02 -2.693465883751043621e-02 -1.974117736731007336e-02 -1.294107419321855953e-02 -6.404527901343872939e-03
-5.524158429090193084e-02 -1.027042969129693395e-01 -1.373658385463857046e-01 -1.576078540387691740e-01 -1.647345783179936241e-01 -1.617264283617240728e-01 -1.519565584109469902e-01 -1.383608858597435987e-01 -1.231211894024575731e-01 -1.076786854779976516e-01 -9.288485012197290891e-02 -7.917371897870632835e-02 -6.670718869791426864e-02 -5.548173153567768218e-02 -4.540036983796981451e-02 -3.631816173567749967e-02 -2.806923873885654522e-02 -2.048170700592712168e-02 -1.338490628663211585e-02 -6.612023094679049182e-03
-7.777176862050878825e-02 -1.420929804886776615e-01 -1.855482778513699027e-01 -2.068351610659632245e-01 -2.094579961369901211e-01 -1.991295161140808900e-01 -1.814224480787740013e-01 -1.605739035726010955e-01 -1.393114103339388177e-01 -1.191594861591219745e-01 -1.008310707404510564e-01 -8.454608090483510530e-02 -7.025057083226760035e-02 -5.775402283426751132e-02 -4.680936992511060962e-02 -3.715630923577638994e-02 -2.854242228547611976e-02 -2.073150199868058208e-02 -1.350481776097766339e-02 -6.658656395749430398e-03
-1.125257602722896655e-01 -2.008646795415852671e-01 -2.545403054624350014e-01 -2.737826404538362124e-01 -2.666357233270402749e-01 -2.437128037570727435e-01 -2.139697833002264515e-01 -1.831870941981514345e-01 -1.543886607488224316e-01 -1.288164531134806667e-01 -1.067338259224532987e-01 -8.792895081380290578e-02 -7.199498388075653565e-02 -5.847441236466943693e-02 -4.692677295959425676e-02 -3.695527937438410071e-02 -2.821263613620266994e-02 -2.039705739740481014e-02 -1.324420369768601440e-02 -6.517782590731278740e-03
-1.654026673530735458e-01 -2.869695886935576534e-01 -3.512488475694455214e-01 -3.624537483975627250e-01 -3.371327322293724560e-01 -2.941355772860823059e-01 -2.472600718630000305e-01 -2.037479676643167426e-01 -1.662278487100795621e-01 -1.349822731819554922e-01 -1.093586662968537432e-01 -8.844089400657127731e-02 -7.132599237024654648e-02 -5.722186422843501125e-02 -4.546802547838377229e-02 -3.552539638788335119e-02 -2.695578296099441357e-02 -1.939988612316841457e-02 -1.255715381475436265e-02 -6.168269042649567567e-03
-2.393931946195125282e-01 -4.028956164760957859e-01 -4.758633298120782951e-01 -4.701682271663960577e-01 -4.161003181216419433e-01 -3.447622414648900957e-01 -2.760751437137646258e-01 -2.180618327764541065e-01 -1.717481491903933288e-01 -1.355202751632637037e-01 -1.072770837337406191e-01 -8.514991660261765627e-02 -6.764621979043017319e-02 -5.361902105890448827e-02 -4.219806340146051854e-02 -3.272249471181610386e-02 -2.468521063743212007e-02 -1.768954739823213468e-02 -1.141625461367659980e-02 -5.598137609421931747e-03
-3.247327376557125889e-01 -5.313381695218034606e-01 -6.076502340441300998e-01 -5.765966895553026328e-01 -4.861898650744979067e-01 -3.823007155662144774e-01 -2.910583414752925258e-01 -2.199516973590306956e-01 -1.670566869460476944e-01 -1.280569893695368833e-01 -9.907781402720178265e-02 -7.723533871514473570e-02 -6.048993548886950206e-02 -4.740993138222673875e-02 -3.698270643679997527e-02 -2.848130478599706153e-02 -2.137301419216580678e-02 -1.525683605555293830e-02 -9.820176717569609540e-03 -4.808025709211970027e-03
-3.892269046776687391e-01 -6.220836804227137806e-01 -6.928681104955366488e-01 -6.354520073559755122e-01 -5.134588633028740468e-01 -3.847187971141922680e-01 -2.791057563462521762e-01 -2.020701945917136311e-01 -1.481987125680372663e-01 -1.105374311667750992e-01 -8.373826942495955772e-02 -6.422341430454631128e-02 -4.966823271653482419e-02 -3.854805636705528615e-02 -2.984152113235632314e-02 -2.284699990115178492e-02 -1.706870152987162784e-02 -1.214460372358643243e-02 -7.799588671598991357e-03 -3.813787392745385165e-03
-3.832536742951342945e-01 -6.006999631290466102e-01 -6.550274184637970842e-01 -5.843542049235010971e-01 -4.555746856692721170e-01 -3.273274036934466502e-01 -2.274763426146924339e-01 -1.584787542512915703e-01 -1.126878759372860334e-01 -8.209740401923899811e-02 -6.110858551269836292e-02 -4.625137190019561195e-02 -3.541149599367681561e-02 -2.727253637279962104e-02 -2.098831733757991133e-02 -1.599646949397205004e-02 -1.191018585722483647e-02 -8.453287694669452471e-03 -5.419785928992184275e-03 -2.647534895593017714e-03
-2.624170633859758128e-01 -4.031597889384548883e-01 -4.312993062134283795e-01 -3.754129267696962313e-01 -2.834483752618088825e-01 -1.961518381687439305e-01 -1.312600043144764028e-01 -8.853056388638100294e-02 -6.142892318955998215e-02 -4.398353031806429697e-02 -3.234008148343404943e-02 -2.426144423171030726e-02 -1.845381055026457801e-02 -1.414227230477000004e-02 -1.084274100427491672e-02 -8.240373580501766937e-03 -6.122283829190406507e-03 -4.338575767325964817e-03 -2.778731975641598757e-03 -1.356566589637262215e-03
