-8.787186657597957640e-03 -1.815557637923827933e-02 -2.876917153988364784e-02 -4.147794897874108877e-02 -5.746878087342315727e-02 -7.850448288430923738e-02 -1.072867021429994849e-01 -1.478295610298873408e-01 -2.051272337955420133e-01 -2.823360720120181022e-01 -3.741111230820783895e-01 -4.600447752827920844e-01 -5.088570591357365336e-01 -4.976640701812308221e-01 -4.302860855338725421e-01 -3.338468960845799582e-01 -2.377041666767684691e-01 -1.574836361274979391e-01 -9.476025472711212261e-02 -4.439060846961915413e-02
-1.699317068391936747e-02 -3.506594385497883298e-02 -5.544309786227812759e-02 -7.967286465199620304e-02 -1.098812896758016994e-01 -1.491616982752432263e-01 -2.021379123702863323e-01 -2.754776699058564815e-01 -3.771539159836073130e-01 -5.116221504887358273e-01 -6.689444155211402565e-01 -8.144943300341775938e-01 -8.963274239591331183e-01 -8.767465259921127796e-01 -7.619907611407638059e-01 -5.967282021121684821e-01 -4.298268534099398130e-01 -2.880341156068135788e-01 -1.748910845042446205e-01 -8.238614097783117374e-02
-2.411955216989988479e-02 -4.967192754811237260e-02 -7.826431800108098191e-02 -1.118876878562767435e-01 -1.532050833300037385e-01 -2.059752579226775682e-01 -2.756352357682109178e-01 -3.697607031792605192e-01 -4.970331990662822386e-01 -6.615792899277394001e-01 -8.506376737194840665e-01 -1.023224251789657702e+00 -1.119019247795163929e+00 -1.094534020692782494e+00 -9.568868176905293010e-01 -7.575414205309708437e-01 -5.533159647651366697e-01 -3.760875565495906403e-01 -2.310442577043074763e-01 -1.096523336971290813e-01
-2.981311146195111950e-02 -6.123789209794774230e-02 -9.605445727485772967e-02 -1.364068896778839746e-01 -1.850574867459651995e-01 -2.457345427128348470e-01 -3.235653786653163166e-01 -4.253027337878053094e-01 -5.581072555670383295e-01 -7.241994751435074651e-01 -9.098458364457069347e-01 -1.075761324920731843e+00 -1.165869415796599418e+00 -1.140177489312039327e+00 -1.005104857582455269e+00 -8.078675420514522809e-01 -6.013893380497850050e-01 -4.165516343053958237e-01 -2.598310003613881758e-01 -1.244997545685256474e-01
-3.389500306500477234e-02 -6.941206968720178838e-02 -1.083086443985803310e-01 -1.526265832005718748e-01 -2.048677385447875143e-01 -2.682013536310929314e-01 -3.466599714696044776e-01 -4.450603171280371195e-01 -5.677364338811549116e-01 -7.142867822224623353e-01 -8.716053883761376575e-01 -1.007634839433903640e+00 -1.078806140329276575e+00 -1.054609007757057570e+00 -9.397682269771692187e-01 -7.701478161188146654e-01 -5.869917286362750231e-01 -4.159085534379107219e-01 -2.640955270922619169e-01 -1.279429438425747356e-01
-3.635483156927764997e-02 -7.420673897778218286e-02 -1.151414136124818133e-01 -1.609222020175805345e-01 -2.135755007307475750e-01 -2.754545040667428224e-01 -3.492189588821744684e-01 -4.375266264946770511e-01 -5.418844732089562743e-01 -6.597393680633142354e-01 -7.797475403029558993e-01 -8.787731620971491742e-01 -9.274828769134788597e-01 -9.058861952958184860e-01 -8.168832699454986468e-01 -6.837735749671443042e-01 -5.344204727507250174e-01 -3.876914571314448721e-01 -2.506969625480723884e-01 -1.228103718413304929e-01
-3.731758609161019841e-02 -7.591864029843033157e-02 -1.171280446665691616e-01 -1.623448964321092536e-01 -2.130526993670654734e-01 -2.707792437674009789e-01 -3.369469547302760826e-01 -4.124815072364009794e-01 -4.969109938816114735e-01 -5.866276815465349959e-01 -6.725740553611465611e-01 -7.393674247343063888e-01 -7.691133387652256959e-01 -7.500422683802556723e-01 -6.836732488974338606e-01 -5.835066455552161413e-01 -4.665772459273922479e-01 -3.457159564825458276e-01 -2.272200499505686588e-01 -1.124241656712883786e-01
-3.699687288484296288e-02 -7.502219284518760190e-02 -1.151072208764267885e-01 -1.582764880188289869e-01 -2.055093760266369640e-01 -2.576470390217472928e-01 -3.152024024373519806e-01 -3.780046908673430628e-01 -4.445842562458670599e-01 -5.112579859994356157e-01 -5.712199994825525318e-01 -6.146531720234816865e-01 -6.311464727692548404e-01 -6.141198136514685046e-01 -5.642661161712414497e-01 -4.889324842401400750e-01 -3.980199067481082764e-01 -2.998969642407673386e-01 -1.996866406210143774e-01 -9.960107115125156618e-02
-3.564771407446091361e-02 -7.206603912309497706e-02 -1.100021575862410866e-01 -1.501444212991143168e-01 -1.930607841160246474e-01 -2.390927460875475752e-01 -2.881814948531596365e-01 -3.396011362381038401e-01 -3.915880499239059453e-01 -4.409213816529604091e-01 -4.826819565190591521e-01 -5.106536136817095839e-01 -5.187873958913633565e-01 -5.034012206484065333e-01 -4.647712515510060149e-01 -4.068547408535300725e-01 -3.353792219220414483e-01 -2.557537652294341046e-01 -1.719292148147241739e-01 -8.627533231628434218e-02
-3.352794561562440212e-02 -6.759209420137830826e-02 -1.026909529536575855e-01 -1.392382498012526004e-01 -1.774964958494244516e-01 -2.174807453809132207e-01 -2.588234901323912540e-01 -3.005987683101765673e-01 -3.411239958407243367e-01 -3.778032108720497662e-01 -4.071491220346591944e-01 -4.251779017517075543e-01 -4.282781527831474588e-01 -4.143172968031360037e-01 -3.833876896773588672e-01 -3.376853402522541625e-01 -2.806153983244675243e-01 -2.157227857554340766e-01 -1.459801717377162411e-01 -7.356721464007053013e-02
-3.087197592306073837e-02 -6.208344202024126263e-02 -9.393131392878655006e-02 -1.266211323778120013e-01 -1.602061925296327793e-01 -1.945101072672567599e-01 -2.290319644804204025e-01 -2.628414097931239257e-01 -2.944865300667353081e-01 -3.219616550774154207e-01 -3.428080221355995216e-01 -3.544204665994054593e-01 -3.545627819488813004e-01 -3.419446518170254357e-01 -3.165888211395728180e-01 -2.797794220011719513e-01 -2.336305524905618602e-01 -1.805279096090141588e-01 -1.226981209104351794e-01 -6.201274301315095466e-02
-2.787651759922077019e-02 -5.593838669272552244e-02 -8.432973157450530943e-02 -1.131087778666062110e-01 -1.421970376869283181e-01 -1.713215146586124782e-01 -1.999527372424955984e-01 -2.272477695630424621e-01 -2.520167092897183103e-01 -2.727419861315810712e-01 -2.876856398350164379e-01 -2.951076623555608514e-01 -2.935754474006855297e-01 -2.822784802571773888e-01 -2.612207161222575014e-01 -2.312003484728398506e-01 -1.935941832379859118e-01 -1.500584950234336024e-01 -1.022712542772571814e-01 -5.178556267914170841e-02
-2.469570890368043281e-02 -4.946385793986827345e-02 -7.434045088960870851e-02 -9.928721210699700817e-02 -1.241516700037685467e-01 -1.486261796588075612e-01 -1.722096941479442089e-01 -1.941801732051922080e-01 -2.135903395277920502e-01 -2.293033143933952966e-01 -2.400834958202225089e-01 -2.447467557959741857e-01 -2.423498892960943285e-01 -2.323702391167624948e-01 -2.148131202409285234e-01 -1.902059158331909638e-01 -1.594868516448378348e-01 -1.238404808804174639e-01 -8.454280213636017338e-02 -4.285824764838940676e-02
-2.144246222881183994e-02 -4.288088699787309666e-02 -6.428100564692554308e-02 -8.554795359185947412e-02 -1.064962550630316751e-01 -1.268218446404711652e-01 -1.460796939233562353e-01 -1.636728910337949816e-01 -1.788611552425562468e-01 -1.907973983366827997e-01 -1.985981827285805967e-01 -2.014458200903455343e-01 -1.987069136152861404e-01 -1.900392735890152063e-01 -1.754554701541388428e-01 -1.553232670143575300e-01 -1.303067974643536686e-01 -1.012737669771756610e-01 -6.920122543993932618e-02 -3.510462637572749067e-02
-1.819325319493930379e-02 -3.633622548509175126e-02 -5.435473301773666860e-02 -7.212734552799762722e-02 -8.946355687664370171e-02 -1.060852567813095476e-01 -1.216143523668913456e-01 -1.355705516577651593e-01 -1.473839991037758923e-01 -1.564269482965018332e-01 -1.620660199254430334e-01 -1.637314283800586079e-01 -1.609926691462320592e-01 -1.536244702505976389e-01 -1.416462200713144159e-01 -1.253248882265664277e-01 -1.051433086083116419e-01 -8.174656818445878714e-02 -5.588370963183193069e-02 -2.835903377952772933e-02
-1.499432749898559937e-02 -2.991603012972848114e-02 -4.467435966408458276e-02 -5.914314165003014406e-02 -7.314537455659325671e-02 -8.644127828078015940e-02 -9.872191365298263466e-02 -1.096109704237640120e-01 -1.186773491920694729e-01 -1.254603827211365763e-01 -1.295075281393702760e-01 -1.304212109326692015e-01 -1.279078717577732671e-01 -1.218197243258601348e-01 -1.121800578714573643e-01 -9.918676225632780397e-02 -8.319498466260938363e-02 -6.468549094856289317e-02 -4.422801315035438524e-02 -2.244780044944314976e-02
-1.186802734366836781e-02 -2.365921013379539486e-02 -3.528353626778270302e-02 -4.662548997975764220e-02 -5.753352521842551581e-02 -6.781257163113806052e-02 -7.722105863527012337e-02 -8.547407106480930938e-02 -9.225404924634530990e-02 -9.722970955455455255e-02 -1.000825023509212403e-01 -1.005380208606553583e-01 -9.839788552880503192e-02 -9.356650244796987925e-02 -8.606752735466578763e-02 -7.604712134842438187e-02 -6.376437855920502606e-02 -4.957239925768278099e-02 -3.389505274448637029e-02 -1.720415540274344152e-02
-8.818571986594371179e-03 -1.756924799475278326e-02 -2.617508667122469407e-02 -3.454175880948489458e-02 -4.255066708275904996e-02 -5.005442665933772933e-02 -5.687568010050525480e-02 -6.281020908603479613e-02 -6.763506861294761585e-02 -7.112190612387007949e-02 -7.305475325065094450e-02 -7.325048519128343760e-02 -7.157914961639312568e-02 -6.798087274767594668e-02 -6.247642847253982029e-02 -5.516981699516629312e-02 -4.624300882669702545e-02 -3.594467439829045208e-02 -2.457564358977649271e-02 -1.247376837443999430e-02
-5.837013985414542770e-03 -1.162412326189594253e-02 -1.730580588676896778e-02 -2.281579355267373752e-02 -2.807295953806349803e-02 -3.297879100706631317e-02 -3.741702800217931724e-02 -4.125601880099651064e-02 -4.435411262963349227e-02 -4.656809574327484130e-02 -4.776412170916981975e-02 -4.783002053282208593e-02 -4.668735728486272940e-02 -4.430141270244404572e-02 -4.068749874605488009e-02 -3.591271048887702960e-02 -3.009316622252577317e-02 -2.338764800673632724e-02 -1.598907928287365485e-02 -8.115275843415419021e-03
-2.905359873025164900e-03 -5.784425913760206546e-03 -8.608220307462857018e-03 -1.134265058506681544e-02 -1.394659016896177862e-02 -1.637075114508984922e-02 -1.855762658563193251e-02 -2.044272827539286505e-02 -2.195727112972708020e-02 -2.303224621992930321e-02 -2.360362162172485040e-02 -2.361812219605128119e-02 -2.303885045691116823e-02 -2.184992660093324282e-02 -2.005944621671117492e-02 -1.770036360652859492e-02 -1.482930033620178008e-02 -1.152367441118826684e-02 -7.877752215223682644e-03 -3.998256624354148622e-03
