-2.336998333008838673e-03 -4.631685216793327182e-03 -6.841070488927550666e-03 -8.921079353788117020e-03 -1.082666292927370738e-02 -1.251257769210161082e-02 -1.393488902088564282e-02 -1.505310328321116109e-02 -1.583268707988588417e-02 -1.624761985922463375e-02 -1.628255326170430922e-02 -1.593419932730741687e-02 -1.521168906326068535e-02 -1.413584512748595860e-02 -1.273752500916175076e-02 -1.105536272616469175e-02 -9.133313485090112718e-03 -7.018396925324957812e-03 -4.758931138530878707e-03 -2.403406515620360503e-03
-4.716307419179747648e-03 -9.348671879000356247e-03 -1.381151534320073683e-02 -1.801658263966189957e-02 -2.187299241796712701e-02 -2.528875588857922019e-02 -2.817387300743352807e-02 -3.044483345117846018e-02 -3.203002258377097428e-02 -3.287523622658794498e-02 -3.294839086986924015e-02 -3.224255231199638083e-02 -3.077670941994810339e-02 -2.859416347494578639e-02 -2.575888985519329821e-02 -2.235060987754953349e-02 -1.845949187726588295e-02 -1.418134163218487051e-02 -9.613920060203317783e-03 -4.854694341442805129e-03
-7.179559703543107740e-03 -1.423517754619120675e-02 -2.103973558330703500e-02 -2.746073999045693312e-02 -3.335996483947348268e-02 -3.859557764790796236e-02 -4.302700907015232640e-02 -4.652233254974541543e-02 -4.896732963078657269e-02 -5.027490800545324212e-02 -5.039321850480188436e-02 -4.931090630000702774e-02 -4.705842930108174865e-02 -4.370520648661389146e-02 -3.935325704701082838e-02 -3.412869151569957599e-02 -2.817269954122459535e-02 -2.163355578694754408e-02 -1.466071203281452129e-02 -7.401450667800983305e-03
-9.766753789457535348e-03 -1.937274277201849262e-02 -2.865150860980033437e-02 -3.742667545405636148e-02 -4.551054783345706567e-02 -5.270657832162280176e-02 -5.881625199967886047e-02 -6.365015532661795483e-02 -6.704205297947023190e-02 -6.886384485053162474e-02 -6.903866590860431585e-02 -6.754942248527304183e-02 -6.444089365600465247e-02 -5.981497384319550692e-02 -5.382023870332556387e-02 -4.663819800727964093e-02 -3.846905727021545512e-02 -2.951946894827735604e-02 -1.999392179763841149e-02 -1.009039602083292714e-02
-1.251471203844492855e-02 -2.483753095468057073e-02 -3.676687866323707921e-02 -4.808390398333403648e-02 -5.854897039545189918e-02 -6.790393416462059406e-02 -7.588126315441494352e-02 -8.221998185940750103e-02 -8.668687949228452705e-02 -8.909974953237913275e-02 -8.934817449650028776e-02 -8.740722179476304032e-02 -8.334074594575163752e-02 -7.729355518249758639e-02 -6.947452382541392801e-02 -6.013480249470541661e-02 -4.954586110413376071e-02 -3.798134045001332754e-02 -2.570510894352697265e-02 -1.296621237654910393e-02
-1.545456386247709771e-02 -3.069578851842952316e-02 -4.549457058944233329e-02 -5.959308805435657719e-02 -7.269749308223151518e-02 -8.447892145610286230e-02 -9.458488110561789897e-02 -1.026616256772334285e-01 -1.083857290887312863e-01 -1.115000936375083879e-01 -1.118470560160497312e-01 -1.093905383423612876e-01 -1.042213099176159397e-01 -9.654397312637710837e-02 -8.664949582362213576e-02 -7.488062428481707944e-02 -6.159824184182214474e-02 -4.715492091931085261e-02 -3.187896130673479461e-02 -1.606934378604691141e-02
-1.860775322957046105e-02 -3.699648708254602708e-02 -5.492252267947134864e-02 -7.209638034392838735e-02 -8.816898664617467407e-02 -1.027293711782397839e-01 -1.153177078672793371e-01 -1.254559035523385158e-01 -1.326943093972016707e-01 -1.366678321658698347e-01 -1.371494080339737132e-01 -1.340865588145792875e-01 -1.276099740141642402e-01 -1.180115258960770658e-01 -1.056988558155675800e-01 -9.113995149433756771e-02 -7.481155593430109663e-02 -5.716113646524837583e-02 -3.858646845798268527e-02 -1.943220049074180847e-02
-2.197996056901091455e-02 -4.375988139210061634e-02 -6.510264898660254873e-02 -8.570091881431660119e-02 -1.051526961081990508e-01 -1.229518613229812901e-01 -1.385006686965738754e-01 -1.511499625199052843e-01 -1.602677658476051314e-01 -1.653275083548663704e-01 -1.659961776443622250e-01 -1.621963060095094611e-01 -1.541204939572627941e-01 -1.421932924960960798e-01 -1.269944437088950939e-01 -1.091687633754020587e-01 -8.934688878300946213e-02 -6.809159642137288526e-02 -4.587357273809093000e-02 -2.307298846272692536e-02
-2.555220698368571020e-02 -5.096042644852422782e-02 -7.602727042554070780e-02 -1.004519458067115040e-01 -1.237890122527190162e-01 -1.454247035737001592e-01 -1.645831349186469006e-01 -1.803755047172328763e-01 -1.918992727257750330e-01 -1.983782485457730449e-01 -1.993114772496344389e-01 -1.945819839952054597e-01 -1.844823948306624495e-01 -1.696466998500792966e-01 -1.509168561839427103e-01 -1.291937654165122018e-01 -1.053156344215385176e-01 -7.998478424527817598e-02 -5.374323588135271335e-02 -2.698617901483253007e-02
-2.926843912630512981e-02 -5.850234489163590179e-02 -8.759405731644298587e-02 -1.162905779768386855e-01 -1.441266994651962674e-01 -1.703747966485354981e-01 -1.940316480568544111e-01 -2.138696160330211260e-01 -2.285755198440297675e-01 -2.369746618177086817e-01 -2.382894207229719341e-01 -2.323376928808449093e-01 -2.195803586722419320e-01 -2.009942330354954343e-01 -1.778325056585046693e-01 -1.513738006595578001e-01 -1.227370964153222943e-01 -9.278866743140790074e-02 -6.212840481891088867e-02 -3.112849124236706164e-02
-3.301920342510691886e-02 -6.618645470272915832e-02 -9.955603348726828339e-02 -1.329896054200896960e-01 -1.660523950986611263e-01 -1.979160798284191614e-01 -2.272988710414377278e-01 -2.524953740673998581e-01 -2.715577515747288895e-01 -2.826543606535594777e-01 -2.845326699945444626e-01 -2.768980438884091066e-01 -2.605065154707309483e-01 -2.369170849779663468e-01 -2.080450282320898681e-01 -1.757318068581139314e-01 -1.414702740751291876e-01 -1.063043822661578208e-01 -7.085322361113952083e-02 -3.539938005667259135e-02
-3.662191782843905036e-02 -7.366823205350561676e-02 -1.114540097659263013e-01 -1.500593835469515858e-01 -1.891770458484675621e-01 -2.279376259018140727e-01 -2.647503448615194377e-01 -2.972502392458948317e-01 -3.224963691738877980e-01 -3.375390502821841721e-01 -3.402745451949168443e-01 -3.302036282228610897e-01 -3.086233604789841989e-01 -2.781191793311756921e-01 -2.416975101911096602e-01 -2.020377947959431653e-01 -1.611077404902417354e-01 -1.201053487686242899e-01 -7.958072251566276900e-02 -3.961580356979686052e-02
-3.980023338163740654e-02 -8.041053987719552765e-02 -1.225323540613668244e-01 -1.666166335629328255e-01 -2.126574347384955210e-01 -2.599012752061379272e-01 -3.064959054732618315e-01 -3.492126190114946405e-01 -3.835518894580890459e-01 -4.046081519801345561e-01 -4.086907975045004915e-01 -3.949109282386580877e-01 -3.655975983034193133e-01 -3.252075972678691307e-01 -2.785769673452096473e-01 -2.296111386937367549e-01 -1.808169315050895953e-01 -1.334284529164092292e-01 -8.774849994640988859e-02 -4.348310925772623514e-02
-4.216847226248863351e-02 -8.564131397961509407e-02 -1.316480088180854158e-01 -1.812157034476061801e-01 -2.349254118478853459e-01 -2.924738806575699068e-01 -3.519883026635205470e-01 -4.092288450534227739e-01 -4.572848287201208839e-01 -4.877917514203906069e-01 -4.940456636606352925e-01 -4.743985094452823903e-01 -4.331830639885028700e-01 -3.783186023613630544e-01 -3.177141902018614239e-01 -2.569920134137678169e-01 -1.991161352268599471e-01 -1.450423687650909677e-01 -9.450163433904569532e-02 -4.656812446253808663e-02
-4.323233182409245978e-02 -8.833811335181311619e-02 -1.372014890957089506e-01 -1.916639889001495456e-01 -2.533049314137089669e-01 -3.228670343738402337e-01 -3.990592708548154621e-01 -4.767130690177878716e-01 -5.453543624659238365e-01 -5.906709830368848113e-01 -6.004005507592972135e-01 -5.714589949710418004e-01 -5.119485147312758944e-01 -4.360129383172093864e-01 -3.565584506494102190e-01 -2.814160242899378384e-01 -2.135906631874424366e-01 -1.531197607278800277e-01 -9.864713268327617024e-02 -4.828771736494612971e-02
-4.242270418322287295e-02 -8.727684002416512266e-02 -1.371511272769718182e-01 -1.948985693197164970e-01 -2.635634569420997608e-01 -3.457715246650796548e-01 -4.418726679692621118e-01 -5.463070584923063189e-01 -6.438303963416933673e-01 -7.108108444792506919e-01 -7.257181694671083205e-01 -6.830218951387395654e-01 -5.972104452261020047e-01 -4.925751147353536474e-01 -3.894390130595070110e-01 -2.980783645022514472e-01 -2.206200045578894375e-01 -1.551848421282406854e-01 -9.867777207518686755e-02 -4.793546565573150731e-02
-3.918153249083896478e-02 -8.119395571948441470e-02 -1.292132331905102571e-01 -1.871082199630899612e-01 -2.596696517682082206e-01 -3.521658901089192439e-01 -4.678297128839259411e-01 -6.017704077836814047e-01 -7.334706979551991468e-01 -8.271591671684841440e-01 -8.485620522154525558e-01 -7.887242346051600572e-01 -6.710307369663576216e-01 -5.334601563902358068e-01 -4.055094272763307695e-01 -2.994831294009400735e-01 -2.153495871865631905e-01 -1.482790503393823789e-01 -9.293862985298273482e-02 -4.477592729278994516e-02
-3.310921142122023181e-02 -6.910084740753490162e-02 -1.113664087380480533e-01 -1.644030591120151097e-01 -2.344334384792780834e-01 -3.293452777115364882e-01 -4.558149714417043530e-01 -6.108516836111934634e-01 -7.701279510227425629e-01 -8.867027854564363265e-01 -9.138218361663580369e-01 -8.391106763254099210e-01 -6.947915121154148999e-01 -5.319634902644719832e-01 -3.880214018134322540e-01 -2.758633851613472299e-01 -1.923771015200896883e-01 -1.295442862525046368e-01 -8.001017783485235568e-02 -3.822858359136933892e-02
-2.415401121981933588e-02 -5.072791401873399247e-02 -8.269030383421971386e-02 -1.242691157771703137e-01 -1.818501118564344876e-01 -2.643737576726537530e-01 -3.807341532945832108e-01 -5.305226982419776194e-01 -6.900933241073291535e-01 -8.095781335803361456e-01 -8.377360870202519294e-01 -7.608654552746723088e-01 -6.145550514059502367e-01 -4.541928179923341857e-01 -3.183703230312107113e-01 -2.180861049322970480e-01 -1.476317200683142372e-01 -9.733765401109203963e-02 -5.930890642676157898e-02 -2.812642423573862016e-02
-1.277831861553185497e-02 -2.695865690410726573e-02 -4.432051030095646854e-02 -6.755530482638955059e-02 -1.010501112024477094e-01 -1.514994741515608978e-01 -2.264155061040544481e-01 -3.273174447878344218e-01 -4.384936087016221840e-01 -5.235208069062915470e-01 -5.437772549193133909e-01 -4.888268461848107593e-01 -3.857003235471678781e-01 -2.756794768857260824e-01 -1.861206771345031430e-01 -1.231946535346093302e-01 -8.123958816581446085e-02 -5.263577307402417943e-02 -3.173440718079429540e-02 -1.496581093445824989e-02
