-2.664676864767471717e-02 -5.273143421575638562e-02 -7.757178119242628955e-02 -1.002828612651206625e-01 -1.197770428409901250e-01 -1.348897140764892255e-01 -1.446335377905936526e-01 -1.484997520939792537e-01 -1.466540343519238954e-01 -1.399063303078633413e-01 -1.294705863454704564e-01 -1.166509436481064643e-01 -1.025946222070501374e-01 -8.816931928342093550e-02 -7.394620028708877302e-02 -6.024178807816575609e-02 -4.717937728263595087e-02 -3.474759210044580521e-02 -2.284728349891868709e-02 -1.132566028167910320e-02
-5.385559805462289407e-02 -1.067069626659229442e-01 -1.572719614931111232e-01 -2.037800724938402530e-01 -2.439299174766057787e-01 -2.751386932876817015e-01 -2.951324236587505867e-01 -3.026995451230160006e-01 -2.982013155789804415e-01 -2.834958293701805854e-01 -2.613230160524385171e-01 -2.345379092859772308e-01 -2.055580681586715031e-01 -1.761364279570661329e-01 -1.473736920137130590e-01 -1.198415765023698731e-01 -9.372813007222703663e-02 -6.896370966063128383e-02 -4.531588108047509417e-02 -2.245535924823876053e-02
-8.206825524759082946e-02 -1.629667854176359010e-01 -2.410210012464223117e-01 -3.136119668842355379e-01 -3.769713595479851076e-01 -4.265141070122528966e-01 -4.579445556681694396e-01 -4.688547512410183304e-01 -4.598750308263115927e-01 -4.345076164849910882e-01 -3.977687142326979397e-01 -3.546135176403248379e-01 -3.089618375763562574e-01 -2.634443636227016827e-01 -2.195705283269719366e-01 -1.780226956038053199e-01 -1.389278578059410796e-01 -1.020632360586421344e-01 -6.699717117272473155e-02 -3.317989497797597942e-02
-1.114477965050359731e-01 -2.220563980803728354e-01 -3.301770269488400467e-01 -4.325101852059599072e-01 -5.234615446176044129e-01 -5.953809225998325516e-01 -6.404826040260707121e-01 -6.541295247818381675e-01 -6.373701186265550156e-01 -5.965752900220792077e-01 -5.404973851016739994e-01 -4.771429166631490637e-01 -4.122210395540742978e-01 -3.491067559532105569e-01 -2.894410996255948887e-01 -2.337507942446810094e-01 -1.818973692619798854e-01 -1.333642084553345875e-01 -8.742967238985881184e-02 -4.326705054008306295e-02
-1.416514389272147678e-01 -2.835568461995062184e-01 -4.248216638089932773e-01 -5.619124726438096129e-01 -6.870295864749141890e-01 -7.877675129033147039e-01 -8.502562602787786528e-01 -8.657188967176361327e-01 -8.358925791374791636e-01 -7.722497080708058403e-01 -6.897944613277162684e-01 -6.010129487793871572e-01 -5.136175996986250825e-01 -4.313103941345780012e-01 -3.553349079658972287e-01 -2.856418672077609133e-01 -2.215466043568564136e-01 -1.620665576203282887e-01 -1.060902592033396014e-01 -5.245863505125732129e-02
-1.715403442210017004e-01 -3.453872965819661522e-01 -5.224369882233319551e-01 -6.997543738565984439e-01 -8.671087568497053422e-01 -1.005124574184403485e+00 -1.090068096279394494e+00 -1.106122348516924703e+00 -1.056120025887775205e+00 -9.599869437679261486e-01 -8.425664790461369069e-01 -7.225837272568825798e-01 -6.097043652502144306e-01 -5.071415279728422876e-01 -4.149405853840185121e-01 -3.319345660325592196e-01 -2.565805791461915342e-01 -1.872651585537662700e-01 -1.224061737632909791e-01 -6.047723080235328785e-02
-1.989371630232569521e-01 -4.030670332688433000e-01 -6.161118452389063860e-01 -8.367725747731772357e-01 -1.052511638392969129e+00 -1.235024739524902104e+00 -1.346918732922105733e+00 -1.362297860687927464e+00 -1.285511370002206277e+00 -1.148410590048776880e+00 -9.891979749639295827e-01 -8.342641783494288976e-01 -6.947980700010578659e-01 -5.724862768324161522e-01 -4.653339771146259851e-01 -3.705734011745744905e-01 -2.855758452250973800e-01 -2.080073193850806301e-01 -1.357920477737605269e-01 -6.704411613223812405e-02
-2.207121280626277438e-01 -4.496384912642574783e-01 -6.936730464806316609e-01 -9.537551312730725428e-01 -1.215577069072299343e+00 -1.441771210689687832e+00 -1.580317282619910779e+00 -1.594295203274499251e+00 -1.489686396221720166e+00 -1.311281387663151943e+00 -1.111414867883747437e+00 -9.240287621938240159e-01 -7.611721472917399867e-01 -6.223834914309388511e-01 -5.032954697815876788e-01 -3.994449752650254815e-01 -3.071417462676054311e-01 -2.233962095326798569e-01 -1.457105834881263218e-01 -7.190718622862504739e-02
-2.335201778004350193e-01 -4.772548489991841891e-01 -7.402824998448797045e-01 -1.025225109056550288e+00 -1.316817409742512712e+00 -1.571697283997377292e+00 -1.727873492853175819e+00 -1.740823468121426520e+00 -1.617645166577613036e+00 -1.412014423637227845e+00 -1.185835104043259092e+00 -9.779543636524261618e-01 -8.007328466425528424e-01 -6.520748680408943176e-01 -5.259489661969425356e-01 -4.167618378642968247e-01 -3.201493634562102009e-01 -2.327251569068705672e-01 -1.517468895308811960e-01 -7.487404581695732142e-02
-2.351130124236785468e-01 -4.804635944696207250e-01 -7.451611860182888458e-01 -1.031847648186173805e+00 -1.325202321624938229e+00 -1.581659033650945512e+00 -1.738906028613921739e+00 -1.752178932452790994e+00 -1.628608285008043666e+00 -1.422147157449916044e+00 -1.195002279000294987e+00 -9.861842755629397494e-01 -8.080798561683943948e-01 -6.585624753932264319e-01 -5.315699972205336632e-01 -4.214941446004634718e-01 -3.239679244647274969e-01 -2.356081191971096112e-01 -1.536777702954945923e-01 -7.584210693932079417e-02
-2.254596914407887009e-01 -4.591705077184360384e-01 -7.080794766673100815e-01 -9.731469081893254769e-01 -1.239899184561304546e+00 -1.470444203223582713e+00 -1.611964453005905185e+00 -1.626944969806520369e+00 -1.521446510923213813e+00 -1.340941349662789550e+00 -1.138519123369968522e+00 -9.485459800323149393e-01 -7.831609918954316463e-01 -6.418482112141753460e-01 -5.201799736260236395e-01 -4.136668422253362287e-01 -3.186192744645836572e-01 -2.320615800234450965e-01 -1.515139639697566931e-01 -7.481661099775806234e-02
-2.067846831205166769e-01 -4.187409573829772302e-01 -6.395809651652718530e-01 -8.679485590519359084e-01 -1.091034945407778123e+00 -1.279877912798425221e+00 -1.396152779879912487e+00 -1.413285824006934588e+00 -1.335714695642130856e+00 -1.196067019214048566e+00 -1.033431533838497174e+00 -8.747413260333861684e-01 -7.313592758366883606e-01 -6.049721995390159313e-01 -4.935627047274953050e-01 -3.943663539608769364e-01 -3.047801461310746807e-01 -2.225049290218778508e-01 -1.454998937362120270e-01 -7.191037345221207300e-02
-1.824918105950601721e-01 -3.671467926174051266e-01 -5.547179618422810599e-01 -7.420779914940051070e-01 -9.186330234218327284e-01 -1.064364194928379082e+00 -1.154727768281487599e+00 -1.173343467667879336e+00 -1.123115058843407565e+00 -1.024613386730772513e+00 -9.034592055180010739e-01 -7.789229719202639401e-01 -6.609347994643133273e-01 -5.528190712567718768e-01 -4.546905135695027411e-01 -3.654513126566884540e-01 -2.836296779951760216e-01 -2.076780791368944279e-01 -1.360703103966646177e-01 -6.732498977339185231e-02
-1.558398417673632352e-01 -3.116350773443860023e-01 -4.661864721055887228e-01 -6.156182053400668375e-01 -7.516875827701460233e-01 -8.614062649848746034e-01 -9.302799260989516039e-01 -9.491286635433648922e-01 -9.197398364847352292e-01 -8.540510348433327792e-01 -7.676759747950248070e-01 -6.736126555820665107e-01 -5.799232430218844714e-01 -4.905472704623157765e-01 -4.069106265892918350e-01 -3.291167700113306060e-01 -2.566090228129201400e-01 -1.885073939832943302e-01 -1.237782811719770337e-01 -6.131927726634464615e-02
-1.291672759662035042e-01 -2.570339467329826877e-01 -3.814834966939436023e-01 -4.987287523410373069e-01 -6.026505114108509087e-01 -6.850454788425500707e-01 -7.376291789143145650e-01 -7.554741012452378390e-01 -7.396690334215277884e-01 -6.969327532558213800e-01 -6.365215673157638143e-01 -5.669487010122431503e-01 -4.943604164125896538e-01 -4.224923807693551359e-01 -3.532818503254600562e-01 -2.874954760649688357e-01 -2.251822006278397514e-01 -1.659641937625279673e-01 -1.092161453983734598e-01 -5.417384105454734616e-02
-1.037788657348429344e-01 -2.057658640663092564e-01 -3.036590856047959863e-01 -3.942061441300740987e-01 -4.730104016105156073e-01 -5.349015020901464190e-01 -5.751186900996485551e-01 -5.910098892468610421e-01 -5.832509230407481038e-01 -5.556623178893000947e-01 -5.137570098287416176e-01 -4.630530003493495417e-01 -4.080173457675030368e-01 -3.517689473720551629e-01 -2.962273809480795994e-01 -2.424009229192468640e-01 -1.906600992079682810e-01 -1.409510377339153742e-01 -9.294826963079634574e-02 -4.615994291794776189e-02
-8.017917799212345709e-02 -1.585754829233279595e-01 -2.331185461077638910e-01 -3.012433911098342243e-01 -3.598761408767729431e-01 -4.057440362304203241e-01 -4.360547715849573680e-01 -4.493429831713766642e-01 -4.460354722296098751e-01 -4.283591836810550779e-01 -3.996435550629245381e-01 -3.634416838560565188e-01 -3.228755503939687022e-01 -2.803365773413581397e-01 -2.374575136176989565e-01 -1.952207084694472239e-01 -1.541062371384594731e-01 -1.142315928163640942e-01 -7.546595388527804760e-02 -3.751766311601212323e-02
-5.836190879731821546e-02 -1.152360141354921708e-01 -1.689871976034625911e-01 -2.177462142836932846e-01 -2.594476917686900919e-01 -2.920440822215478738e-01 -3.138858937214376588e-01 -3.241481662771159566e-01 -3.230979123829666455e-01 -3.120447427173375643e-01 -2.929949509036456345e-01 -2.681877830349306269e-01 -2.397049375410538752e-01 -2.092439970691176432e-01 -1.780453502312867586e-01 -1.469181610023486961e-01 -1.163125514608459865e-01 -8.640314489239379891e-02 -5.716629172812207754e-02 -2.844475574230037954e-02
-3.803239375776883147e-02 -7.501921353082562083e-02 -1.098470250905863588e-01 -1.413036649040111947e-01 -1.681178436799137255e-01 -1.890877600111303403e-01 -2.032825488003164871e-01 -2.102522945833865675e-01 -2.101532849623507782e-01 -2.037213620805112813e-01 -1.921013763338035585e-01 -1.766088104308225493e-01 -1.585122411545743237e-01 -1.388890945149647282e-01 -1.185617288928560026e-01 -9.809403859238167989e-02 -7.782266598407321101e-02 -5.790214448194774821e-02 -3.835131215098788043e-02 -1.909506812377675597e-02
-1.874844888320803191e-02 -3.696140140910169486e-02 -5.407794156869448476e-02 -6.950333494556965030e-02 -8.263171668158898753e-02 -9.290565399549274850e-02 -9.990308111048050443e-02 -1.034240469938757928e-01 -1.035407414552596828e-01 -1.005855799876338164e-01 -9.508018680994151373e-02 -8.763377748467039707e-02 -7.884610741039879689e-02 -6.923840899753781752e-02 -5.921843460762574868e-02 -4.907360064725159454e-02 -3.898193029391659042e-02 -2.903145447735036230e-02 -1.924174265002549442e-02 -9.584203084180798957e-03
