-7.177719261788477988e-03 -1.398251150519223482e-02 -2.007941437422639669e-02 -2.520339529625714031e-02 -2.918038061242728132e-02 -3.193453717940202691e-02 -3.348184829650249772e-02 -3.391288264529852131e-02 -3.336950512366582827e-02 -3.202057170022365451e-02 -3.004059200182471190e-02 -2.759359836025571805e-02 -2.482280025238964294e-02 -2.184542174627930947e-02 -1.875154306020435438e-02 -1.560565042662564843e-02 -1.244976288299986730e-02 -9.307303192811349629e-03 -6.187151016057859144e-03 -3.087584025228533660e-03
-1.472836580421469678e-02 -2.867291167199043089e-02 -4.113175062393274739e-02 -5.155378525291511721e-02 -5.958358957739745554e-02 -6.507592021595987042e-02 -6.807997380698668777e-02 -6.880017886726452758e-02 -6.754456767463194733e-02 -6.467219146059392798e-02 -6.054819911708175795e-02 -5.551100244842230302e-02 -4.985218206977336253e-02 -4.380734522614525284e-02 -3.755510324785225895e-02 -3.122129705399202468e-02 -2.488610016965129082e-02 -1.859230154214958422e-02 -1.235371590763209050e-02 -6.163185847175735657e-03
-2.306283207933657389e-02 -4.484901871600673051e-02 -6.422089060237028135e-02 -8.029640558723742660e-02 -9.252427243148576841e-02 -1.007055805550707006e-01 -1.049619500477941975e-01 -1.056632938938027733e-01 -1.033363981590804809e-01 -9.857543036039488615e-02 -9.196901270142870954e-02 -8.405003120823770213e-02 -7.526758194477056740e-02 -6.597667679374658034e-02 -5.644023107053675742e-02 -4.683833911361587332e-02 -3.728104266207935696e-02 -2.782208740232387442e-02 -1.847222636126537657e-02 -9.211441993700032749e-03
-3.267394444360253308e-02 -6.343944114943546320e-02 -9.060638918607594183e-02 -1.128866750165401500e-01 -1.295115154356361598e-01 -1.402601823776506440e-01 -1.453989544859305982e-01 -1.455546530760236101e-01 -1.415623054916442247e-01 -1.343241236401078731e-01 -1.247023931035623062e-01 -1.134525315609797164e-01 -1.011914393849818739e-01 -8.839155124810528508e-02 -7.539080953741807145e-02 -6.241078869197980855e-02 -4.957764683137630413e-02 -3.694278098573348934e-02 -2.450165859532414669e-02 -1.221035696996067288e-02
-4.419350045616732975e-02 -8.562840338325844458e-02 -1.218785372034566772e-01 -1.511323748929714605e-01 -1.723749207542656370e-01 -1.854246725792189909e-01 -1.908190320719442834e-01 -1.895940614169726868e-01 -1.830340509535199611e-01 -1.724563706164932153e-01 -1.590639089141469287e-01 -1.438662650501582874e-01 -1.276540976249917470e-01 -1.110072813861009422e-01 -9.432067010633171655e-02 -7.783636261569434889e-02 -6.167597661496052042e-02 -4.586973212475183026e-02 -3.038127062164358572e-02 -1.512832677555968341e-02
-5.847155350305213023e-02 -1.130019403465394034e-01 -1.601466931955084771e-01 -1.973890453623549091e-01 -2.234308478885073945e-01 -2.382443827208081122e-01 -2.428583577696207529e-01 -2.389684831518427977e-01 -2.285234635447396523e-01 -2.134034034074318298e-01 -1.952306124615442451e-01 -1.752945278316491995e-01 -1.545514088383120599e-01 -1.336628119481530208e-01 -1.130482300200462975e-01 -9.293801833484870156e-02 -7.342016713407034656e-02 -5.447890151408364690e-02 -3.602536641604930229e-02 -1.792167884189388785e-02
-7.668938168089765861e-02 -1.477584003852066841e-01 -2.083132493191206247e-01 -2.548417882936065415e-01 -2.857112458752876782e-01 -3.012612118029743824e-01 -3.034003460635358862e-01 -2.948976139492861526e-01 -2.786877988726102484e-01 -2.574031469170108832e-01 -2.331606134267539820e-01 -2.075298310566051907e-01 -1.815942052001623674e-01 -1.560443330133663153e-01 -1.312714250438170027e-01 -1.074473167512468852e-01 -8.458777501747744010e-02 -6.260034411987487613e-02 -4.131961671241838469e-02 -2.053302471776127097e-02
-1.005130924463745884e-01 -1.930008303251414814e-01 -2.704644828687819413e-01 -3.279070218777259127e-01 -3.632716111902265510e-01 -3.776634569382361084e-01 -3.745718135232032342e-01 -3.585292546344311382e-01 -3.339256944072459543e-01 -3.043605064891554690e-01 -2.724788275132297155e-01 -2.400699806162935046e-01 -2.082512560121660139e-01 -1.776488978477239744e-01 -1.485458254644826115e-01 -1.209920550232072012e-01 -9.488327526498153974e-02 -7.001508703954943680e-02 -4.611973637315559121e-02 -2.289080540321243931e-02
-1.322480204001517390e-01 -2.530450574975404154e-01 -3.523086573110519315e-01 -4.226829361248022332e-01 -4.614931443375253628e-01 -4.713488192970250457e-01 -4.585965189387838925e-01 -4.306858027297340019e-01 -3.941151146271202332e-01 -3.536322155127897271e-01 -3.123238721679572616e-01 -2.720199739971365660e-01 -2.336919439067663695e-01 -1.977541850505097065e-01 -1.642709309637277459e-01 -1.330918067411588634e-01 -1.039381899536209047e-01 -7.645699638324066072e-02 -5.025343974974930128e-02 -2.491046379045568082e-02
-1.747519503890434533e-01 -3.332945244427917841e-01 -4.610812781406899985e-01 -5.468284297749189671e-01 -5.868074905410968212e-01 -5.864448886560863494e-01 -5.571959762458231769e-01 -5.112866355466805235e-01 -4.581563302051239184e-01 -4.037165465127762753e-01 -3.511624129988435428e-01 -3.019938544032066408e-01 -2.567423451972074555e-01 -2.154049733083482909e-01 -1.776919122567684195e-01 -1.431660567389975713e-01 -1.113206837162665774e-01 -8.162127383012636461e-02 -5.352656608293207552e-02 -2.649761251348065408e-02
-2.303762754855193107e-01 -4.382838384989400926e-01 -6.030118585597415981e-01 -7.068022153113298067e-01 -7.440309562043235792e-01 -7.250043083844963654e-01 -6.698121744997340699e-01 -5.981314660403607153e-01 -5.232333495650768329e-01 -4.518571154131823531e-01 -3.866060313467001297e-01 -3.280495499796490244e-01 -2.758785102709804260e-01 -2.294314511758361319e-01 -1.879256945430498038e-01 -1.505598284516096452e-01 -1.165572174538195421e-01 -8.518085131606974170e-02 -5.573394088437914201e-02 -2.755342203945466972e-02
-2.978632297942189200e-01 -5.657967208404401926e-01 -7.753847835431346702e-01 -8.992090953055835723e-01 -9.285564759031048609e-01 -8.811093495758138827e-01 -7.898397658485991624e-01 -6.848392498770508041e-01 -5.838487918808454857e-01 -4.936729911650938885e-01 -4.153229302912013199e-01 -3.477158912307435901e-01 -2.892903382966794390e-01 -2.385166089164001690e-01 -1.940195918773899297e-01 -1.545903504422364849e-01 -1.191675091993400770e-01 -8.681097560178513417e-02 -5.667492598885495031e-02 -2.798213662907585858e-02
-3.676746760592697338e-01 -6.978921780092625093e-01 -9.541490100796727880e-01 -1.097264042682008389e+00 -1.114517488610259788e+00 -1.032573526968479039e+00 -8.999724179474172248e-01 -7.588060727851486664e-01 -6.312037472504061775e-01 -5.231437463165017343e-01 -4.332132060597773671e-01 -3.581905493165062349e-01 -2.950494087730896053e-01 -2.413249962866750031e-01 -1.950457179135228203e-01 -1.546144783340286377e-01 -1.187114956917796477e-01 -8.622061874600892017e-02 -5.617265359725529678e-02 -2.770020025803173608e-02
-4.204773536223289643e-01 -7.978726549434457249e-01 -1.089450915885874505e+00 -1.245918682824015411e+00 -1.250990407233125712e+00 -1.139075329356522115e+00 -9.720557773300805282e-01 -8.019825457001180657e-01 -6.541906761904325851e-01 -5.334602780583874715e-01 -4.360306409430049768e-01 -3.567635680953166188e-01 -2.913898958088669833e-01 -2.366881301108819391e-01 -1.902238062808502272e-01 -1.501103546918658160e-01 -1.148433802596435932e-01 -8.318735314161923577e-02 -5.409487184032341078e-02 -2.664601387280510561e-02
-4.349000521745276515e-01 -8.250180425065323231e-01 -1.125638239112228378e+00 -1.283838775752014438e+00 -1.282068540688596769e+00 -1.157668190783523343e+00 -9.774737588550931333e-01 -7.971130791945355565e-01 -6.428985641083290181e-01 -5.189433579396015572e-01 -4.204387903418032590e-01 -3.414130838198402573e-01 -2.770556997038161051e-01 -2.238136343038650833e-01 -1.790510199645851674e-01 -1.407597587742125123e-01 -1.073643200718469998e-01 -7.759054478336067928e-02 -5.037347166961482492e-02 -2.478898569269480726e-02
-4.017451672074792146e-01 -7.617853426543061968e-01 -1.038686595710433869e+00 -1.184532430724236196e+00 -1.183646019257232007e+00 -1.069910046382759106e+00 -9.040122350123219741e-01 -7.368862048655329122e-01 -5.931640374015414441e-01 -4.772380684843067211e-01 -3.850883491752821741e-01 -3.113601468367939162e-01 -2.516030331772674544e-01 -2.024594745091884695e-01 -1.614068741450500610e-01 -1.265133427782904885e-01 -9.626359769436948488e-02 -6.943703731440567517e-02 -4.501948741468810022e-02 -2.213646160899532603e-02
-3.309161891098518216e-01 -6.270960935841034534e-01 -8.545543151863684850e-01 -9.765302958388024646e-01 -9.813776620807036499e-01 -8.949571110254209705e-01 -7.638425572641949213e-01 -6.281496777596280445e-01 -5.086002930076146678e-01 -4.102630256441123224e-01 -3.310759744485867739e-01 -2.673067874122243004e-01 -2.155341032253611511e-01 -1.730141722886742728e-01 -1.376036535966286833e-01 -1.076231416115659839e-01 -8.173969071608916392e-02 -5.887452106873055507e-02 -3.813098405972485672e-02 -1.873737631557254035e-02
-2.431072774572050899e-01 -4.604081307402780876e-01 -6.272063483134630024e-01 -7.192430177828651461e-01 -7.291981426920293163e-01 -6.739060299361542272e-01 -5.839900223050299433e-01 -4.869130005322768739e-01 -3.982423521449356962e-01 -3.231647360906185762e-01 -2.614891030288141183e-01 -2.112378143933318630e-01 -1.702106572582811339e-01 -1.364593398836654869e-01 -1.083704225654400916e-01 -8.463587941124585401e-02 -6.419750203547661127e-02 -4.619037345264213196e-02 -2.989255500745526331e-02 -1.468206321947130785e-02
-1.555634178335021378e-01 -2.944794678150003397e-01 -4.011816696203008292e-01 -4.618496083638273242e-01 -4.725409740587579455e-01 -4.426388277464728960e-01 -3.894389907540898310e-01 -3.291917987808891111e-01 -2.720284046023430102e-01 -2.221839072036316531e-01 -1.804005304820758826e-01 -1.459352737355307239e-01 -1.176105036996180075e-01 -9.424205172925341489e-02 -7.478281811069457941e-02 -5.835245157853645448e-02 -4.422406392577637319e-02 -3.179691717289688524e-02 -2.056680252825180896e-02 -1.009832466822784512e-02
-7.510471000438809219e-02 -1.421416740313973803e-01 -1.936973317025043329e-01 -2.236632310433122883e-01 -2.303736143264464853e-01 -2.178820436859042753e-01 -1.937515197481409768e-01 -1.653624900335546877e-01 -1.376483451669602009e-01 -1.129620472464561015e-01 -9.196487788387869289e-02 -7.448871548013621946e-02 -6.005370920332946810e-02 -4.811552809924028729e-02 -3.816634746731018685e-02 -2.976704588375946037e-02 -2.254938475103436535e-02 -1.620642936316297328e-02 -1.047941642420696651e-02 -5.144434939027171805e-03
