-1.075267726068320981e-02 -2.229787563289390914e-02 -3.555602929770428772e-02 -5.173896016723171509e-02 -7.259508033504952218e-02 -1.007839094841294081e-01 -1.403061267638442966e-01 -1.963595134521089469e-01 -2.728779607256378026e-01 -3.660405923888435664e-01 -4.569006322948387933e-01 -5.137981652413239342e-01 -5.109404958869466773e-01 -4.488497673554107670e-01 -3.538400609237402628e-01 -2.571406466640259736e-01 -1.768077755248858018e-01 -1.158802868850850598e-01 -6.983444105226307985e-02 -3.284811811421705502e-02
-2.071283216441259165e-02 -4.288274609986985481e-02 -6.818651318232153702e-02 -9.879547387008852377e-02 -1.377730127727379295e-01 -1.896505736569130407e-01 -2.610207562179036045e-01 -3.600941916890769146e-01 -4.924865431477525313e-01 -6.507597321421151326e-01 -8.030268872339134667e-01 -8.974519134198537529e-01 -8.922428309946794922e-01 -7.882203776185857658e-01 -6.279857180701621244e-01 -4.626556045175892473e-01 -3.226303765925279676e-01 -2.139960521348907019e-01 -1.300652951760351839e-01 -6.148019840453177592e-02
-2.921590069260678046e-02 -6.033369608715336008e-02 -9.551070782301619710e-02 -1.374702331248504605e-01 -1.899307260613677661e-01 -2.581934912804237370e-01 -3.496757367139939343e-01 -4.732004309062846636e-01 -6.340780679379143248e-01 -8.224454932928431106e-01 -1.000961301168868278e+00 -1.110416331180170024e+00 -1.103499030025400396e+00 -9.810984527881743134e-01 -7.913759744035760990e-01 -5.926740380263991748e-01 -4.205781607883945505e-01 -2.833044502028793654e-01 -1.741760136014488536e-01 -8.289658242895972529e-02
-3.581707255060039702e-02 -7.372535481682294944e-02 -1.160512100884847492e-01 -1.656298075836071249e-01 -2.261564639265795373e-01 -3.026200757478442749e-01 -4.015873409069655731e-01 -5.302752503924064165e-01 -6.919202977019961454e-01 -8.755290048406743075e-01 -1.045627938449073868e+00 -1.148050600126446552e+00 -1.140115734974816553e+00 -1.022562397765514497e+00 -8.387325524180820890e-01 -6.419252723215737033e-01 -4.659162043766987837e-01 -3.200392202126775554e-01 -1.996019980441008923e-01 -9.581055923400387531e-02
-4.032703218329249106e-02 -8.269938150023194157e-02 -1.293380062771132544e-01 -1.828296937704069203e-01 -2.463391516550145766e-01 -3.238093822443036673e-01 -4.199329429593856022e-01 -5.391139426766760057e-01 -6.817785966185866409e-01 -8.370470414329784781e-01 -9.761061137795946641e-01 -1.057429797256765891e+00 -1.049030516329685803e+00 -9.513768003923180894e-01 -7.968058315262882552e-01 -6.260744893449160520e-01 -4.665719300843569339e-01 -3.277118358418584232e-01 -2.076985747028829987e-01 -1.006458573617976388e-01
-4.279167358656225939e-02 -8.740709690525831632e-02 -1.357711422293636783e-01 -1.900046003666034378e-01 -2.524952805536173073e-01 -3.258904511011332938e-01 -4.128366682009869115e-01 -5.149947353844539499e-01 -6.304967069399023405e-01 -7.496190431848844815e-01 -8.515483905457510438e-01 -9.085722655901669054e-01 -9.000413116755219267e-01 -8.261593961651758633e-01 -7.076293094934840155e-01 -5.715228734785039455e-01 -4.375628361458623883e-01 -3.142914329140180651e-01 -2.024107048947542398e-01 -9.901365162280800769e-02
-4.343256591602377009e-02 -8.836617357976019049e-02 -1.363345869611714556e-01 -1.889188971579304210e-01 -2.477159966577195949e-01 -3.142066448841356885e-01 -3.894077297386619452e-01 -4.730782271708394715e-01 -5.621808304632772701e-01 -6.487575353933908717e-01 -7.188876495887762674e-01 -7.557206561516711663e-01 -7.472308013226158785e-01 -6.934382169497604886e-01 -6.062229898478107559e-01 -5.019115377625216201e-01 -3.936241217421388439e-01 -2.884245305777526913e-01 -1.884399024807977829e-01 -9.296953974368292462e-02
-4.257241692074139466e-02 -8.629044029959168083e-02 -1.322820375144909133e-01 -1.816191996371063766e-01 -2.352321509573999381e-01 -2.937362127643415866e-01 -3.571100137270672437e-01 -4.241427706887153093e-01 -4.916112768612982409e-01 -5.534297003688608552e-01 -6.006358842729518921e-01 -6.234100440294522150e-01 -6.150753650721726418e-01 -5.755567533101823008e-01 -5.112922873779610633e-01 -4.316748590794077800e-01 -3.450864261501496721e-01 -2.569664531648118144e-01 -1.698838380138945059e-01 -8.441444855551355486e-02
-4.056666272243038968e-02 -8.194113402150980663e-02 -1.248838991819089528e-01 -1.700433918584599857e-01 -2.178542227664576614e-01 -2.683754677014363321e-01 -3.210454741092897968e-01 -3.743429473415911257e-01 -4.254008011603861994e-01 -4.697664228243487172e-01 -5.017142747803340352e-01 -5.155144511161606768e-01 -5.074462884334884905e-01 -4.774017172673246101e-01 -4.288458203351702136e-01 -3.671663298964612521e-01 -2.976720954494807558e-01 -2.243694016229566546e-01 -1.496953718883442253e-01 -7.480167408116679406e-02
-3.775310173266101937e-02 -7.602353577129784823e-02 -1.152690330426699855e-01 -1.558161836067336603e-01 -1.977652796026040938e-01 -2.408617550821020581e-01 -2.843313894433943112e-01 -3.266949905899672602e-01 -3.656182244191962250e-01 -3.979173666559991385e-01 -4.198957110418728988e-01 -4.281166017653260103e-01 -4.204304506755195958e-01 -3.967302547278419023e-01 -3.589355645539596407e-01 -3.102180689902667154e-01 -2.539826527862939498e-01 -1.931228841351493308e-01 -1.297226504383872103e-01 -6.509631621992520434e-02
-3.442220933144936323e-02 -6.913087668495154769e-02 -1.043525154007510919e-01 -1.401870237981694689e-01 -1.765288671934849007e-01 -2.129742363347007228e-01 -2.487199174222175790e-01 -2.824737877330928404e-01 -3.124187183821195979e-01 -3.362954365203096874e-01 -3.516724654097504454e-01 -3.564130663186541037e-01 -3.492170797032572160e-01 -3.299937716445748848e-01 -2.998569484554829967e-01 -2.607482350430459506e-01 -2.149045933567393096e-01 -1.644136050234332180e-01 -1.109754219231398331e-01 -5.586085399722139772e-02
-3.080486069091949858e-02 -6.172524859974540951e-02 -9.282313155800671345e-02 -1.240505314861416464e-01 -1.551889225923271387e-01 -1.857863331018274333e-01 -2.150998600266100791e-01 -2.420599270750798393e-01 -2.652826057604599774e-01 -2.831621793919649743e-01 -2.940665778077677373e-01 -2.966210947949527998e-01 -2.900061416041648243e-01 -2.741520402630930331e-01 -2.497395009055910775e-01 -2.180086849530746551e-01 -1.804723582986000607e-01 -1.386511428084858388e-01 -9.390450860622005791e-02 -4.737166894847755216e-02
-2.707198590605468594e-02 -5.414212749070076991e-02 -8.116423370591360764e-02 -1.080030505059170476e-01 -1.343899616322971058e-01 -1.598823115263067474e-01 -1.838332307097035601e-01 -2.053833195974152648e-01 -2.234891721424820676e-01 -2.370031218757951419e-01 -2.448088760238855688e-01 -2.459963664815753848e-01 -2.400321374856314305e-01 -2.268670779433965556e-01 -2.069393766015474312e-01 -1.810742359803446944e-01 -1.503248776085043814e-01 -1.158140692144945527e-01 -7.861979648923948794e-02 -3.972131370853992233e-02
-2.334095749664541475e-02 -4.660704465366539290e-02 -6.968862945457830749e-02 -9.240748014829268386e-02 -1.144855670251198887e-01 -1.355197254692053488e-01 -1.549674369499209059e-01 -1.721509437549502974e-01 -1.862876209695041030e-01 -1.965521990846848255e-01 -2.021693298813971862e-01 -2.025232137396774934e-01 -1.972588199663245501e-01 -1.863446506865354679e-01 -1.700766331896057804e-01 -1.490239808064071081e-01 -1.239388431290424364e-01 -9.566046108657014213e-02 -6.503929686122199294e-02 -3.289379121719460120e-02
-1.968480043905997817e-02 -3.925646767890684369e-02 -5.857576318882423694e-02 -7.745267907288612419e-02 -9.562510753328251623e-02 -1.127435936708044012e-01 -1.283658555337086060e-01 -1.419654063210844808e-01 -1.529581753220898566e-01 -1.607487296828446488e-01 -1.647930328224248842e-01 -1.646683395869265321e-01 -1.601352781616980914e-01 -1.511760743273430629e-01 -1.379985280600204145e-01 -1.210062173968739080e-01 -1.007460580286146101e-01 -7.784964018498576055e-02 -5.298314263684503894e-02 -2.681455599937757756e-02
-1.614177788432945987e-02 -3.215826326758768061e-02 -4.790528044588222845e-02 -6.320236895455805248e-02 -7.781859620586477344e-02 -9.146369242614163508e-02 -1.037869920945880542e-01 -1.143866580110718678e-01 -1.228309519523650833e-01 -1.286915186006833967e-01 -1.315857402428059764e-01 -1.312218401129247869e-01 -1.274378869216580279e-01 -1.202258465031385559e-01 -1.097351944497556298e-01 -9.625630788801729787e-02 -8.018953539864698277e-02 -6.200890246777054915e-02 -4.222907880539137487e-02 -2.138129142395745613e-02
-1.272404784518132471e-02 -2.532952868213721523e-02 -3.768472732841122302e-02 -4.963292356996021337e-02 -6.098321882844132819e-02 -7.150559180919392743e-02 -8.093176719239723871e-02 -8.896328597180415410e-02 -9.528746140442430346e-02 -9.960065798210841759e-02 -1.016365739714585326e-01 -1.011954001190581015e-01 -9.816858657605631588e-02 -9.255423622795358463e-02 -8.446009899019940592e-02 -7.409428778959908923e-02 -6.174687576148872592e-02 -4.776735659954090690e-02 -3.254297942024754475e-02 -1.648153091868614223e-02
-9.424884531262877133e-03 -1.875107605278961836e-02 -2.787117741164675880e-02 -3.666137944961452011e-02 -4.497576606092879709e-02 -5.264368989818576233e-02 -5.947120100958516037e-02 -6.524725983822793340e-02 -6.975495225440185576e-02 -7.278708092923856510e-02 -7.416450126694010270e-02 -7.375460150968161932e-02 -7.148682634334836694e-02 -6.736241417942133436e-02 -6.145667906876312730e-02 -5.391386989276989589e-02 -4.493632372700614996e-02 -3.477066874673213903e-02 -2.369395131576374630e-02 -1.200185231656787123e-02
-6.224415261304658102e-03 -1.237871373256812201e-02 -1.838752896177192273e-02 -2.416565301957500703e-02 -2.961477768686606935e-02 -3.462220370788495621e-02 -3.906208856895666826e-02 -4.279960263290428363e-02 -4.569800940172850240e-02 -4.762821537808659828e-02 -4.847975131546895800e-02 -4.817168164423778209e-02 -4.666170513781177365e-02 -4.395191733387484451e-02 -4.009033556879491172e-02 -3.516819085120787003e-02 -2.931388201869820562e-02 -2.268504525623454143e-02 -1.546030455585122899e-02 -7.831928103670162886e-03
-3.094062818032541733e-03 -6.151837274640525877e-03 -9.134573051031184485e-03 -1.199892877115574935e-02 -1.469549116507899364e-02 -1.716826062168801126e-02 -1.935535068883493734e-02 -2.119105543396740052e-02 -2.260927148038996068e-02 -2.354802366452374979e-02 -2.395461097366699196e-02 -2.379067194727470594e-02 -2.303639794243870359e-02 -2.169321761870777326e-02 -1.978455737405740086e-02 -1.735467931051431004e-02 -1.446597163077389600e-02 -1.119532762839824634e-02 -7.630296760948667746e-03 -3.865555880566232463e-03
