-2.541027120129153022e-02 -5.062954351023491589e-02 -7.533947961834368268e-02 -9.897937216031184315e-02 -1.206699656418454558e-01 -1.392248778611589743e-01 -1.533068368267777037e-01 -1.617426428835501140e-01 -1.639021729863096577e-01 -1.599479813396141037e-01 -1.507990612943574116e-01 -1.378320242215758662e-01 -1.224995898033685443e-01 -1.060434674442191361e-01 -8.936545952425396788e-02 -7.302372034382591248e-02 -5.729244998816989537e-02 -4.223786553072926553e-02 -2.778635778836310855e-02 -1.377711506277090429e-02
-5.101152986187133809e-02 -1.017683349695709810e-01 -1.517485363620814376e-01 -1.999062331664702152e-01 -2.444703012341190862e-01 -2.829109000761870218e-01 -3.122399295034755107e-01 -3.297361464680669263e-01 -3.338934592360252585e-01 -3.250726292121237093e-01 -3.054061905395080712e-01 -2.780252086300160075e-01 -2.461215141382286642e-01 -2.123084946806597650e-01 -1.783945912565075009e-01 -1.454369654929924538e-01 -1.139082147677072526e-01 -8.387265618085330832e-02 -5.513045314110054385e-02 -2.732210369006260464e-02
-7.686740132433207695e-02 -1.536829519661899179e-01 -2.299761320742905735e-01 -3.044113684450311941e-01 -3.743490845226989938e-01 -4.356084209585744382e-01 -4.828372209555701899e-01 -5.108531894722626587e-01 -5.166543663455558377e-01 -5.008898377293680149e-01 -4.676427112361635219e-01 -4.227051936026250956e-01 -3.716412844943180471e-01 -3.186716258345398955e-01 -2.664669368509326453e-01 -2.164212657288797637e-01 -1.690307806055707796e-01 -1.242140939154423029e-01 -8.154069542987231467e-02 -4.038084914207335646e-02
-1.027743832460772666e-01 -2.061149465690970128e-01 -3.100361771321080151e-01 -4.133153973213841703e-01 -5.126170597825918662e-01 -6.016936899894100854e-01 -6.715642910676782318e-01 -7.128016835599428891e-01 -7.196415933550512900e-01 -6.932065885880827061e-01 -6.410226743133886629e-01 -5.732808914447387050e-01 -4.989930564959895176e-01 -4.242519181103532877e-01 -3.523769825457859772e-01 -2.847499257204553214e-01 -2.215795003490315662e-01 -1.624122424018843436e-01 -1.064373883183693664e-01 -5.266059922327762793e-02
-1.281115725675304740e-01 -2.579419436803280230e-01 -3.906140817773618990e-01 -5.257167589044975387e-01 -6.597019748448336163e-01 -7.838551893923964009e-01 -8.836510763778276933e-01 -9.424120383851257721e-01 -9.493821449648137678e-01 -9.064856583096942977e-01 -8.272973569753452328e-01 -7.292794329611292925e-01 -6.264390286921304174e-01 -5.268789791509823628e-01 -4.340231620257311573e-01 -3.486197279685370187e-01 -2.701248171910922147e-01 -1.974179690483056915e-01 -1.291360157429718158e-01 -6.382416077070694749e-02
-1.517166242025309586e-01 -3.068373704189090168e-01 -4.683032084410040929e-01 -6.374630803625478404e-01 -8.114216265674597528e-01 -9.788219293352208306e-01 -1.117308309895382878e+00 -1.198952064527867067e+00 -1.204918090504963013e+00 -1.138389234313089693e+00 -1.022571972802736040e+00 -8.859546806879767811e-01 -7.492791844081967412e-01 -6.224805749632952301e-01 -5.081579439892017769e-01 -4.055727918702980994e-01 -3.128812046967255345e-01 -2.279987349570934130e-01 -1.488645418393056696e-01 -7.350002975361120960e-02
-1.718802267070007328e-01 -3.491364381312451193e-01 -5.370161631144680925e-01 -7.394513492122698484e-01 -9.551577991649018440e-01 -1.170380355545426410e+00 -1.353347420083620856e+00 -1.461609316116279311e+00 -1.465598764482667793e+00 -1.370148861305417132e+00 -1.211143575178013299e+00 -1.031088427339148517e+00 -8.585338567830633760e-01 -7.047073841581331655e-01 -5.703901206172838911e-01 -4.526092978379446241e-01 -3.478260500515232279e-01 -2.528310325024247240e-01 -1.648233778726027887e-01 -8.131141670442570968e-02
-1.865886735547875874e-01 -3.802790555473841705e-01 -5.884542610797048878e-01 -8.176495889283704743e-01 -1.068535084685616532e+00 -1.325639295723201050e+00 -1.548581252203510283e+00 -1.681002220490774857e+00 -1.682870110879060466e+00 -1.560618580290173085e+00 -1.362431485614946647e+00 -1.144118789710989681e+00 -9.411945453405251572e-01 -7.655186194702855440e-01 -6.157356240790337054e-01 -4.865994588269740850e-01 -3.729775215165140878e-01 -2.706755608784776057e-01 -1.762864976875450629e-01 -8.692226005280243029e-02
-1.940681177982051253e-01 -3.960799865688923171e-01 -6.144999653222664726e-01 -8.572454906758774085e-01 -1.126104354358586468e+00 -1.404837176892842043e+00 -1.648617337834984431e+00 -1.793737221351883404e+00 -1.794587491178241123e+00 -1.658452664607666938e+00 -1.440055787194219006e+00 -1.202204078900677153e+00 -9.839600711432532343e-01 -7.973718457383796032e-01 -6.398711852361753660e-01 -5.049969746010787297e-01 -3.868007425411690292e-01 -2.806065340617775461e-01 -1.827247542989899332e-01 -9.009112460261120559e-02
-1.934486640737807794e-01 -3.944284647771281183e-01 -6.108912099331674783e-01 -8.501155583579639297e-01 -1.113360387698398624e+00 -1.384647913846001277e+00 -1.620960327011505164e+00 -1.761629884469546159e+00 -1.763364813347445104e+00 -1.633094787210257248e+00 -1.422824941817470323e+00 -1.192470192390274519e+00 -9.796558795154829413e-01 -7.964018003745618746e-01 -6.406939761491068364e-01 -5.066209353265661575e-01 -3.886118548857911970e-01 -2.822242752637926233e-01 -1.839148129205657456e-01 -9.071748201578017090e-02
-1.851547319810105396e-01 -3.763291217842320013e-01 -5.795974334679624418e-01 -7.999211222093363105e-01 -1.036733477267847814e+00 -1.275316328593080861e+00 -1.479816793985709422e+00 -1.601344734990449714e+00 -1.605522391192160114e+00 -1.497916410118127262e+00 -1.320067261004671755e+00 -1.120652967856099469e+00 -9.315504205754840950e-01 -7.644340544082803834e-01 -6.192478882781017324e-01 -4.920926315743322510e-01 -3.787921484964440477e-01 -2.757631563147446285e-01 -1.799926950121124303e-01 -8.886398794404731794e-02
-1.707407504282796307e-01 -3.454600907683162414e-01 -5.278000875038431072e-01 -7.199002403637366765e-01 -9.192274765463221975e-01 -1.113139532969325440e+00 -1.275178735906409733e+00 -1.371333471962427719e+00 -1.378331729637086056e+00 -1.300037558652947567e+00 -1.164907883546095313e+00 -1.007327679414739663e+00 -8.514848502981599010e-01 -7.081188370005137012e-01 -5.793267934888668425e-01 -4.636477123933478994e-01 -3.586944263325650417e-01 -2.620429878729533812e-01 -1.714287914041010830e-01 -8.474577277401117159e-02
-1.522948809024723960e-01 -3.066116331532264816e-01 -4.644119047556402036e-01 -6.255711048901612115e-01 -7.863734777288632349e-01 -9.366847784601878280e-01 -1.058664185252951029e+00 -1.131157774085808754e+00 -1.140268600056254522e+00 -1.088412973706088582e+00 -9.929292309835250352e-01 -8.757025521300356719e-01 -7.536471983113801620e-01 -6.359462978436782876e-01 -5.260569647144927030e-01 -4.244441686171905315e-01 -3.302913972091188199e-01 -2.422853041654726702e-01 -1.589336945585833327e-01 -7.869031125936987170e-02
-1.318056910176553520e-01 -2.641352692371456423e-01 -3.969280278929357975e-01 -5.287489392582405134e-01 -6.556542872423551938e-01 -7.699882451561302910e-01 -8.603400814598857194e-01 -9.143925351403832114e-01 -9.244697733499194214e-01 -8.920106589459434465e-01 -8.268891450205350102e-01 -7.422404382499074860e-01 -6.493239849835050759e-01 -5.554457020507054255e-01 -4.644157132258603382e-01 -3.777673933502616599e-01 -2.957402997283879453e-01 -2.178730308100871593e-01 -1.433303668502692030e-01 -7.108177815206655203e-02
-1.107860723815325688e-01 -2.211516769313313924e-01 -3.301912289314645754e-01 -4.359729023905007383e-01 -5.349571531263959123e-01 -6.216073610837415941e-01 -6.887677397600648899e-01 -7.294077193473617049e-01 -7.394000097381674408e-01 -7.196046590713082169e-01 -6.755546414332181948e-01 -6.150125086683720932e-01 -5.453124449368830229e-01 -4.719392454853275631e-01 -3.983638506347039754e-01 -3.264653665461750842e-01 -2.570289579932399371e-01 -1.901361233718086852e-01 -1.254329641602918433e-01 -6.230643599485272133e-02
-9.018540960401361106e-02 -1.794839527614233154e-01 -2.666603277063179234e-01 -3.497932185002077254e-01 -4.260044890915071214e-01 -4.914058448734839324e-01 -5.415077600522518741e-01 -5.722503537610701407e-01 -5.813872640899013788e-01 -5.694491581119628387e-01 -5.395971810049612349e-01 -4.964722214796519206e-01 -4.448236849579745855e-01 -3.885985502421719917e-01 -3.306283857972388551e-01 -2.727003362740310077e-01 -2.157739461463104302e-01 -1.602095352195993805e-01 -1.059589319422556131e-01 -5.271100259467792482e-02
-7.047135030517874543e-02 -1.399366125192414712e-01 -2.071638008668396369e-01 -2.704999052638236701e-01 -3.277583849624989831e-01 -3.762740348106317634e-01 -4.132200149604336459e-01 -4.362042592566656163e-01 -4.439708328752816624e-01 -4.368561808305815863e-01 -4.167172253685646477e-01 -3.863730702499511560e-01 -3.488851718861827322e-01 -3.069965027692971304e-01 -2.628496369116293807e-01 -2.179334866353650479e-01 -1.731569392709501609e-01 -1.289691412900923762e-01 -8.548222730261724467e-02 -4.257864403591955782e-02
-5.176334567610246795e-02 -1.026271098719838126e-01 -1.515571477349522689e-01 -1.972795318070283133e-01 -2.382413758780539126e-01 -2.726813667160054022e-01 -2.988425692079850760e-01 -3.153101357503376723e-01 -3.213720155363501418e-01 -3.172408191498963803e-01 -3.040164950801166333e-01 -2.834067126573719397e-01 -2.573439318370795981e-01 -2.276518093578311364e-01 -1.958400188166087852e-01 -1.630270137675158826e-01 -1.299511811014491258e-01 -9.702786453194789384e-02 -6.442219245020985863e-02 -3.212134790555839364e-02
-3.395492096690242573e-02 -6.725131295055493397e-02 -9.915802923884566022e-02 -1.288192271242960540e-01 -1.552448397415793213e-01 -1.773644138787566771e-01 -1.941535831351756669e-01 -2.048150847893365212e-01 -2.089598698137575261e-01 -2.067138843661752434e-01 -1.986986098154934766e-01 -1.858922538311740535e-01 -1.694316861652726269e-01 -1.504267035783503070e-01 -1.298316020969185469e-01 -1.083833694228406169e-01 -8.659290781190211173e-02 -6.476894559900538140e-02 -4.305733350538509113e-02 -2.148455698748102244e-02
-1.680502749992444922e-02 -3.326519019280845674e-02 -4.900442262825690370e-02 -6.359447204885083915e-02 -7.655423752168853679e-02 -8.737763388052822988e-02 -9.559187138335299705e-02 -1.008362477435359728e-01 -1.029380062984805722e-01 -1.019558795793583661e-01 -9.817160634503874217e-02 -9.203192389141900964e-02 -8.406383085174602698e-02 -7.479171261604034004e-02 -6.467631727522912821e-02 -5.408195516475897135e-02 -4.326813534085762608e-02 -3.239767980387676938e-02 -2.155363997190769612e-02 -1.075954911476570235e-02
