-5.653135006370845622e-02 -1.165704569075900338e-01 -1.824380527798963314e-01 -2.530015766647413233e-01 -3.208439111101440977e-01 -3.720533888085951202e-01 -3.922177255935952456e-01 -3.760633220218165818e-01 -3.316788224634067417e-01 -2.746955686660060847e-01 -2.187850454169069092e-01 -1.709355074848818989e-01 -1.325558190283166182e-01 -1.024321044358508931e-01 -7.873896456438964075e-02 -5.982658520277734510e-02 -4.438274728388720558e-02 -3.139513584582157707e-02 -2.007582208555699910e-02 -9.790614447837461126e-03
-1.091696967266034685e-01 -2.255889250784041400e-01 -3.543354866153576310e-01 -4.936997216213918627e-01 -6.290426543854730213e-01 -7.319028377064207280e-01 -7.723248236747349837e-01 -7.392476904681044569e-01 -6.495041232192251268e-01 -5.354155834042680917e-01 -4.247381723005002052e-01 -3.310639122337416529e-01 -2.565715335185903001e-01 -1.983878785709355663e-01 -1.526915761428153384e-01 -1.161841078529781413e-01 -8.630923210582890082e-02 -6.112197896002023040e-02 -3.911755753088729665e-02 -1.908665177970088334e-02
-1.536447658162042873e-01 -3.181923195290105588e-01 -5.017531369581665901e-01 -7.027846649743421104e-01 -9.002841557909205816e-01 -1.051614748886317674e+00 -1.111068984000683546e+00 -1.061598305746471294e+00 -9.289363841406229616e-01 -7.621222258604999356e-01 -6.023727133311935766e-01 -4.688387910485249943e-01 -3.636046461034357358e-01 -2.817477790084352285e-01 -2.174421040441052722e-01 -1.659078077299729892e-01 -1.235480166513890504e-01 -8.766599972831601306e-02 -5.618580678757130464e-02 -2.743845617592150996e-02
-1.855741849121448905e-01 -3.844331384857848644e-01 -6.067774388276405695e-01 -8.513344404926798115e-01 -1.092848672218865724e+00 -1.278782451027663081e+00 -1.352227939987324490e+00 -1.291844937735324272e+00 -1.129724368935205225e+00 -9.267445341974266393e-01 -7.334476383395039933e-01 -5.726115800739601802e-01 -4.460488972532183349e-01 -3.473613732427730527e-01 -2.693974406577576697e-01 -2.064548051526915728e-01 -1.543088788673123157e-01 -1.098082135834381190e-01 -7.052125117171066659e-02 -3.448138758207098392e-02
-2.019798174176631878e-01 -4.171722639243501951e-01 -6.556221662338455047e-01 -9.156102973326645245e-01 -1.170842186379694727e+00 -1.367093121010310330e+00 -1.445764395110618050e+00 -1.384920634093576020e+00 -1.217642121725692306e+00 -1.006697997900761310e+00 -8.043349965570492088e-01 -6.343393483024518664e-01 -4.989667414163178050e-01 -3.919854632794966820e-01 -3.062990512276356214e-01 -2.362021079455631223e-01 -1.774242846990305711e-01 -1.267367323597724527e-01 -8.160963011035544945e-02 -3.996586739582497216e-02
-2.028595761831460675e-01 -4.163056663810608127e-01 -6.478361744124556676e-01 -8.944322236224371281e-01 -1.132026734690284586e+00 -1.313309072621325901e+00 -1.388038159083069267e+00 -1.337605637368543654e+00 -1.190401706026040785e+00 -1.000599533092506155e+00 -8.142094647335932356e-01 -6.534148963403653143e-01 -5.217872931322296015e-01 -4.150399777109806121e-01 -3.275776988363813258e-01 -2.546272238223131756e-01 -1.924492105175214240e-01 -1.381048106624606642e-01 -8.921469299054304858e-02 -4.377247005510970235e-02
-1.913411701179945079e-01 -3.892502147990945516e-01 -5.975013299004717782e-01 -8.116059443769814141e-01 -1.011850371165646800e+00 -1.162709501794912059e+00 -1.227745659501571218e+00 -1.193756203691371143e+00 -1.081373791669418827e+00 -9.304163089368195916e-01 -7.760541894760878412e-01 -6.370352859852748129e-01 -5.183915533280384347e-01 -4.185943319184313172e-01 -3.343183337026859880e-01 -2.622774823445024883e-01 -1.996403752156663269e-01 -1.440186157444473813e-01 -9.337187714637669445e-02 -4.590934085403203940e-02
-1.721793638628972833e-01 -3.470412580622091459e-01 -5.249967236233084034e-01 -7.006965642056033339e-01 -8.593256231846285731e-01 -9.771971003055829330e-01 -1.031281452218846928e+00 -1.013538059332187435e+00 -9.370757217208423029e-01 -8.276176531052128471e-01 -7.092369629083720151e-01 -5.965473905023047640e-01 -4.953561674420289274e-01 -4.064997813845953600e-01 -3.288082882542889274e-01 -2.605225936762903816e-01 -1.998161039845858800e-01 -1.449574246030103375e-01 -9.434487826264714716e-02 -4.649303351687504582e-02
-1.498510048417694140e-01 -2.995734296010290620e-01 -4.474048168654816138e-01 -5.879819362547211714e-01 -7.107752559129270065e-01 -8.011362003234474560e-01 -8.458011490288004364e-01 -8.403918259449613126e-01 -7.925403134833826080e-01 -7.175312771622205377e-01 -6.307347734405465145e-01 -5.428811299806367563e-01 -4.596290600906093871e-01 -3.831829089607432515e-01 -3.138854836227374379e-01 -2.511878891373495182e-01 -1.941440140272074066e-01 -1.416501325363648534e-01 -9.255720617025463282e-02 -4.571794273485261378e-02
-1.274861167152511188e-01 -2.532579688399381745e-01 -3.745621747970579452e-01 -4.866115833381479683e-01 -5.821086931810258713e-01 -6.522347282746139285e-01 -6.896382577574889927e-01 -6.920684379471665482e-01 -6.638250278385917635e-01 -6.137022730354790845e-01 -5.512449664001828342e-01 -4.840402203500470679e-01 -4.169743293943865003e-01 -3.526977450342874687e-01 -2.923605106068082327e-01 -2.361992965765088437e-01 -1.839219497509095302e-01 -1.349419415163733149e-01 -8.851590759035321554e-02 -4.382155235443917218e-02
-1.067928105704877839e-01 -2.112191455263159878e-01 -3.103265588005995612e-01 -4.001282513527824047e-01 -4.755680914987768793e-01 -5.312620948556404654e-01 -5.630808716645515632e-01 -5.698621866373105860e-01 -5.540572093214509719e-01 -5.207777415630790996e-01 -4.759738903083328143e-01 -4.249123123834332438e-01 -3.714988714982484508e-01 -3.182682151664673609e-01 -2.666589580462601083e-01 -2.173268267713301116e-01 -1.704026146568442812e-01 -1.256798226934615625e-01 -8.274296346708358285e-02 -4.105238056398057001e-02
-8.845760962601720290e-02 -1.744618362906342479e-01 -2.552696972692971022e-01 -3.276803830523086769e-01 -3.881372160212296363e-01 -4.332250235845694908e-01 -4.605086972402418488e-01 -4.693490541335196831e-01 -4.611891836403547162e-01 -4.390973288501228144e-01 -4.068569818022187423e-01 -3.681072911997991248e-01 -3.258345179106650891e-01 -2.822163502612035080e-01 -2.386802147408247921e-01 -1.960465041464693747e-01 -1.546819150745090965e-01 -1.146318164212178220e-01 -7.572376750164584724e-02 -3.764500913755967904e-02
-7.257455183992508885e-02 -1.428953345143819387e-01 -2.085911735680718304e-01 -2.671379124346378031e-01 -3.159809003653636372e-01 -3.528524963930179115e-01 -3.762235331275865513e-01 -3.857034593984954851e-01 -3.821678129359945553e-01 -3.675238308604397153e-01 -3.442341166289898946e-01 -3.148210968497393014e-01 -2.815147170022270773e-01 -2.460823636581113694e-01 -2.097991098185421621e-01 -1.734971227777169778e-01 -1.376467947213837473e-01 -1.024417863629247805e-01 -6.787528389867235334e-02 -3.380388272758374363e-02
-5.894511165210679360e-02 -1.159531529830252206e-01 -1.690596467261124558e-01 -2.162937803688308736e-01 -2.557853973821582749e-01 -2.859648652875378394e-01 -3.058119212812709931e-01 -3.150585543493428786e-01 -3.142452233350325752e-01 -3.045914653395152549e-01 -2.877329042249441304e-01 -2.654278660701702153e-01 -2.393208525643921725e-01 -2.107993295495775021e-01 -1.809367958423649947e-01 -1.504961543310338046e-01 -1.199664154479722911e-01 -8.961326728752762316e-02 -5.953169704267737700e-02 -2.969521573407847906e-02
-4.725271655558588996e-02 -9.291246845897883910e-02 -1.354003041300303467e-01 -1.731917517715171329e-01 -2.049011853115754178e-01 -2.294083577364138538e-01 -2.459992785058533471e-01 -2.544723750575897947e-01 -2.551623051135272768e-01 -2.488635790188129526e-01 -2.366781107846862020e-01 -2.198366398079906747e-01 -1.995415546208307023e-01 -1.768573384673413351e-01 -1.526526560646330744e-01 -1.275843541739042908e-01 -1.021095055174856409e-01 -7.651318949650671997e-02 -5.094301887563040809e-02 -2.544526189459349330e-02
-3.715328087442718724e-02 -7.304370359179521155e-02 -1.064373629775484248e-01 -1.361717551620823530e-01 -1.612192329625061205e-01 -1.807680786834521269e-01 -1.943044031794111948e-01 -2.016693304446599555e-01 -2.030680513486232408e-01 -1.990224925036604420e-01 -1.902793888592186899e-01 -1.776990962289647924e-01 -1.621514227022957666e-01 -1.444358535016964651e-01 -1.252321979165499088e-01 -1.050791588436372215e-01 -8.437411911554000554e-02 -6.338699516311459281e-02 -4.228192617987693719e-02 -2.114280840486054691e-02
-2.831670658510422600e-02 -5.567170688850876098e-02 -8.113372455321579690e-02 -1.038387104145180040e-01 -1.230359701514538578e-01 -1.381403592693985771e-01 -1.487809662596334681e-01 -1.548325284456700535e-01 -1.564181293245596460e-01 -1.538790202223650205e-01 -1.477179258919724403e-01 -1.385289876628768291e-01 -1.269292264253240599e-01 -1.135024823903371394e-01 -9.876116691454535357e-02 -8.312600428957978016e-02 -6.692087942550889457e-02 -5.037877601177849496e-02 -3.365490246513710981e-02 -1.684403859226233854e-02
-2.044184211252208366e-02 -4.019271359378151498e-02 -5.858714259790032131e-02 -7.501345021459730755e-02 -8.894561799953150383e-02 -9.997647985623460409e-02 -1.078466026234040503e-01 -1.124617376056398638e-01 -1.138929589843606649e-01 -1.123575988476042259e-01 -1.081843677577173091e-01 -1.017697553902959656e-01 -9.353404289036847119e-02 -8.388370615497256488e-02 -7.318400981068771960e-02 -6.174285440408487646e-02 -4.980467163854061796e-02 -3.755236342297788021e-02 -2.511487064724198665e-02 -1.257844593704034349e-02
-1.325795390905343263e-02 -2.607016450932337498e-02 -3.800870156941195399e-02 -4.868235110885356376e-02 -5.775660489811390574e-02 -6.497336795491295836e-02 -7.016724801200516226e-02 -7.327488750206218038e-02 -7.433440296702427397e-02 -7.347409347067042351e-02 -7.089224450846536019e-02 -6.683165889940305415e-02 -6.155351569375132337e-02 -5.531430460855856629e-02 -4.834834261233335317e-02 -4.085676155070006033e-02 -3.300262192733553063e-02 -2.491114502503445280e-02 -1.667377599246077507e-02 -8.354876927686837734e-03
-6.519811393874674552e-03 -1.282128439006497561e-02 -1.869516121940727540e-02 -2.395065268986854706e-02 -2.842510401982086335e-02 -3.199315203915650829e-02 -3.457414554206032081e-02 -3.613617759182854994e-02 -3.669568429823950179e-02 -3.631216293973803244e-02 -3.507888546681985076e-02 -3.311115260227155688e-02 -3.053408067366976050e-02 -2.747167300904142240e-02 -2.403831328676326456e-02 -2.033324675557916100e-02 -1.643792113504677008e-02 -1.241581982219371223e-02 -8.314220728815298680e-03 -4.167278015402874243e-03
