-2.208900871840547078e-02 -4.790688995540635237e-02 -8.244996159141822212e-02 -1.329612160348647154e-01 -2.078042798590002127e-01 -3.098059407800741738e-01 -4.244315372063957592e-01 -5.150048628047899646e-01 -5.407257392859506906e-01 -4.887391891500264540e-01 -3.856994239054327700e-01 -2.745897181135315002e-01 -1.846026226158833661e-01 -1.225762257413374329e-01 -8.261518944030296629e-02 -5.671991759221949730e-02 -3.909076850439957562e-02 -2.626494253218577060e-02 -1.623595807450082737e-02 -7.766970049957160581e-03
-4.037239496488186086e-02 -8.650675396408533113e-02 -1.455881605273922630e-01 -2.270252616942242674e-01 -3.403519010842263048e-01 -4.865867714867841975e-01 -6.444445499982820458e-01 -7.662168311377005603e-01 -8.007976169187630555e-01 -7.323135450406296210e-01 -5.938599044172138131e-01 -4.398945439592066853e-01 -3.095003969701353164e-01 -2.144226330015922832e-01 -1.493718802620573882e-01 -1.048925298231472986e-01 -7.334478294065088777e-02 -4.973002960843242448e-02 -3.091171438207512487e-02 -1.483191111694228542e-02
-5.282500936885579229e-02 -1.116379574281195219e-01 -1.833731521386711971e-01 -2.761419545842524470e-01 -3.968714867617483821e-01 -5.438053105398492626e-01 -6.957195046506987612e-01 -8.099904837975921978e-01 -8.426642628843842298e-01 -7.802986551031507734e-01 -6.511341564270360927e-01 -5.025908677244527167e-01 -3.706232281925990746e-01 -2.684743608055572550e-01 -1.939499858453729020e-01 -1.398814586958704309e-01 -9.963583097421327417e-02 -6.839597710282672993e-02 -4.284877319498632542e-02 -2.064895038655392354e-02
-5.924292473666195602e-02 -1.234924293014311864e-01 -1.980874592250014277e-01 -2.884239759466679098e-01 -3.978830549880984502e-01 -5.226891151619346143e-01 -6.454419424199308031e-01 -7.351343062203243850e-01 -7.612388380481088790e-01 -7.146119406240404315e-01 -6.147050654452884677e-01 -4.949987085501952322e-01 -3.825871744000457486e-01 -2.896227762566302988e-01 -2.169800166674161201e-01 -1.608761752693010916e-01 -1.169007343844086916e-01 -8.136743703818191675e-02 -5.143832433450338387e-02 -2.491511063400406178e-02
-6.063017071759085191e-02 -1.248187591257318291e-01 -1.960108566277165565e-01 -2.770119221362999373e-01 -3.684515071949248655e-01 -4.658368506614951610e-01 -5.565166476401507412e-01 -6.207168282062566211e-01 -6.400690202662275841e-01 -6.092337503896281259e-01 -5.398199646866045365e-01 -4.524409724837897828e-01 -3.651407121117071775e-01 -2.877301067474045126e-01 -2.229084549095061429e-01 -1.696542342014227822e-01 -1.257129989771200163e-01 -8.873376381922856715e-02 -5.662191149090401582e-02 -2.757316305471664911e-02
-5.844959196758961473e-02 -1.190702653877685757e-01 -1.837154670413598256e-01 -2.533760967215330506e-01 -3.271789062343199994e-01 -4.009327758550850218e-01 -4.660677182285543063e-01 -5.108658760059165971e-01 -5.251629709261749213e-01 -5.061271681417790491e-01 -4.601503243596133386e-01 -3.989986101528335549e-01 -3.339137679044614782e-01 -2.721864925803577084e-01 -2.170497243489312722e-01 -1.690848401019111324e-01 -1.275591625354202119e-01 -9.123233672093010449e-02 -5.874236704657651714e-02 -2.875562867034687359e-02
-5.409514665928673999e-02 -1.092761310252352569e-01 -1.662833296583323961e-01 -2.250695981703234316e-01 -2.842100546009861950e-01 -3.402789964420913082e-01 -3.876657523289509522e-01 -4.195914391923237230e-01 -4.305870625840969579e-01 -4.192136682324756336e-01 -3.889209305545537343e-01 -3.462904973590047453e-01 -2.981774486555581749e-01 -2.497379849647612948e-01 -2.039540581784870521e-01 -1.620660336424700754e-01 -1.242052582201698119e-01 -8.989394258198299403e-02 -5.835958305139245933e-02 -2.870698285084802293e-02
-4.865423929955618731e-02 -9.765104449807318621e-02 -1.470448968059490935e-01 -1.962903137639269435e-01 -2.439210864192692396e-01 -2.873270560346449787e-01 -3.228645742790380857e-01 -3.465711315663953518e-01 -3.554622798389966420e-01 -3.488076098668729252e-01 -3.285179441521183241e-01 -2.983471514727926155e-01 -2.625090694881409559e-01 -2.245633882393786029e-01 -1.869478883055514795e-01 -1.510176850661817116e-01 -1.173016198679562028e-01 -8.577856460781101144e-02 -5.609503539101164810e-02 -2.771271854567396165e-02
-4.287065777675440337e-02 -8.562810143791918516e-02 -1.279502635265554467e-01 -1.691054924351448885e-01 -2.077902954503623167e-01 -2.420767934769736396e-01 -2.695778988316362423e-01 -2.879110206047842402e-01 -2.953869464309072379e-01 -2.916262494142742301e-01 -2.777389914286887418e-01 -2.559489733919477761e-01 -2.289043137454262744e-01 -1.990465995188139270e-01 -1.682539332097422735e-01 -1.377548035070139121e-01 -1.082049204021688221e-01 -7.982365345287717462e-02 -5.252927214648873966e-02 -2.604885373983929775e-02
-3.720027596882573978e-02 -7.404033250612362949e-02 -1.100219623761518051e-01 -1.443884913052261021e-01 -1.760492123777364915e-01 -2.035904129218092384e-01 -2.254183913249465931e-01 -2.400493981516175768e-01 -2.464842185648299100e-01 -2.445185332603856676e-01 -2.348296375883907883e-01 -2.187896823254495415e-01 -1.981069331282792612e-01 -1.744632101547717584e-01 -1.492661131721035039e-01 -1.235426203932878941e-01 -9.793959418067325895e-02 -7.278185236943515712e-02 -4.814954171902748048e-02 -2.395342310561410226e-02
-3.189011026234510326e-02 -6.331097628131499011e-02 -9.370869982674073784e-02 -1.223770364917342590e-01 -1.484268049785605337e-01 -1.708151441541382598e-01 -1.884518590683354200e-01 -2.003782139501287529e-01 -2.059757309959326099e-01 -2.051288452185594524e-01 -1.982680944760832897e-01 -1.862716367333998035e-01 -1.702699643440575283e-01 -1.514330338609406745e-01 -1.308046509733300500e-01 -1.092099593073925096e-01 -8.722897813948939094e-02 -6.521461565209235589e-02 -4.333361706678462433e-02 -2.161529437375450322e-02
-2.704918806009718249e-02 -5.360475989316922790e-02 -7.912481721026468073e-02 -1.029841286007303486e-01 -1.244657605973396031e-01 -1.427913391366744666e-01 -1.571953853873372664e-01 -1.670354354806530828e-01 -1.719111750177888254e-01 -1.717526322727407073e-01 -1.668420120709908916e-01 -1.577586855708864033e-01 -1.452682059768546918e-01 -1.301942928930877874e-01 -1.133094893949165710e-01 -9.526358332797062178e-02 -7.655174028712703749e-02 -5.751401330676761403e-02 -3.835501389433249031e-02 -1.917413700136748680e-02
-2.270188126174788740e-02 -4.493405640668445000e-02 -6.620167881307810476e-02 -8.596889548842170936e-02 -1.036607631504151833e-01 -1.186890531733808818e-01 -1.305028857094106265e-01 -1.386569378832233634e-01 -1.428808704997436563e-01 -1.431284694195514295e-01 -1.395886182383829222e-01 -1.326528757714319495e-01 -1.228498730359194047e-01 -1.107664362459626350e-01 -9.697542409791419515e-02 -8.198314005457876807e-02 -6.620038241199628637e-02 -4.993468039238243422e-02 -3.339828681890000261e-02 -1.672623811196702684e-02
-1.882427947637274265e-02 -3.722790371884114602e-02 -5.477894240605137716e-02 -7.102900718544352676e-02 -8.551933808238663948e-02 -9.780121793180121537e-02 -1.074701595419165212e-01 -1.142085522474391851e-01 -1.178268907034832058e-01 -1.182917503148081112e-01 -1.157311070372466777e-01 -1.104143194838526770e-01 -1.027119663373177033e-01 -9.304614801609083219e-02 -8.184262380052931274e-02 -6.949316592146798088e-02 -5.633196499157447357e-02 -4.262603671361944735e-02 -2.857721314034961796e-02 -1.433252767481761614e-02
-1.536733177324394947e-02 -3.037433408171471769e-02 -4.465717642575804669e-02 -5.784884734141126916e-02 -6.958635857977472916e-02 -7.952631349182134879e-02 -8.736797592045793259e-02 -9.288021163749450582e-02 -9.592638293934387106e-02 -9.648052428550472903e-02 -9.462973302509256057e-02 -9.056131994199126400e-02 -8.453751771733271358e-02 -7.686355740275853388e-02 -6.785575186114531365e-02 -5.781492843653005670e-02 -4.700827092621808617e-02 -3.566028434682097514e-02 -2.395199801786019114e-02 -1.202665804784946828e-02
-1.227071212993476740e-02 -2.424492174389495172e-02 -3.562657746351772375e-02 -4.612284231203623436e-02 -5.545092875655235204e-02 -6.334969545651865375e-02 -6.959521147375809236e-02 -7.401792887552775813e-02 -7.651789646043322124e-02 -7.707422330787744302e-02 -7.574597158134119268e-02 -7.266370209828217075e-02 -6.801321868701409867e-02 -6.201480662704050850e-02 -5.490189077116014449e-02 -4.690252132029416876e-02 -3.822590077590126700e-02 -2.905482838867846918e-02 -1.954383413206395650e-02 -9.822104877403418921e-03
-9.470594650549939153e-03 -1.870806221887134566e-02 -2.748136770410224139e-02 -3.556501296730971845e-02 -4.274481651986528075e-02 -4.882632432368071151e-02 -5.364524313175537268e-02 -5.707839144498316059e-02 -5.905304627229521902e-02 -5.955249585765705345e-02 -5.861622211755606465e-02 -5.633429368670099524e-02 -5.283684428787087384e-02 -4.828055607101491842e-02 -4.283448112421649884e-02 -3.666736188862365631e-02 -2.993798022714953475e-02 -2.278929234622613029e-02 -1.534640297256569842e-02 -7.717926839604537757e-03
-6.903604118666378624e-03 -1.363536426875768155e-02 -2.002581722762093730e-02 -2.591102362436610920e-02 -3.113699811936075645e-02 -3.556554082642696818e-02 -3.908104303490573389e-02 -4.159734509307221051e-02 -4.306339898352328638e-02 -4.346648782677739464e-02 -4.283212492304668689e-02 -4.122040329721398527e-02 -3.871930663398358285e-02 -3.543609010633887862e-02 -3.148811366829969843e-02 -2.699446261635948460e-02 -2.206936376109659009e-02 -1.681795619170970910e-02 -1.133455711491745087e-02 -5.703198995357761092e-03
-4.508457714920112262e-03 -8.903972864141202620e-03 -1.307551288956640065e-02 -1.691626475747637012e-02 -2.032660993894603793e-02 -2.321779599314538825e-02 -2.551604135137201454e-02 -2.716654510609126452e-02 -2.813671435896681478e-02 -2.841792901134684163e-02 -2.802538436709650985e-02 -2.699588505656303622e-02 -2.538388700980822796e-02 -2.325638191990737902e-02 -2.068741794165224537e-02 -1.775300979034843268e-02 -1.452705416340527821e-02 -1.107861076064276667e-02 -7.470670929927927632e-03 -3.760312034367182307e-03
-2.226253323256978129e-03 -4.396555586789826706e-03 -6.455994931476895238e-03 -8.351909912173108991e-03 -1.003537769000545539e-02 -1.146298843729903066e-02 -1.259877721553980499e-02 -1.341607635871065914e-02 -1.389897992029933901e-02 -1.404312662496832141e-02 -1.385559392645317398e-02 -1.335386335345076919e-02 -1.256397042146893163e-02 -1.151812963303263694e-02 -1.025216287731668327e-02 -8.803101032851290073e-03 -7.207229377184215177e-03 -5.498760902694766264e-03 -3.709202477820845376e-03 -1.867378745678261809e-03
