-7.126821661955205778e-02 -1.386560615661014129e-01 -1.968408809358432321e-01 -2.388449300306732803e-01 -2.589434538100734429e-01 -2.563189741680267919e-01 -2.359933531798489581e-01 -2.060153984914233072e-01 -1.736155870055981210e-01 -1.432432021902137753e-01 -1.167648378921912200e-01 -9.449033582747601301e-02 -7.603084541910141991e-02 -6.077351065550494480e-02 -4.809246776304323956e-02 -3.742672266070770637e-02 -2.829865134332169851e-02 -2.030802665871545704e-02 -1.311735078339425209e-02 -6.435196376361349870e-03
-1.449641157662092394e-01 -2.829544570617131827e-01 -4.032466627617734556e-01 -4.902770791094706593e-01 -5.306608175378079162e-01 -5.222866530504531868e-01 -4.766985579670959261e-01 -4.121548966329113273e-01 -3.443936485642833945e-01 -2.823758971642239546e-01 -2.292819798294460365e-01 -1.851589454021181080e-01 -1.488587570137309413e-01 -1.189706594275662388e-01 -9.416960919902016280e-02 -7.331574948216341980e-02 -5.545984838093305502e-02 -3.981610668940906150e-02 -2.572618835904093293e-02 -1.262344901382055941e-02
-2.206573798564861744e-01 -4.327534054661600904e-01 -6.202507832719197367e-01 -7.564349608487209720e-01 -8.170542223340639953e-01 -7.978836453776481097e-01 -7.194351521386602721e-01 -6.136406849892305226e-01 -5.066531363397153154e-01 -4.118431209845058172e-01 -3.326780256487075760e-01 -2.679816757066132982e-01 -2.152719268861748581e-01 -1.720805146649304895e-01 -1.362995335298560207e-01 -1.062068009852796951e-01 -8.040887767707058376e-02 -5.777037763159308809e-02 -3.734787554301882001e-02 -1.833242507205538538e-02
-2.919892897074203297e-01 -5.754765418503933194e-01 -8.297159135469375224e-01 -1.015265698937339867e+00 -1.094734057208929690e+00 -1.061127082460189053e+00 -9.455691485157502463e-01 -7.958795171793779932e-01 -6.495287419113056071e-01 -5.237394933925145768e-01 -4.212152060236966089e-01 -3.387579334833998312e-01 -2.721598212273919071e-01 -2.177793584513348091e-01 -1.727411752656703159e-01 -1.348030439082694987e-01 -1.021985072654083421e-01 -7.350868129359919290e-02 -4.756254045816283443e-02 -2.335840646577299479e-02
-3.463850571915507159e-01 -6.850966443898015568e-01 -9.920205759076609064e-01 -1.217005529044166146e+00 -1.311270981699638849e+00 -1.265315517866751893e+00 -1.119322482801466734e+00 -9.345434135197889791e-01 -7.576571756017885795e-01 -6.085797080926422797e-01 -4.889173355668382515e-01 -3.935571263045026247e-01 -3.168164032325713753e-01 -2.541347502066775288e-01 -2.020827350316210247e-01 -1.580657308920856152e-01 -1.200734572581718951e-01 -8.650333811074621682e-02 -5.603524219957307928e-02 -2.753867247014635602e-02
-3.704951087865314685e-01 -7.334636530127006671e-01 -1.063391357184039432e+00 -1.305977168339326866e+00 -1.408058302438922826e+00 -1.359130732517504825e+00 -1.202767046600199397e+00 -1.005273734405354835e+00 -8.168088307743668341e-01 -6.583475289585470902e-01 -5.311712073132748291e-01 -4.295608620372386999e-01 -3.473934760188107096e-01 -2.798587683533840798e-01 -2.233892239429160209e-01 -1.753037330457123122e-01 -1.335263004087232641e-01 -9.639600322678254507e-02 -6.253642939628896447e-02 -3.076105757037555372e-02
-3.591935139846424430e-01 -7.096267339094801674e-01 -1.026555735241054590e+00 -1.260027894703975804e+00 -1.361783861855214273e+00 -1.322371999187875513e+00 -1.181313303797244973e+00 -9.990594666653258571e-01 -8.220123295159752486e-01 -6.704310229559323764e-01 -5.465626758348829384e-01 -4.459225613105004538e-01 -3.633147609860032934e-01 -2.945156290385148590e-01 -2.363115947321318133e-01 -1.862337245209064740e-01 -1.423320445618484476e-01 -1.030179525779753441e-01 -6.695342186487769631e-02 -3.296911913400693561e-02
-3.198335593123420861e-01 -6.290487324902341859e-01 -9.054981634052571282e-01 -1.109622827860979877e+00 -1.204517627621096487e+00 -1.183171208730681379e+00 -1.075838655236707631e+00 -9.294017478169579460e-01 -7.812180221303177685e-01 -6.493142840036740804e-01 -5.376142517184260283e-01 -4.440812726762672913e-01 -3.654075524912868134e-01 -2.985757028816735659e-01 -2.411077493627261925e-01 -1.909875730010239525e-01 -1.465502291724786743e-01 -1.063903474579208086e-01 -6.929017402644535584e-02 -3.416199072393303476e-02
-2.671594481754576145e-01 -5.225760433898908319e-01 -7.477722614718783634e-01 -9.149331827292107588e-01 -9.995860411363201026e-01 -9.972964925706087058e-01 -9.280765430839360564e-01 -8.236363321414081895e-01 -7.107977829523665081e-01 -6.044270909412142734e-01 -5.097762469632595161e-01 -4.272698045010157597e-01 -3.556456200185981742e-01 -2.932707980331689668e-01 -2.385561257154053261e-01 -1.900586327362626393e-01 -1.464909974327273656e-01 -1.067030468664138948e-01 -6.965493912912805452e-02 -3.438866608613097564e-02
-2.144357056919276028e-01 -4.174194178765059937e-01 -5.943764478252608896e-01 -7.271089665066899910e-01 -8.008335634378488388e-01 -8.129853221231332361e-01 -7.754297219086170312e-01 -7.076168828163433844e-01 -6.273336625203846939e-01 -5.460626352717142806e-01 -4.694378473400093732e-01 -3.995214721300579530e-01 -3.366280308642248809e-01 -2.803052488316284396e-01 -2.297873606331815588e-01 -1.841999058627540597e-01 -1.426521344474736552e-01 -1.042759444197435548e-01 -6.823789673146606061e-02 -3.373774037665780434e-02
-1.687592261487429746e-01 -3.274931572344873532e-01 -4.651451873492279954e-01 -5.700386197124902576e-01 -6.334872246999920797e-01 -6.539656892240282016e-01 -6.380601440664878110e-01 -5.971008300274365244e-01 -5.424011174222711507e-01 -4.823955383908859473e-01 -4.222581344145652782e-01 -3.647298628056544478e-01 -3.110374825941200072e-01 -2.615346637842042576e-01 -2.160882319019481745e-01 -1.743015495604626486e-01 -1.356417690028756118e-01 -9.951074913411300793e-02 -6.528300166230936730e-02 -3.232442373571067784e-02
-1.318608662432457224e-01 -2.555918817283967526e-01 -3.629926349227095561e-01 -4.464131347500261415e-01 -5.005694607371409255e-01 -5.244168755905966872e-01 -5.215028394809799739e-01 -4.983525442466444910e-01 -4.620789863198412339e-01 -4.186744802014772393e-01 -3.724317135442856141e-01 -3.260966622798961434e-01 -2.812567707109968618e-01 -2.387077010283363276e-01 -1.987294073554793095e-01 -1.612763614413125490e-01 -1.261026985750139107e-01 -9.284233460619117917e-02 -6.105898324273929118e-02 -3.027697300404342401e-02
-1.028246579771701363e-01 -1.993647347388876057e-01 -2.836012297899103696e-01 -3.503347515990506422e-01 -3.961273084437068048e-01 -4.201457304210554078e-01 -4.242714416836830815e-01 -4.123041590599459960e-01 -3.887385839674430965e-01 -3.577518514995865484e-01 -3.226895901267788913e-01 -2.859671288428190516e-01 -2.491851808793549561e-01 -2.133100126749596648e-01 -1.788453984561997334e-01 -1.459718198486799345e-01 -1.146503793532786947e-01 -8.469693689125194769e-02 -5.583365397027897914e-02 -2.772450017107956979e-02
-8.002945855018681054e-02 -1.553344062784814128e-01 -2.215144376162269391e-01 -2.749180008289234811e-01 -3.131610525095779862e-01 -3.355259462555946204e-01 -3.429849680262324618e-01 -3.377852528170126045e-01 -3.227950946360331752e-01 -3.008983575522499732e-01 -2.746064312741817171e-01 -2.458969820288252339e-01 -2.162068835126907673e-01 -1.865018345892656693e-01 -1.573703899289803088e-01 -1.291151756658454330e-01 -1.018300906462038385e-01 -7.546140348259744446e-02 -4.985421739867972740e-02 -2.478738143320845591e-02
-6.195337977883634550e-02 -1.204158205517862484e-01 -1.721796510150252202e-01 -2.146273543300829534e-01 -2.460362210434972885e-01 -2.657823363047187581e-01 -2.743390279964852407e-01 -2.730483485959031009e-01 -2.637552594798874273e-01 -2.484393291837992956e-01 -2.289407290685257779e-01 -2.068075585591718502e-01 -1.832436204859193563e-01 -1.591200941321845863e-01 -1.350192076827901599e-01 -1.112884420273803077e-01 -8.809343795617449735e-02 -6.546438910452347104e-02 -4.333444676347578128e-02 -2.157080941271198246e-02
-4.736772936623185465e-02 -9.219462511392993720e-02 -1.321587211015119445e-01 -1.653723790090666779e-01 -1.905707574422510209e-01 -2.072254453379033245e-01 -2.155388017561911118e-01 -2.163131305195724330e-01 -2.107380429382634812e-01 -2.001629753708901172e-01 -1.859096628352775449e-01 -1.691489793252910490e-01 -1.508400018898809480e-01 -1.317157753907408635e-01 -1.122979655385013681e-01 -9.292599834760399691e-02 -7.379087493480573912e-02 -5.496830024721498925e-02 -3.644838644340731709e-02 -1.816141901011124327e-02
-3.532288602601416083e-02 -6.883616429374701806e-02 -9.888810050580786049e-02 -1.241325047182686159e-01 -1.436487912633805097e-01 -1.570097367805924626e-01 -1.642775303858152458e-01 -1.659273101125030569e-01 -1.627208369480498129e-01 -1.555649156078417195e-01 -1.453860161776735216e-01 -1.330387359237713840e-01 -1.192516796307869498e-01 -1.046050748218586707e-01 -8.953094014761585340e-02 -7.432675519525790142e-02 -5.917582105332173242e-02 -4.416959112254109643e-02 -2.932940183727247851e-02 -1.462647992913165829e-02
-2.508766173723823989e-02 -4.893907682010333049e-02 -7.042502829059286984e-02 -8.862078247368256056e-02 -1.028821725363868317e-01 -1.128872065557279397e-01 -1.186342841690839617e-01 -1.203977811198128078e-01 -1.186531191541559394e-01 -1.139898796196068403e-01 -1.070307911135649909e-01 -9.836830149556255454e-02 -8.852291880408259817e-02 -7.792194390099840828e-02 -6.689400187465155412e-02 -5.567431929913717326e-02 -4.441612613787122160e-02 -3.320487388540213636e-02 -2.207314317910340912e-02 -1.101510014597910543e-02
-1.608869971050595760e-02 -3.140747808048737627e-02 -4.525217612098975106e-02 -5.704344443123940400e-02 -6.637191819118293257e-02 -7.302264320120893659e-02 -7.697464027968174693e-02 -7.837644572993887615e-02 -7.750402906006011172e-02 -7.471073735720666631e-02 -7.037900913150338389e-02 -6.488077143429596405e-02 -5.854976832506223611e-02 -5.166579145071090867e-02 -4.444883866710192671e-02 -3.706044350032536988e-02 -2.960952171399299643e-02 -2.216063382874402035e-02 -1.474319561866986768e-02 -7.360766151248781218e-03
-7.859668001859110298e-03 -1.534997522787585889e-02 -2.213276405673275313e-02 -2.792890451675565308e-02 -3.253941064187182430e-02 -3.585681292461737751e-02 -3.786520363504623787e-02 -3.862937143906788190e-02 -3.827586204844895396e-02 -3.697008506441335635e-02 -3.489377455485143803e-02 -3.222603474123262451e-02 -2.912960628205995411e-02 -2.574263360941933879e-02 -2.217514576878164279e-02 -1.850911682973143541e-02 -1.480089424436440045e-02 -1.108493903273391479e-02 -7.378225680530711185e-03 -3.684755464350349032e-03
