-5.719041757382533481e-02 -1.200284157911329919e-01 -1.931103373789250510e-01 -2.768498155425814233e-01 -3.625261333561661803e-01 -4.304803354000856785e-01 -4.583402243913346497e-01 -4.365667468692391862e-01 -3.763656725702275718e-01 -3.009447146067217305e-01 -2.301205964702424389e-01 -1.728659128874678041e-01 -1.296580474069811972e-01 -9.759864496384179633e-02 -7.354277488707659793e-02 -5.505160410906003582e-02 -4.039463062294792323e-02 -2.835090938441087172e-02 -1.803418904090155553e-02 -8.768424427908098201e-03
-1.079719485324703437e-01 -2.263488769930826761e-01 -3.636145116856577819e-01 -5.205198358184637275e-01 -6.808467936106188390e-01 -8.080056903693312309e-01 -8.603301852145761597e-01 -8.200526095134272886e-01 -7.080575971817222314e-01 -5.675761535791573609e-01 -4.354951538832491087e-01 -3.284984597516382721e-01 -2.474789360106611769e-01 -1.870809098516079683e-01 -1.415068234288843763e-01 -1.062676708575229778e-01 -7.817588953498427751e-02 -5.497479868041226653e-02 -3.501740309997087436e-02 -1.703950302950251947e-02
-1.469358592043252809e-01 -3.073527580587996355e-01 -4.923069736386868067e-01 -7.027932727569864424e-01 -9.174216627318828587e-01 -1.087701664136046631e+00 -1.158257252182037567e+00 -1.105451299897414863e+00 -9.570963565407378804e-01 -7.706648268244838951e-01 -5.950459334855700000e-01 -4.522408132435254968e-01 -3.434003480529694285e-01 -2.615298501837232670e-01 -1.991098829564856010e-01 -1.503339026678258972e-01 -1.110662500460448537e-01 -7.835494591030818523e-02 -5.002111475957198711e-02 -2.437216432717250608e-02
-1.704316444056821200e-01 -3.547775353254890573e-01 -5.642791185576374602e-01 -7.993743499020901089e-01 -1.036701715008226943e+00 -1.224245072017301039e+00 -1.302907722547174574e+00 -1.247543833631304278e+00 -1.087877531969533962e+00 -8.853750860930558186e-01 -6.926097891468931955e-01 -5.337009816729177958e-01 -4.105541351325072696e-01 -3.162337102181205784e-01 -2.430323648647247925e-01 -1.848883506561088408e-01 -1.373999963642235922e-01 -9.735759865446033667e-02 -6.233992823948079909e-02 -3.042803589609184914e-02
-1.778943318818208275e-01 -3.674053273506875938e-01 -5.774014478691519292e-01 -8.067657828259559016e-01 -1.033404671943364939e+00 -1.210688008657750059e+00 -1.286603808389137571e+00 -1.239246128072925890e+00 -1.094794790575417842e+00 -9.076393500056323393e-01 -7.252096470652432680e-01 -5.705301345030082683e-01 -4.469646130142470586e-01 -3.495044129410609934e-01 -2.718584763793315817e-01 -2.087834575220208488e-01 -1.562875096203434344e-01 -1.113355029529115581e-01 -7.155294894516349424e-02 -3.500004817651301142e-02
-1.720276683397775619e-01 -3.517548102536154908e-01 -5.442742129639617232e-01 -7.465938755047539788e-01 -9.401416760065480771e-01 -1.089161002087713825e+00 -1.155136909215799923e+00 -1.122171049126882592e+00 -1.009670581220685870e+00 -8.583233404601556815e-01 -7.049147310402804623e-01 -5.690763057360521682e-01 -4.557203079876320229e-01 -3.627069580956352457e-01 -2.860821161796807677e-01 -2.220965163962137778e-01 -1.676308590764301054e-01 -1.201439269285736466e-01 -7.753630423851048947e-02 -3.801919300129249363e-02
-1.574120820319125369e-01 -3.185368572217415761e-01 -4.848754606271135081e-01 -6.521251549521906998e-01 -8.060394451035902685e-01 -9.224081673824460204e-01 -9.765124249852867866e-01 -9.584853499161276602e-01 -8.808292489246757340e-01 -7.701043251545277579e-01 -6.516425317260349237e-01 -5.407473111661069698e-01 -4.431838916187006983e-01 -3.593653859936911110e-01 -2.876471544386651202e-01 -2.258877737155527976e-01 -1.719953157354052464e-01 -1.240730094343947265e-01 -8.042909303480966221e-02 -3.954041592217003714e-02
-1.385963357455606837e-01 -2.778870431407872155e-01 -4.169149339908669316e-01 -5.509870204458252596e-01 -6.698306530112483337e-01 -7.583404744655585228e-01 -8.021581235242176700e-01 -7.958359582757925654e-01 -7.467069665061212280e-01 -6.705947791642858924e-01 -5.836473581313758041e-01 -4.970460887673681105e-01 -4.164615075918856602e-01 -3.438512153013194017e-01 -2.792443107794491119e-01 -2.218112226617177662e-01 -1.703895100112459982e-01 -1.237236426779445425e-01 -8.056661310086070393e-02 -3.971334889254615058e-02
-1.189145715470538156e-01 -2.367190644935790456e-01 -3.512163691619059058e-01 -4.580335834352398106e-01 -5.499940170515354998e-01 -6.179868685106102433e-01 -6.540494978573919704e-01 -6.553627160835826526e-01 -6.260647868120415849e-01 -5.752208399658425009e-01 -5.127861847129928652e-01 -4.466097015092064804e-01 -3.816094738070747727e-01 -3.203081583468099236e-01 -2.636644360566470779e-01 -2.117229473138928508e-01 -1.640277806095637170e-01 -1.198653914664624953e-01 -7.840032419078488135e-02 -3.874635160176127802e-02
-1.002970469104729756e-01 -1.986497964637402025e-01 -2.924788533250106126e-01 -3.780568320921185999e-01 -4.503984194405087904e-01 -5.039641394336887847e-01 -5.343126250698491120e-01 -5.399940067566023627e-01 -5.233644360594543743e-01 -4.896493540074111084e-01 -4.449942159264719810e-01 -3.948052090000919168e-01 -3.430170090328605315e-01 -2.921006393472920792e-01 -2.433814329318104153e-01 -1.973882181048091933e-01 -1.541332215148855933e-01 -1.133097833270381716e-01 -7.442292457179250365e-02 -3.687172503902266807e-02
-8.361452861606248621e-02 -1.650620011813155041e-01 -2.418469173745515788e-01 -3.109360573435006048e-01 -3.688246507063316915e-01 -4.120256994643391457e-01 -4.379523920027896255e-01 -4.458220414618646599e-01 -4.370203031838935659e-01 -4.146560526522065082e-01 -3.825999398246030525e-01 -3.445610143226023325e-01 -3.035442343217956140e-01 -2.616945375069190671e-01 -2.203722090837476610e-01 -1.803152203714112334e-01 -1.418070576609147815e-01 -1.048175605537189775e-01 -6.910986262376929423e-02 -3.431761862534054436e-02
-6.909761461666180660e-02 -1.361302550960487301e-01 -1.988884127291634663e-01 -2.549574478818141809e-01 -3.018227553108992489e-01 -3.371878016589960891e-01 -3.594512356098639172e-01 -3.681505101708857364e-01 -3.641267674151667522e-01 -3.492990139708988528e-01 -3.261674846700339803e-01 -2.972886154334882236e-01 -2.649030169517228583e-01 -2.307607954483458790e-01 -1.960975750559882380e-01 -1.616933256183287482e-01 -1.279621794544648916e-01 -9.504350076411906267e-02 -6.288132967310484933e-02 -3.128889588000312999e-02
-5.664549097785182702e-02 -1.114721912180313274e-01 -1.626163931113593641e-01 -2.081757413448356853e-01 -2.463076215666047952e-01 -2.754312660129685231e-01 -2.944911504086951681e-01 -3.031820663959435835e-01 -3.020241453009240851e-01 -2.922392083840941179e-01 -2.754798419783042740e-01 -2.535221812097347982e-01 -2.280182074283082783e-01 -2.003479736511028231e-01 -1.715638985262750715e-01 -1.423982688947892927e-01 -1.133047577380105336e-01 -8.451288751270699673e-02 -5.608304443207769163e-02 -2.795662882791357870e-02
-4.601213053300035744e-02 -9.049651947137039854e-02 -1.319289667179983083e-01 -1.688208584837299076e-01 -1.997994791654724989e-01 -2.237366412710286578e-01 -2.398979297576115943e-01 -2.480606250436767357e-01 -2.485473220197856603e-01 -2.421531633514110438e-01 -2.299902031518340495e-01 -2.133019179918101416e-01 -1.932995705520679786e-01 -1.710489396345263036e-01 -1.474117298680436283e-01 -1.230310119179389289e-01 -9.834562978647516662e-02 -7.362019118255977435e-02 -4.898130707859282840e-02 -2.445457217524190513e-02
-3.690649028228614598e-02 -7.257277332974344797e-02 -1.057820386301992349e-01 -1.353791567499626758e-01 -1.603326453310157662e-01 -1.798176815526850714e-01 -1.933030894587393633e-01 -2.006149979440266795e-01 -2.019511990291525394e-01 -1.978358331011855764e-01 -1.890257968446017178e-01 -1.763956529719506172e-01 -1.608291689498150545e-01 -1.431364414498157711e-01 -1.240030091968755549e-01 -1.039683481824466849e-01 -8.342648141915247340e-02 -6.264090881295883428e-02 -4.176740890705202269e-02 -2.088035791508785141e-02
-2.904106236079868897e-02 -5.710603565233587225e-02 -8.324725138892749565e-02 -1.065810439171455959e-01 -1.263342058208529184e-01 -1.418982782925429509e-01 -1.528816717883675069e-01 -1.591450059212630719e-01 -1.608065899170433022e-01 -1.582131058781130195e-01 -1.518814432710967055e-01 -1.424256579160665670e-01 -1.304849604946693997e-01 -1.166645855705881751e-01 -1.014954509783493053e-01 -8.541283239676558670e-02 -6.875100804193810811e-02 -5.174953507193652547e-02 -3.456706872028094540e-02 -1.729946064396220215e-02
-2.215171698844490764e-02 -4.356306356174510785e-02 -6.351986735153968000e-02 -8.136354080330680805e-02 -9.652481777996295420e-02 -1.085595015894966486e-01 -1.171802632975412206e-01 -1.222767239675101592e-01 -1.239170068060976432e-01 -1.223285202258318216e-01 -1.178611463672966653e-01 -1.109405173817547136e-01 -1.020203593010829829e-01 -9.154142826588526627e-02 -7.990132716613906894e-02 -6.743649153028832832e-02 -5.441515829012015526e-02 -4.103914341677764727e-02 -2.745187052885429690e-02 -1.375042808843695598e-02
-1.600273892183916996e-02 -3.147463154165830446e-02 -4.590560660270961990e-02 -5.882841787777141201e-02 -6.984200607819313067e-02 -7.863460406174062334e-02 -8.500312861041657564e-02 -8.886458406946305677e-02 -9.025615575735490559e-02 -8.932277297327453902e-02 -8.629404880724350635e-02 -8.145483531810099320e-02 -7.511448005896306790e-02 -6.757939057889679468e-02 -5.913190955866651916e-02 -5.001661782609488627e-02 -4.043395880931471148e-02 -3.053999772824880776e-02 -2.045085018207083369e-02 -1.025038274798250118e-02
-1.038460006713313316e-02 -2.042708745999562148e-02 -2.979949456102086100e-02 -3.820249772529196036e-02 -4.538015522559617210e-02 -5.113376848983790246e-02 -5.533303113689632541e-02 -5.792230260545201681e-02 -5.892022831862622767e-02 -5.841231782108227688e-02 -5.653739687108766399e-02 -5.347025352303527712e-02 -4.940328717349797005e-02 -4.452973008451721615e-02 -3.903028275595520763e-02 -3.306408551360928705e-02 -2.676404052152135324e-02 -2.023601819546291120e-02 -1.356112381414510508e-02 -6.800232905598925515e-03
-5.108552904643889024e-03 -1.004960569415505080e-02 -1.466275349957060076e-02 -1.880190070318490600e-02 -2.234233212545375102e-02 -2.518725376588306503e-02 -2.727290982206872355e-02 -2.857133317108502199e-02 -2.909010440229698596e-02 -2.886884453596031200e-02 -2.797293117018363057e-02 -2.648546732122301559e-02 -2.449867666476696418e-02 -2.210595061791703966e-02 -1.939540679135040233e-02 -1.644539435349181081e-02 -1.332208098817264964e-02 -1.007887167682768211e-02 -6.757353860429899002e-03 -3.389396611804426813e-03
