-1.208022303347149051e-02 -2.366307372359570046e-02 -3.427666552764984526e-02 -4.350242144027344909e-02 -5.100499918104541702e-02 -5.656021927343412442e-02 -6.007393808926752427e-02 -6.158508117565728718e-02 -6.125010103331932076e-02 -5.931204382560958249e-02 -5.606194697759642187e-02 -5.180127656137138020e-02 -4.681187766492773267e-02 -4.133630615743398573e-02 -3.556827603945061922e-02 -2.965112334474124742e-02 -2.368165250401443878e-02 -1.771699379906323604e-02 -1.178274137925997694e-02 -5.881308786404072092e-03
-2.465781755210643897e-02 -4.829540361281688815e-02 -6.994116576289992337e-02 -8.872801929428560108e-02 -1.039573551924479616e-01 -1.151619383902334620e-01 -1.221504491765033062e-01 -1.250162837734181132e-01 -1.241032772948409968e-01 -1.199361258610604081e-01 -1.131344668448929780e-01 -1.043312804953823725e-01 -9.410992509825459595e-02 -8.296506832557659639e-02 -7.128567114733050381e-02 -5.935456272678213407e-02 -4.735849204890803937e-02 -3.540358158237014163e-02 -2.353266412147626135e-02 -1.174249373734652033e-02
-3.825564104959831846e-02 -7.491955511697659387e-02 -1.084645708524579616e-01 -1.375111322782448242e-01 -1.609344603988634714e-01 -1.779797247691444206e-01 -1.883496312964391128e-01 -1.922263220409876072e-01 -1.902105942463479804e-01 -1.831947135121114456e-01 -1.722085107920654501e-01 -1.582794511710772789e-01 -1.423314700404833821e-01 -1.251283652282567105e-01 -1.072547742177176050e-01 -8.912296056498893171e-02 -7.099416900534019637e-02 -5.300617724756918892e-02 -3.520183898973962972e-02 -1.755600330308508192e-02
-5.344518812969709098e-02 -1.046625971162149088e-01 -1.514864158179823894e-01 -1.919174507194446044e-01 -2.242895882049705802e-01 -2.474728198715124561e-01 -2.610419840816303183e-01 -2.653287469950590949e-01 -2.613180465010390696e-01 -2.504236149545643886e-01 -2.342254087347307445e-01 -2.142465397971178021e-01 -1.918081352727344646e-01 -1.679621436461959660e-01 -1.434820955217245286e-01 -1.188883329542703426e-01 -9.448904469716719323e-02 -7.042511877290276445e-02 -4.671251164799538474e-02 -2.327968138665966955e-02
-7.086248987985570291e-02 -1.387991448938895034e-01 -2.009008264797279841e-01 -2.543822283695044151e-01 -2.968329520369847319e-01 -3.265792065804304367e-01 -3.430160540009838943e-01 -3.467281782784361610e-01 -3.393089957908176912e-01 -3.229562004902156724e-01 -3.000229396591617692e-01 -2.726731554495400722e-01 -2.426923824102991678e-01 -2.114299748798770806e-01 -1.798231260811928578e-01 -1.484592288298444973e-01 -1.176485551222751919e-01 -8.749273992365157182e-02 -5.794340636827464280e-02 -2.885020977067054640e-02
-9.120533229543792419e-02 -1.787696390788858225e-01 -2.589327876334865941e-01 -3.278721885768354771e-01 -3.820723930479751340e-01 -4.189852825193305930e-01 -4.377063187687812995e-01 -4.392532398773906221e-01 -4.262306931249355002e-01 -4.020681527559242241e-01 -3.702366726487621440e-01 -3.337306849995426705e-01 -2.948582488249408273e-01 -2.552422419581682478e-01 -2.159212027530085787e-01 -1.774768978233123573e-01 -1.401532041213474633e-01 -1.039538771566183573e-01 -6.871816030420919985e-02 -3.417775038245499802e-02
-1.151864126029660679e-01 -2.261315183552551900e-01 -3.281625277849976596e-01 -4.160490316712463499e-01 -4.845192575455481432e-01 -5.294907263711520207e-01 -5.494895339370792220e-01 -5.462937745041005488e-01 -5.242651514205087793e-01 -4.888386295738889054e-01 -4.451218899333115320e-01 -3.971539930271580920e-01 -3.477675685001656025e-01 -2.987595229280493592e-01 -2.511425383178665927e-01 -2.053739527642347296e-01 -1.615334809709410291e-01 -1.194513998374527458e-01 -7.879760485945168369e-02 -3.914262852131674547e-02
-1.433886845265353038e-01 -2.823369745357067750e-01 -4.113493645962629786e-01 -5.232646017552273765e-01 -6.098883038182052463e-01 -6.643013548348898345e-01 -6.838815656978812774e-01 -6.717775093663814756e-01 -6.355010071234318270e-01 -5.838242010744988386e-01 -5.242364897429501180e-01 -4.619910382554240913e-01 -4.002977044700705145e-01 -3.408856363038542669e-01 -2.845154599677734986e-01 -2.313428884510595474e-01 -1.811553625334416939e-01 -1.335206312278841290e-01 -8.787822659575375561e-02 -4.359515649961802353e-02
-1.759213021182338410e-01 -3.480925205100147135e-01 -5.106080237130878885e-01 -6.537060932146913084e-01 -7.643134906618622715e-01 -8.302929846829733007e-01 -8.467531586987007142e-01 -8.193018130875751037e-01 -7.610621035934743706e-01 -6.863097109302932486e-01 -6.058897317241362934e-01 -5.262497966004029415e-01 -4.505422085184406789e-01 -3.799693005611237129e-01 -3.146907169202246557e-01 -2.543267699925571557e-01 -1.982244435578789099e-01 -1.455975326505158096e-01 -9.559950937891216471e-02 -4.735976974640328241e-02
-2.117475932699160179e-01 -4.219036754579885695e-01 -6.250316801292208346e-01 -8.080713497598894790e-01 -9.502835918328752518e-01 -1.030658323060517079e+00 -1.040245094504459455e+00 -9.887727537273840461e-01 -8.986771907350791233e-01 -7.927583876303724297e-01 -6.862690227708322377e-01 -5.864677048094764089e-01 -4.956339582317640380e-01 -4.137563522694476803e-01 -3.399511116734165728e-01 -2.730490093916232430e-01 -2.118181038025947205e-01 -1.550455423009144962e-01 -1.015625075936360533e-01 -5.024441186382851143e-02
-2.477304727520026062e-01 -4.977122935019766548e-01 -7.461743170289009131e-01 -9.763302969448928170e-01 -1.156959224841593636e+00 -1.254194903711372655e+00 -1.253009632451091537e+00 -1.169069168261518188e+00 -1.038097711717161031e+00 -8.944190735564883088e-01 -7.584074742521279555e-01 -6.373769427502202767e-01 -5.317127600984841163e-01 -4.394638630249127487e-01 -3.583076752471954785e-01 -2.860999969000173615e-01 -2.209534127957973049e-01 -1.612040230271652996e-01 -1.053605641925324798e-01 -5.205537043917987661e-02
-2.780422253093793317e-01 -5.630514973337402695e-01 -8.537604886484989608e-01 -1.129926473893473116e+00 -1.349000325278504775e+00 -1.462669900054157646e+00 -1.448941670558405503e+00 -1.330147596505330876e+00 -1.156817488330188493e+00 -9.756419584059130568e-01 -8.118641793213430269e-01 -6.721069165601138984e-01 -5.542409073759565485e-01 -4.540615692130562930e-01 -3.677140878500363974e-01 -2.920897659066574170e-01 -2.246915152857610065e-01 -1.634565704366412742e-01 -1.066203543619860666e-01 -5.261650473265893496e-02
-2.952086944776182165e-01 -6.010310509391361133e-01 -9.183262734327688470e-01 -1.224648274979605267e+00 -1.469346913099016216e+00 -1.593523076589233645e+00 -1.570022596199512455e+00 -1.426075444330874520e+00 -1.223027317107578060e+00 -1.016395204864489088e+00 -8.346146613418233828e-01 -6.834770166774274402e-01 -5.588378274356318176e-01 -4.547965441289072430e-01 -3.663943785782672879e-01 -2.898532429498206775e-01 -2.222662949837908575e-01 -1.613103848209212765e-01 -1.050477755407823871e-01 -5.179029333516649986e-02
-2.933003824504151202e-01 -5.978743794235245046e-01 -9.150319919790582679e-01 -1.222176861599108877e+00 -1.467678509038925938e+00 -1.591277738444998091e+00 -1.565153238688331783e+00 -1.417192991228448884e+00 -1.210164225017402950e+00 -1.000699847723947267e+00 -8.175661439757494486e-01 -6.663373811307186090e-01 -5.425019237592281218e-01 -4.398501163807895797e-01 -3.532095871719788671e-01 -2.786622323491212971e-01 -2.132100152987006780e-01 -1.544708934440027770e-01 -1.004700660673421564e-01 -4.949689075054118648e-02
-2.713345457710768516e-01 -5.513390790760971383e-01 -8.399096844535389739e-01 -1.116473258224894405e+00 -1.336122276976829504e+00 -1.447269429504193683e+00 -1.426322655080498825e+00 -1.297214586214610721e+00 -1.113926486198751009e+00 -9.258713607948685365e-01 -7.591072839874046796e-01 -6.197164312706996414e-01 -5.046346741303141537e-01 -4.088485157053162178e-01 -3.279274131341657350e-01 -2.583757752000594987e-01 -1.974406191169222335e-01 -1.428931035970819330e-01 -9.286469977000952336e-02 -4.572720168715266320e-02
-2.337860673654592325e-01 -4.720030230782877867e-01 -7.123883694437318503e-01 -9.379325903502307993e-01 -1.114917129683142383e+00 -1.205964439349502593e+00 -1.194349418028237686e+00 -1.097502273542316997e+00 -9.549258754164242635e-01 -8.039373495890524968e-01 -6.657947560108735674e-01 -5.471431876612307121e-01 -4.471981986918378005e-01 -3.629473128719308828e-01 -2.912724638488717321e-01 -2.294725932987166650e-01 -1.752835675080372801e-01 -1.267961983137954052e-01 -8.236842460669330235e-02 -4.054721280714839587e-02
-1.876828914438737894e-01 -3.760411484761739809e-01 -5.612861504360651121e-01 -7.305470552103114912e-01 -8.614404986192319980e-01 -9.304766513013172924e-01 -9.275185390026007282e-01 -8.636315927407219872e-01 -7.640517958302367463e-01 -6.537575416267541462e-01 -5.485286719317110649e-01 -4.548830991751041108e-01 -3.739043823507492426e-01 -3.044494622043787957e-01 -2.447405607554463125e-01 -1.929584235779411294e-01 -1.474248513422891649e-01 -1.066396959220893836e-01 -6.926558341440923472e-02 -3.409322168108148976e-02
-1.390394760570295707e-01 -2.766545784922309625e-01 -4.087927879332811099e-01 -5.265250318010220587e-01 -6.163647193807882951e-01 -6.650989122136885534e-01 -6.673094003806209207e-01 -6.293269140714375931e-01 -5.656741881304171438e-01 -4.915482064558451269e-01 -4.176612418112291558e-01 -3.495128552429557223e-01 -2.890129456176291911e-01 -2.361962694114160821e-01 -1.902809983013614981e-01 -1.501956247960916091e-01 -1.148177156512600883e-01 -8.307214917103984686e-02 -5.396098748266277279e-02 -2.656008739448376468e-02
-9.118114620767503453e-02 -1.805036573231022790e-01 -2.647490695673999639e-01 -3.383960318671632717e-01 -3.940692909002599387e-01 -4.250306472684562964e-01 -4.286764832632407041e-01 -4.083080019574212849e-01 -3.715246161776655787e-01 -3.267125114768186789e-01 -2.803634345871819922e-01 -2.363421672815616548e-01 -1.964129649402430733e-01 -1.610384719856018110e-01 -1.299912293220257253e-01 -1.027253405729030011e-01 -7.857823600338587067e-02 -5.687019537669893432e-02 -3.694612639004424270e-02 -1.818613659881713682e-02
-4.501532284195645939e-02 -8.884742099504720769e-02 -1.297559738569886989e-01 -1.651225005781158939e-01 -1.917237406983603454e-01 -2.067651059095824140e-01 -2.092200772052578150e-01 -2.004857258780595453e-01 -1.837808605227697623e-01 -1.627934061629194296e-01 -1.405580438790118847e-01 -1.190399213427046077e-01 -9.925169343744212613e-02 -8.155258906680080966e-02 -6.592002537957780683e-02 -5.213626487793992376e-02 -3.989969248482448660e-02 -2.888426769829021898e-02 -1.876718154018434601e-02 -9.238330044883835690e-03
