-1.599569924360632125e-02 -3.175269632650636747e-02 -4.699776364473918361e-02 -6.139558645066038600e-02 -7.453605988912107017e-02 -8.594502064469206060e-02 -9.512467726092561915e-02 -1.016228626880775615e-01 -1.051170753997723445e-01 -1.054869321196520715e-01 -1.028463447793155211e-01 -9.752089099692330676e-02 -8.997962805089430860e-02 -8.074780645199712559e-02 -7.032831799447934740e-02 -5.914843924065892045e-02 -4.753488266747978030e-02 -3.571179347566465906e-02 -2.381328575217734819e-02 -1.190359017671384530e-02
-3.223009927214178644e-02 -6.401732657892250655e-02 -9.484279405124573792e-02 -1.240485327619287731e-01 -1.508036623902915818e-01 -1.741193473105449863e-01 -1.929308213652773107e-01 -2.062496842719802881e-01 -2.133584783849574729e-01 -2.139842909489389766e-01 -2.083775451615988705e-01 -1.972576035236246472e-01 -1.816498333663695008e-01 -1.626832970600329276e-01 -1.414170555866323120e-01 -1.187305563015155774e-01 -9.527931932007932536e-02 -7.149901323603727321e-02 -4.763778394652582598e-02 -2.380109007783163741e-02
-4.890736717895972224e-02 -9.724373133620574372e-02 -1.443075531423790303e-01 -1.891521120941427880e-01 -2.305106824858953185e-01 -2.667977686564945161e-01 -2.962293215524317569e-01 -3.170861435753019042e-01 -3.280823498630558999e-01 -3.287137540817067216e-01 -3.194216352217528199e-01 -3.014819965589557449e-01 -2.766787834581506678e-01 -2.469185014964431768e-01 -2.139260683732235324e-01 -1.790774372273777892e-01 -1.433528245330286388e-01 -1.073671888634979837e-01 -7.143777470125672879e-02 -3.566300852668483762e-02
-6.615562934748482615e-02 -1.317426844949707854e-01 -1.959915532553798134e-01 -2.577415107814437500e-01 -3.152885433880842636e-01 -3.663298926983161730e-01 -4.080987589706420171e-01 -4.377772833392165608e-01 -4.531639998208483733e-01 -4.533604238359043026e-01 -4.391089637214034003e-01 -4.125677674024191832e-01 -3.766639741846138367e-01 -3.343856388454963247e-01 -2.882912612294497023e-01 -2.403002888367678225e-01 -1.916873651680573165e-01 -1.431791570870962482e-01 -9.508313587204146600e-02 -4.741319420388032113e-02
-8.397245916013949818e-02 -1.675797480737243328e-01 -2.501740892303498387e-01 -3.305319850512435376e-01 -4.065653920173731284e-01 -4.751162456027117620e-01 -5.320209065249701386e-01 -5.727014314204935674e-01 -5.933662919626883081e-01 -5.923924716825899051e-01 -5.710434765528676904e-01 -5.329942038207270416e-01 -4.830151644676292655e-01 -4.256663118477342911e-01 -3.645525169013363320e-01 -3.021450038173411068e-01 -2.399171860533090284e-01 -1.785789344472541174e-01 -1.183024463602631027e-01 -5.890664488841756974e-02
-1.021543984270523037e-01 -2.044293004876887587e-01 -3.065901315950206318e-01 -4.076329505035578560e-01 -5.052744908370188082e-01 -5.954119816308458546e-01 -6.718852109167476883e-01 -7.272007040208270379e-01 -7.546855579833733341e-01 -7.513312956114472918e-01 -7.193595354366318917e-01 -6.651859750345279210e-01 -5.966719085558447322e-01 -5.206929178943906500e-01 -4.421032685756970948e-01 -3.638093267025992450e-01 -2.872573607653881034e-01 -2.129169533724935837e-01 -1.406410813089033762e-01 -6.991095912456349315e-02
-1.202155154226597078e-01 -2.413902404985305283e-01 -3.641073960727535530e-01 -4.880556214828006278e-01 -6.112020721251234523e-01 -7.285955352687628617e-01 -8.313069749912632700e-01 -9.070305146369322946e-01 -9.438830713855284049e-01 -9.362294833649330572e-01 -8.880684306619938129e-01 -8.107850587487964722e-01 -7.174286770708206973e-01 -6.182220743483449743e-01 -5.193340742943639565e-01 -4.237275829526646609e-01 -3.323854753693974429e-01 -2.451904019191646911e-01 -1.614339859085164863e-01 -8.009612619911193887e-02
-1.373160231858759350e-01 -2.767971610046144337e-01 -4.203212515289862505e-01 -5.689375731279219250e-01 -7.216541382599335197e-01 -8.731209731496316628e-01 -1.010832740176939248e+00 -1.114976584372558976e+00 -1.164849937702068683e+00 -1.150200610111073996e+00 -1.078117982748029169e+00 -9.684427278200161693e-01 -8.424658294927764857e-01 -7.149673040858303130e-01 -5.931788876848561598e-01 -4.793636962419868253e-01 -3.733643124619780984e-01 -2.740249889800619454e-01 -1.798083716661880438e-01 -8.903957017482629077e-02
-1.522468134149625174e-01 -3.081233359202601441e-01 -4.712068291797061881e-01 -6.446023665564315497e-01 -8.293498427283171326e-01 -1.020509789184736116e+00 -1.201479113126709297e+00 -1.342123721895152055e+00 -1.408806819828991364e+00 -1.384318859492397635e+00 -1.280385380595524092e+00 -1.129311623758255889e+00 -9.639054541931892928e-01 -8.044849444395463234e-01 -6.587095263758581121e-01 -5.271259686206389850e-01 -4.076756225897628094e-01 -2.977361710524720761e-01 -1.947349098188612682e-01 -9.625381321752565777e-02
-1.635365241046697893e-01 -3.321490409569398672e-01 -5.111968142449060393e-01 -7.061542267119895744e-01 -9.207304995873267783e-01 -1.151166383275677774e+00 -1.376963511974347520e+00 -1.556545491927533220e+00 -1.641271635865634293e+00 -1.605716258972738508e+00 -1.467070006649528136e+00 -1.272155155358441592e+00 -1.066705507351667581e+00 -8.766063297885036132e-01 -7.092054089823783825e-01 -5.626114745395612848e-01 -4.324575294120456270e-01 -3.145073687281176311e-01 -2.051412025170798459e-01 -1.012407870619996680e-01
-1.697289406976712489e-01 -3.455642966808551431e-01 -5.341836861534516867e-01 -7.429136307174543097e-01 -9.776961458660469173e-01 -1.236013936026071569e+00 -1.494692566420088964e+00 -1.703390045893808935e+00 -1.801648721730941372e+00 -1.757504034174486085e+00 -1.592493318655932910e+00 -1.364901775233553050e+00 -1.130444220957169899e+00 -9.190005299526127214e-01 -7.373148239886555544e-01 -5.813879381554777348e-01 -4.450009413671236480e-01 -3.226911884656187834e-01 -2.100815296949296029e-01 -1.035681503970657669e-01
-1.697846998015714592e-01 -3.459466647350950552e-01 -5.355067818789086553e-01 -7.462717596514789609e-01 -9.847699562895392278e-01 -1.248843409744219812e+00 -1.514720696413851542e+00 -1.729949682039125358e+00 -1.831183435856276187e+00 -1.784849997580378211e+00 -1.613555244308244374e+00 -1.378391683992459260e+00 -1.137489610366601456e+00 -9.216526578845448681e-01 -7.374218671898280508e-01 -5.802423513068679650e-01 -4.434177801868507962e-01 -3.211701132851521590e-01 -2.089252579791547604e-01 -1.029502967131255553e-01
-1.634306312846028897e-01 -3.326629452604943915e-01 -5.139525998188757550e-01 -7.139839483399246234e-01 -9.378890966060957624e-01 -1.182712180011680658e+00 -1.426380528885657029e+00 -1.622072970212947274e+00 -1.714068162089655845e+00 -1.673022232188662528e+00 -1.518731038433519975e+00 -1.304887530060141243e+00 -1.083205507296454373e+00 -8.819482702837416754e-01 -7.080618822039355109e-01 -5.583303335932791045e-01 -4.272046097257120589e-01 -3.096410565583582741e-01 -2.014987544067923242e-01 -9.930779025129367332e-02
-1.512483272224694475e-01 -3.071031855182553283e-01 -4.722916805354795966e-01 -6.513637617149891090e-01 -8.469262452122053864e-01 -1.054758098422194701e+00 -1.256222520287601174e+00 -1.415116753051828269e+00 -1.489845791573417344e+00 -1.458845376357032153e+00 -1.336738182351587145e+00 -1.163530977738013839e+00 -9.788966574364846851e-01 -8.060983002454950030e-01 -6.525752920038990768e-01 -5.174766211447511255e-01 -3.973859479272094930e-01 -2.886865163245397881e-01 -1.881206402233812081e-01 -9.278211941713637723e-02
-1.344430542119265659e-01 -2.720744977088696559e-01 -4.159025604582456959e-01 -5.682570200167569308e-01 -7.293614866485574888e-01 -8.942047158903791981e-01 -1.048326109354700275e+00 -1.166859662087162963e+00 -1.222763585941391229e+00 -1.202378454027415833e+00 -1.115063207052940042e+00 -9.867685397662547819e-01 -8.444371687018220607e-01 -7.055437258774295284e-01 -5.774443601663638015e-01 -4.614071285459394045e-01 -3.561492290226135338e-01 -2.595958233373404367e-01 -1.695150120635948998e-01 -8.370005814185561832e-02
-1.144416906635113695e-01 -2.307857410850092383e-01 -3.505909121428827935e-01 -4.745259612179870135e-01 -6.013355270545992504e-01 -7.260964342181402964e-01 -8.383500445587562799e-01 -9.223842938530403268e-01 -9.622769426559567574e-01 -9.502739263182137242e-01 -8.917877250628095664e-01 -8.020765144570672911e-01 -6.979495720151013272e-01 -5.916485963769965162e-01 -4.896791102315602440e-01 -3.944608485965119815e-01 -3.061954668121468215e-01 -2.240313101857762945e-01 -1.466434663342212341e-01 -7.250311511412746435e-02
-9.253522317987328272e-02 -1.860133050745047534e-01 -2.810085522902858179e-01 -3.772539873083802786e-01 -4.729680635957122514e-01 -5.639971639153309457e-01 -6.432006400397357604e-01 -7.011271505491512013e-01 -7.289064143076858793e-01 -7.224066301923185440e-01 -6.845979386720557613e-01 -6.239901206450364501e-01 -5.505817933940724274e-01 -4.725165989138415124e-01 -3.949592384439767900e-01 -3.205270535977736701e-01 -2.501360270912234562e-01 -1.836900494293463859e-01 -1.205244286740852350e-01 -5.966894313385100873e-02
-6.968514628842960301e-02 -1.397176400069298496e-01 -2.101380496331916037e-01 -2.803338026908558378e-01 -3.486413960101268361e-01 -4.119720975020052522e-01 -4.657185723872475647e-01 -5.043779220431269250e-01 -5.231362866972011361e-01 -5.198524362564719281e-01 -4.961269171383480003e-01 -4.565992389801639129e-01 -4.070477462607645092e-01 -3.526327862514087585e-01 -2.970594036504970448e-01 -2.425427829760050391e-01 -1.901303537926969378e-01 -1.400683289946802745e-01 -9.209527428913194536e-02 -4.564825287367813705e-02
-4.648756122940269492e-02 -9.303281953180568553e-02 -1.394844539733973154e-01 -1.852651192587444484e-01 -2.291600219668629979e-01 -2.691734516683967904e-01 -3.025861460179061768e-01 -3.263775116461051229e-01 -3.380438669817948938e-01 -3.365149248699670359e-01 -3.226244028959730503e-01 -2.988021331207986742e-01 -2.682090232304444877e-01 -2.338575747635193713e-01 -1.980916438281331016e-01 -1.624524211323168099e-01 -1.277740411857744840e-01 -9.435762714452143596e-02 -6.214011013906556302e-02 -3.082880905006164449e-02
-2.323225134073281933e-02 -4.644143274757361189e-02 -6.950064306556727467e-02 -9.207654367695373987e-02 -1.135397731370405838e-01 -1.329201398431328340e-01 -1.489608428705057330e-01 -1.603236807970774558e-01 -1.659354100042257918e-01 -1.653492862292301746e-01 -1.589245280840870800e-01 -1.477092732340956893e-01 -1.331026209396585780e-01 -1.164891412978273505e-01 -9.899547530192771838e-02 -8.140091922850656303e-02 -6.415575020049217592e-02 -4.744803046932791896e-02 -3.127875528425393820e-02 -1.552688775087803993e-02
