-3.745365159895885226e-02 -7.959089867891376568e-02 -1.317571301954936214e-01 -1.995523202068039126e-01 -2.855287781208850628e-01 -3.822802490006503850e-01 -4.672605895385676389e-01 -5.099243292223707424e-01 -4.921301905928302522e-01 -4.231408356497983747e-01 -3.319059340984062967e-01 -2.457925690514992934e-01 -1.777811408666101212e-01 -1.284415221572898502e-01 -9.334426903739073689e-02 -6.789690464419942395e-02 -4.875110716323433763e-02 -3.368194404901528327e-02 -2.119833037051439134e-02 -1.024351103030331396e-02
-7.008285246164654148e-02 -1.482568316272288023e-01 -2.435657825367302243e-01 -3.651373915319741092e-01 -5.165503996131645126e-01 -6.844926856299049511e-01 -8.306370007962736723e-01 -9.038777960450408155e-01 -8.740621918940336688e-01 -7.566094435878403246e-01 -5.998589437021105697e-01 -4.500400611543083351e-01 -3.298090773320268565e-01 -2.410191818397263430e-01 -1.767571878868226809e-01 -1.294551994573985565e-01 -9.342188587684449597e-02 -6.477807230716667308e-02 -4.086787637513599608e-02 -1.977573700749855196e-02
-9.440986687604886740e-02 -1.984455356177731444e-01 -3.226404711143645576e-01 -4.772314148743480033e-01 -6.655257721668179638e-01 -8.709152393355380495e-01 -1.047887363685249706e+00 -1.136572267024013261e+00 -1.101840996944136064e+00 -9.617070404051724086e-01 -7.727424965558571390e-01 -5.895785008456909670e-01 -4.397869858890151584e-01 -3.266397144296875887e-01 -2.427884355681581285e-01 -1.796893214953851625e-01 -1.306976293374829123e-01 -9.114018274866216018e-02 -5.771938757148557808e-02 -2.799159393420786943e-02
-1.088714162479457459e-01 -2.269505591481200957e-01 -3.639699494051000794e-01 -5.287639407222395338e-01 -7.230007219567523569e-01 -9.295015552077290355e-01 -1.104680881132099834e+00 -1.192509369598705238e+00 -1.160429878953350258e+00 -1.025219789310954255e+00 -8.397305353256672156e-01 -6.558586312709407951e-01 -5.010724751148050160e-01 -3.802054892472106484e-01 -2.875886665691605448e-01 -2.157529993245540512e-01 -1.585328419458439386e-01 -1.113651853916082513e-01 -7.087791985521701976e-02 -3.447128630091786383e-02
-1.139189035362015850e-01 -2.352029835861493279e-01 -3.711979743310490631e-01 -5.277318523791801885e-01 -7.041569720984746095e-01 -8.848925121745137012e-01 -1.034684405182089817e+00 -1.109938609755517946e+00 -1.085755806019565561e+00 -9.750853026308177185e-01 -8.189306361560717562e-01 -6.587157722782412961e-01 -5.180666699504815620e-01 -4.031461400800030459e-01 -3.111955128441949991e-01 -2.371469340267615411e-01 -1.763101340889652036e-01 -1.249094034067314840e-01 -7.995583854419391345e-02 -3.901566202686325424e-02
-1.114665642954648511e-01 -2.278880741960321865e-01 -3.537582404793809809e-01 -4.917193496813343501e-01 -6.392010901114363319e-01 -7.834421225161242175e-01 -8.994784894004800302e-01 -9.581640464162874959e-01 -9.433002817980644661e-01 -8.634574842675611928e-01 -7.459564752121836673e-01 -6.195988856032978997e-01 -5.025635432904775879e-01 -4.015670470873285991e-01 -3.166313420323085825e-01 -2.452937118637313341e-01 -1.846478357563545170e-01 -1.320061970589578304e-01 -8.502038904340143699e-02 -4.163554638563084914e-02
-1.039927010213217706e-01 -2.107008268510972837e-01 -3.221850681558832141e-01 -4.387216491208934532e-01 -5.568066980715532521e-01 -6.667693741059509405e-01 -7.524907339368652748e-01 -7.965125500446526008e-01 -7.895071407380315209e-01 -7.365663174137133673e-01 -6.540198358294407877e-01 -5.600744458649433710e-01 -4.676731050522905386e-01 -3.831605184757503335e-01 -3.083360499678504674e-01 -2.427312659079140511e-01 -1.849795625279987421e-01 -1.334470435381447939e-01 -8.648398808363752521e-02 -4.250615615712025758e-02
-9.377845154050484799e-02 -1.885786087025333735e-01 -2.847936468100386587e-01 -3.813762568672253717e-01 -4.747799323167931074e-01 -5.580526075564548050e-01 -6.212774930053324152e-01 -6.546030563251370449e-01 -6.530303363121328086e-01 -6.194350033644386855e-01 -5.630498670847610132e-01 -4.948489376486252533e-01 -4.236382879972898641e-01 -3.547784193530501007e-01 -2.907712349953126552e-01 -2.323092294865127527e-01 -1.790914744646395218e-01 -1.303184043956956972e-01 -8.496238830532781838e-02 -4.190510690398602245e-02
-8.253541277969489443e-02 -1.649963805141365647e-01 -2.468169586640118207e-01 -3.264141101144457102e-01 -4.006797412694826366e-01 -4.647542165934055447e-01 -5.125938578016341340e-01 -5.386983889887504429e-01 -5.404406072523889604e-01 -5.194519517459221802e-01 -4.809301415056918549e-01 -4.314514866900856505e-01 -3.768957734696454787e-01 -3.214619720069948894e-01 -2.676471012689127793e-01 -2.166411218475989275e-01 -1.687585404975413539e-01 -1.237727335571505577e-01 -8.114207202639446559e-02 -4.015190862840004038e-02
-7.136530031247254047e-02 -1.420448191249443215e-01 -2.110168274477690342e-01 -2.766120413169018133e-01 -3.362957160047959637e-01 -3.866930929841101428e-01 -4.240572508021947518e-01 -4.452396245150109788e-01 -4.488286821718477926e-01 -4.357864128640400736e-01 -4.091282993075358032e-01 -3.728764908217551688e-01 -3.309545026451073957e-01 -2.865090285922045621e-01 -2.417110744740453288e-01 -1.978492782502999925e-01 -1.555288336433955920e-01 -1.148719638411025284e-01 -7.568129526643678495e-02 -3.756047327983950967e-02
-6.088070480471674539e-02 -1.207991991455892311e-01 -1.785858405649471681e-01 -2.326935532967999987e-01 -2.811204397883772521e-01 -3.215022629507285901e-01 -3.514430509017920090e-01 -3.690611766382838055e-01 -3.735617754972592186e-01 -3.655382390408685178e-01 -3.468158369593641321e-01 -3.199301623072893785e-01 -2.875242138827924787e-01 -2.519057432371603067e-01 -2.148384492917872479e-01 -1.775160783141690179e-01 -1.406355828478368930e-01 -1.045050468099931185e-01 -6.915068369779940605e-02 -3.440871102243977381e-02
-5.135828387777852111e-02 -1.016852403476335293e-01 -1.498328573483508619e-01 -1.944524773169155063e-01 -2.339806719554681225e-01 -2.667323360544160971e-01 -2.911194503156055435e-01 -3.059615349623022729e-01 -3.107836411873697302e-01 -3.059644245742148549e-01 -2.926538258117936109e-01 -2.724990373444096114e-01 -2.473049685917332596e-01 -2.187509903316219306e-01 -1.882209167244311698e-01 -1.567410515133210169e-01 -1.249924337419152931e-01 -9.336199634952521698e-02 -6.200770722397368206e-02 -3.092370237487469115e-02
-4.286718521714454749e-02 -8.475061606641501322e-02 -1.246078162197668399e-01 -1.613025710674984847e-01 -1.936166000948194854e-01 -2.203251444098084100e-01 -2.403379160887020582e-01 -2.528783142820108520e-01 -2.576435646934324142e-01 -2.548797816103305358e-01 -2.453348787542177223e-01 -2.301067896560117787e-01 -2.104455627853558941e-01 -1.875723775695180839e-01 -1.625532339927972802e-01 -1.362348511008057428e-01 -1.092311450492572111e-01 -8.194283253409051504e-02 -5.459445428782371684e-02 -2.727839661955863346e-02
-3.535984076293020167e-02 -6.984224453380981357e-02 -1.025452529465392532e-01 -1.325334405570493812e-01 -1.588580290707130305e-01 -1.806136566620195061e-01 -1.970286232558068340e-01 -2.075700325285519121e-01 -2.120323713662859433e-01 -2.105761631765514230e-01 -2.036991083534101521e-01 -1.921477210281355985e-01 -1.767981756042014130e-01 -1.585397848968837786e-01 -1.381848700240679850e-01 -1.164140185067562838e-01 -9.375451481148666666e-02 -7.058375408056752343e-02 -4.714888615618469808e-02 -2.359543421840267982e-02
-2.872994051140221813e-02 -5.671329314747896450e-02 -8.319754706397236577e-02 -1.074279683079238240e-01 -1.286684712317952006e-01 -1.462428993784946063e-01 -1.595929296755356497e-01 -1.683408801369466745e-01 -1.723397789490357379e-01 -1.716934470377103339e-01 -1.667377290838902848e-01 -1.579868737048309157e-01 -1.460596849207585757e-01 -1.316037889479856060e-01 -1.152324872189465221e-01 -9.748189387497781244e-02 -7.878917684638989116e-02 -5.948880069561563594e-02 -3.982192861009886675e-02 -1.995445436134551595e-02
-2.284663880487836432e-02 -4.508345347564713529e-02 -6.610370353686072231e-02 -8.531243935613834484e-02 -1.021450308307970956e-01 -1.160965875661493646e-01 -1.267593706831965372e-01 -1.338608414799628832e-01 -1.372924826239096119e-01 -1.371201737361058270e-01 -1.335715536979886209e-01 -1.270024062844920254e-01 -1.178499664508460693e-01 -1.065832433595440970e-01 -9.365945016054605388e-02 -7.949193083759729939e-02 -6.443153198449914909e-02 -4.876036697086708060e-02 -3.269559701573968025e-02 -1.640046271249080700e-02
-1.757316581629713922e-02 -3.467019537737325158e-02 -5.082137999559382252e-02 -6.557307334388613740e-02 -7.850263833777683387e-02 -8.923908176294569061e-02 -9.748717017621189029e-02 -1.030506907306962122e-01 -1.058491951046147961e-01 -1.059232773065343219e-01 -1.034259538578027188e-01 -9.860129658550967346e-02 -9.175457450517876534e-02 -8.321982582080127144e-02 -7.333017836525448918e-02 -6.239488505421034864e-02 -5.068469022942631574e-02 -3.842556965698006727e-02 -2.579966280046563573e-02 -1.295181642142729725e-02
-1.277584387169341217e-02 -2.520279210781599041e-02 -3.693856498377835057e-02 -4.765584054867435387e-02 -5.705338359820697619e-02 -6.486995364249661944e-02 -7.089958202977489354e-02 -7.500561077674552934e-02 -7.713038484785329774e-02 -7.729783235112590301e-02 -7.560774485002062784e-02 -7.222228947307976488e-02 -6.734727107560603554e-02 -6.121135129926456170e-02 -5.404659013667800771e-02 -4.607276875697360885e-02 -3.748680142775281249e-02 -2.845758036598554364e-02 -1.912570118704464903e-02 -9.607155050143626265e-03
-8.327434427759029464e-03 -1.642658321451064690e-02 -2.407426616024209431e-02 -3.105835577877624071e-02 -3.718511760138155930e-02 -4.228779778110636905e-02 -4.623562594564338546e-02 -4.894183100028540873e-02 -5.036893045783064071e-02 -5.052996083480804784e-02 -4.948492832319650175e-02 -4.733288705861888462e-02 -4.420091142349934915e-02 -4.023175617941610049e-02 -3.557209795411402087e-02 -3.036281627674656744e-02 -2.473217890046104303e-02 -1.879227190244391402e-02 -1.263841254645713293e-02 -6.351121393776782385e-03
-4.107323203123592996e-03 -8.101869150831934874e-03 -1.187358349774410467e-02 -1.531822147281174627e-02 -1.834096008362733066e-02 -2.086051632833796007e-02 -2.281332712379005243e-02 -2.415717732983112265e-02 -2.487356722935353190e-02 -2.496816521861051213e-02 -2.446913384528832253e-02 -2.342344262122565690e-02 -2.189175654687395070e-02 -1.994268799359292729e-02 -1.764724920451430853e-02 -1.507422425727259624e-02 -1.228683148831624661e-02 -9.340916009293931399e-03 -6.284563836127968900e-03 -3.158920387415752214e-03
